1 0.4075520833333333 0.0859375 0.0625 0.0859375
1 0.8255208333333334 0.9231770833333334 0.015625 0.026041666666666668
1 0.6041666666666666 0.91015625 0.0234375 0.020833333333333332
1 0.4075520833333333 0.15104166666666666 0.018229166666666668 0.018229166666666668
1 0.35546875 0.08854166666666667 0.0234375 0.028645833333333332
1 0.6223958333333334 0.8372395833333334 0.018229166666666668 0.015625
1 0.546875 0.4895833333333333 0.03125 0.03125
1 0.9088541666666666 0.26171875 0.015625 0.03125
1 0.7096354166666666 0.6393229166666666 0.026041666666666668 0.033854166666666664
1 0.11197916666666667 0.625 0.0234375 0.0234375
1 0.08984375 0.3125 0.057291666666666664 0.057291666666666664
1 0.5559895833333334 0.7708333333333334 0.03125 0.036458333333333336
1 0.06770833333333333 0.6796875 0.036458333333333336 0.041666666666666664
1 0.7708333333333334 0.9153645833333334 0.0390625 0.041666666666666664
1 0.6184895833333334 0.9036458333333334 0.018229166666666668 0.026041666666666668
1 0.8385416666666666 0.8658854166666666 0.018229166666666668 0.026041666666666668
1 0.07421875 0.7200520833333334 0.0390625 0.041666666666666664
1 0.65234375 0.6393229166666666 0.026041666666666668 0.03125
1 0.6614583333333334 0.3424479166666667 0.057291666666666664 0.0546875
1 0.07421875 0.7473958333333334 0.028645833333333332 0.0390625
1 0.1875 0.8567708333333334 0.046875 0.046875
1 0.5638020833333334 0.9947916666666666 0.018229166666666668 0.010416666666666666
1 0.7408854166666666 0.9283854166666666 0.026041666666666668 0.026041666666666668
1 0.71484375 0.5572916666666666 0.041666666666666664 0.041666666666666664
1 0.6640625 0.2981770833333333 0.015625 0.018229166666666668
1 0.51953125 0.5455729166666666 0.06510416666666667 0.07552083333333333
1 0.5794270833333334 0.99609375 0.018229166666666668 0.0078125
1 0.3997395833333333 0.6588541666666666 0.0390625 0.052083333333333336
1 0.29296875 0.7864583333333334 0.026041666666666668 0.028645833333333332
1 0.5859375 0.390625 0.018229166666666668 0.026041666666666668
1 0.20833333333333334 0.22395833333333334 0.028645833333333332 0.0234375
1 0.48828125 0.4466145833333333 0.015625 0.020833333333333332