1 0.5169270833333334 0.46484375 0.036458333333333336 0.0546875
1 0.8203125 0.013020833333333334 0.046875 0.026041666666666668
1 0.24348958333333334 0.6197916666666666 0.026041666666666668 0.028645833333333332
1 0.5143229166666666 0.515625 0.03125 0.049479166666666664
1 0.21614583333333334 0.4127604166666667 0.052083333333333336 0.046875
1 0.39453125 0.5494791666666666 0.033854166666666664 0.033854166666666664
1 0.33203125 0.5364583333333334 0.049479166666666664 0.0625
1 0.45703125 0.4739583333333333 0.044270833333333336 0.041666666666666664
1 0.8294270833333334 0.6901041666666666 0.0390625 0.0625
1 0.4075520833333333 0.8333333333333334 0.0390625 0.028645833333333332
1 0.4908854166666667 0.625 0.033854166666666664 0.0546875
1 0.73046875 0.8606770833333334 0.041666666666666664 0.041666666666666664
1 0.42578125 0.8567708333333334 0.049479166666666664 0.0546875
1 0.5130208333333334 0.6536458333333334 0.03125 0.049479166666666664
1 0.8151041666666666 0.5169270833333334 0.0546875 0.046875
1 0.5377604166666666 0.6953125 0.033854166666666664 0.041666666666666664
1 0.5598958333333334 0.6015625 0.033854166666666664 0.041666666666666664
1 0.53125 0.640625 0.0390625 0.052083333333333336
1 0.65625 0.8359375 0.052083333333333336 0.046875
1 0.59375 0.6223958333333334 0.046875 0.0625
1 0.60546875 0.6979166666666666 0.049479166666666664 0.0390625
1 0.7356770833333334 0.65625 0.044270833333333336 0.052083333333333336
1 0.859375 0.5104166666666666 0.049479166666666664 0.033854166666666664
1 0.33984375 0.4674479166666667 0.0390625 0.036458333333333336
1 0.53515625 0.4401041666666667 0.0390625 0.057291666666666664
1 0.6575520833333334 0.4778645833333333 0.036458333333333336 0.049479166666666664
1 0.6575520833333334 0.3854166666666667 0.06510416666666667 0.049479166666666664
1 0.6484375 0.8203125 0.036458333333333336 0.03125
1 0.4609375 0.6614583333333334 0.03125 0.049479166666666664
1 0.7213541666666666 0.765625 0.049479166666666664 0.052083333333333336
1 0.73828125 0.82421875 0.033854166666666664 0.026041666666666668
1 0.75390625 0.26953125 0.046875 0.057291666666666664
1 0.6263020833333334 0.7122395833333334 0.03125 0.044270833333333336
1 0.6614583333333334 0.5833333333333334 0.052083333333333336 0.041666666666666664
1 0.8450520833333334 0.18880208333333334 0.0390625 0.028645833333333332
1 0.5338541666666666 0.57421875 0.041666666666666664 0.0546875
1 0.5559895833333334 0.5533854166666666 0.044270833333333336 0.052083333333333336
1 0.7213541666666666 0.8411458333333334 0.0390625 0.028645833333333332
1 0.5455729166666666 0.53125 0.036458333333333336 0.052083333333333336
1 0.4244791666666667 0.5651041666666666 0.0390625 0.046875
1 0.4752604166666667 0.47265625 0.0390625 0.0234375
1 0.53125 0.296875 0.041666666666666664 0.057291666666666664
1 0.47265625 0.5768229166666666 0.046875 0.044270833333333336
1 0.828125 0.06901041666666667 0.036458333333333336 0.041666666666666664
1 0.4127604166666667 0.5091145833333334 0.0390625 0.052083333333333336
1 0.7200520833333334 0.33984375 0.036458333333333336 0.052083333333333336
1 0.4752604166666667 0.3971354166666667 0.033854166666666664 0.041666666666666664
1 0.6380208333333334 0.49609375 0.041666666666666664 0.033854166666666664
1 0.5 0.5260416666666666 0.036458333333333336 0.059895833333333336
1 0.5182291666666666 0.6783854166666666 0.044270833333333336 0.036458333333333336
1 0.4270833333333333 0.6614583333333334 0.06510416666666667 0.052083333333333336
1 0.6770833333333334 0.8177083333333334 0.026041666666666668 0.036458333333333336
1 0.6458333333333334 0.6783854166666666 0.041666666666666664 0.036458333333333336
1 0.5377604166666666 0.6223958333333334 0.046875 0.0625
1 0.7005208333333334 0.6041666666666666 0.044270833333333336 0.049479166666666664
1 0.5768229166666666 0.5104166666666666 0.036458333333333336 0.049479166666666664
1 0.51171875 0.5846354166666666 0.033854166666666664 0.033854166666666664
1 0.7278645833333334 0.5755208333333334 0.044270833333333336 0.03125
1 0.66796875 0.65234375 0.028645833333333332 0.026041666666666668
1 0.28125 0.6015625 0.041666666666666664 0.044270833333333336
1 0.6223958333333334 0.4453125 0.0390625 0.057291666666666664
1 0.6783854166666666 0.19921875 0.046875 0.041666666666666664
1 0.5260416666666666 0.7213541666666666 0.046875 0.0546875
1 0.5442708333333334 0.97265625 0.03125 0.049479166666666664
1 0.6276041666666666 0.4752604166666667 0.041666666666666664 0.033854166666666664
1 0.4453125 0.44140625 0.041666666666666664 0.046875
1 0.5703125 0.9322916666666666 0.044270833333333336 0.033854166666666664
1 0.6744791666666666 0.484375 0.033854166666666664 0.052083333333333336
1 0.8255208333333334 0.22916666666666666 0.046875 0.046875
1 0.7408854166666666 0.3151041666666667 0.044270833333333336 0.041666666666666664
1 0.7447916666666666 0.7044270833333334 0.033854166666666664 0.049479166666666664
1 0.79296875 0.5416666666666666 0.046875 0.0625
1 0.6328125 0.67578125 0.033854166666666664 0.052083333333333336
1 0.4817708333333333 0.56640625 0.041666666666666664 0.0390625
1 0.7942708333333334 0.4713541666666667 0.036458333333333336 0.0625
1 0.4153645833333333 0.3190104166666667 0.052083333333333336 0.049479166666666664
1 0.4127604166666667 0.4765625 0.036458333333333336 0.026041666666666668
1 0.41796875 0.64453125 0.0390625 0.028645833333333332
1 0.1171875 0.3567708333333333 0.044270833333333336 0.052083333333333336
1 0.4348958333333333 0.6861979166666666 0.0390625 0.026041666666666668
1 0.7604166666666666 0.7578125 0.0390625 0.0546875
1 0.4739583333333333 0.63671875 0.0390625 0.0546875
1 0.2721354166666667 0.3385416666666667 0.044270833333333336 0.059895833333333336
1 0.3723958333333333 0.5182291666666666 0.033854166666666664 0.049479166666666664
1 0.7916666666666666 0.3111979166666667 0.052083333333333336 0.0546875
1 0.8385416666666666 0.07942708333333333 0.041666666666666664 0.0390625
1 0.16015625 0.5481770833333334 0.046875 0.0546875
1 0.421875 0.34375 0.0390625 0.036458333333333336
1 0.8216145833333334 0.89453125 0.041666666666666664 0.044270833333333336
1 0.5611979166666666 0.19010416666666666 0.0390625 0.036458333333333336
1 0.4908854166666667 0.73828125 0.041666666666666664 0.033854166666666664
1 0.4557291666666667 0.6223958333333334 0.036458333333333336 0.036458333333333336
1 0.84375 0.5794270833333334 0.049479166666666664 0.0390625
1 0.7760416666666666 0.4583333333333333 0.03125 0.0546875
1 0.5924479166666666 0.5455729166666666 0.041666666666666664 0.057291666666666664
1 0.64453125 0.4309895833333333 0.044270833333333336 0.0390625
1 0.8072916666666666 0.7096354166666666 0.046875 0.0390625
1 0.70703125 0.4322916666666667 0.046875 0.0390625
1 0.6263020833333334 0.3802083333333333 0.041666666666666664 0.049479166666666664
1 0.48046875 0.6875 0.046875 0.044270833333333336
1 0.42578125 0.3854166666666667 0.033854166666666664 0.059895833333333336
1 0.7578125 0.8098958333333334 0.041666666666666664 0.041666666666666664
1 0.7356770833333334 0.4192708333333333 0.036458333333333336 0.0390625
1 0.38671875 0.3424479166666667 0.0390625 0.06770833333333333
1 0.6028645833333334 0.25390625 0.049479166666666664 0.046875
1 0.3880208333333333 0.6861979166666666 0.049479166666666664 0.049479166666666664
1 0.4700520833333333 0.6028645833333334 0.0390625 0.028645833333333332
1 0.6614583333333334 0.75 0.057291666666666664 0.052083333333333336
1 0.60546875 0.58203125 0.046875 0.041666666666666664
1 0.8333333333333334 0.54296875 0.041666666666666664 0.0546875
1 0.5299479166666666 0.5572916666666666 0.03125 0.046875
1 0.5533854166666666 0.671875 0.044270833333333336 0.046875
1 0.625 0.5729166666666666 0.03125 0.057291666666666664
1 0.6432291666666666 0.7135416666666666 0.049479166666666664 0.049479166666666664
1 0.7734375 0.18229166666666666 0.049479166666666664 0.0625
1 0.6783854166666666 0.17708333333333334 0.046875 0.044270833333333336
1 0.2526041666666667 0.59765625 0.0234375 0.049479166666666664
1 0.59375 0.4153645833333333 0.036458333333333336 0.0625
1 0.5052083333333334 0.4348958333333333 0.044270833333333336 0.046875
1 0.46484375 0.5390625 0.046875 0.059895833333333336
1 0.421875 0.7447916666666666 0.03125 0.041666666666666664
1 0.5013020833333334 0.6953125 0.0390625 0.059895833333333336
1 0.3723958333333333 0.4739583333333333 0.036458333333333336 0.0546875
1 0.5807291666666666 0.5651041666666666 0.0390625 0.028645833333333332
1 0.7565104166666666 0.6966145833333334 0.033854166666666664 0.046875
1 0.8177083333333334 0.4427083333333333 0.049479166666666664 0.036458333333333336
1 0.8580729166666666 0.5455729166666666 0.041666666666666664 0.028645833333333332
1 0.1875 0.28125 0.0390625 0.059895833333333336
1 0.3880208333333333 0.4283854166666667 0.044270833333333336 0.044270833333333336
1 0.828125 0.033854166666666664 0.0390625 0.033854166666666664
1 0.74609375 0.76171875 0.0390625 0.052083333333333336
1 0.56640625 0.2265625 0.041666666666666664 0.044270833333333336
1 0.5989583333333334 0.78515625 0.046875 0.057291666666666664
1 0.91796875 0.71484375 0.041666666666666664 0.0546875
1 0.6263020833333334 0.5234375 0.044270833333333336 0.059895833333333336
1 0.7669270833333334 0.7239583333333334 0.033854166666666664 0.03125
1 0.7057291666666666 0.65234375 0.041666666666666664 0.0546875
1 0.5703125 0.64453125 0.049479166666666664 0.041666666666666664
1 0.6731770833333334 0.6627604166666666 0.028645833333333332 0.03125
1 0.6419270833333334 0.5533854166666666 0.044270833333333336 0.049479166666666664
1 0.8255208333333334 0.6223958333333334 0.0390625 0.07291666666666667
1 0.7005208333333334 0.9348958333333334 0.020833333333333332 0.026041666666666668
1 0.7916666666666666 0.87109375 0.03125 0.028645833333333332
1 0.36328125 0.5559895833333334 0.052083333333333336 0.049479166666666664