1 0.2513020833333333 0.18229166666666666 0.06510416666666667 0.10677083333333333
1 0.1953125 0.4088541666666667 0.0546875 0.09375
1 0.43359375 0.12239583333333333 0.06770833333333333 0.11458333333333333
1 0.2799479166666667 0.453125 0.059895833333333336 0.1015625
1 0.42578125 0.3268229166666667 0.0625 0.08072916666666667
1 0.52734375 0.3294270833333333 0.0546875 0.078125
1 0.26171875 0.7513020833333334 0.0625 0.11197916666666667
1 0.6575520833333334 0.18359375 0.059895833333333336 0.078125
1 0.7109375 0.22526041666666666 0.0625 0.049479166666666664
1 0.6484375 0.2669270833333333 0.059895833333333336 0.09895833333333333
1 0.75390625 0.3151041666666667 0.0546875 0.1015625
1 0.7083333333333334 0.296875 0.06510416666666667 0.057291666666666664
1 0.703125 0.4830729166666667 0.06510416666666667 0.07291666666666667
1 0.62890625 0.6966145833333334 0.07552083333333333 0.07291666666666667
1 0.20833333333333334 0.10677083333333333 0.059895833333333336 0.0703125
1 0.2994791666666667 0.3190104166666667 0.057291666666666664 0.059895833333333336
1 0.12890625 0.6458333333333334 0.052083333333333336 0.06510416666666667
1 0.16145833333333334 0.6705729166666666 0.0546875 0.09114583333333333
1 0.45703125 0.12369791666666667 0.059895833333333336 0.12239583333333333
1 0.43359375 0.18619791666666666 0.049479166666666664 0.06770833333333333
1 0.4830729166666667 0.14453125 0.0546875 0.09375
1 0.37890625 0.4466145833333333 0.07552083333333333 0.09895833333333333
1 0.3515625 0.40625 0.049479166666666664 0.052083333333333336
1 0.5182291666666666 0.3697916666666667 0.0625 0.049479166666666664
1 0.4557291666666667 0.3645833333333333 0.06510416666666667 0.09635416666666667
1 0.2890625 0.8268229166666666 0.06510416666666667 0.09114583333333333
1 0.4947916666666667 0.4427083333333333 0.052083333333333336 0.059895833333333336
1 0.54296875 0.4140625 0.06770833333333333 0.07291666666666667
1 0.6705729166666666 0.28515625 0.06510416666666667 0.09895833333333333
1 0.23307291666666666 0.15885416666666666 0.059895833333333336 0.0703125
1 0.2604166666666667 0.09375 0.057291666666666664 0.0546875
1 0.2721354166666667 0.11979166666666667 0.06770833333333333 0.06770833333333333
1 0.20572916666666666 0.4674479166666667 0.06510416666666667 0.07552083333333333
1 0.3971354166666667 0.09765625 0.052083333333333336 0.09635416666666667
1 0.5481770833333334 0.13802083333333334 0.052083333333333336 0.0546875
1 0.19140625 0.7369791666666666 0.06510416666666667 0.06770833333333333
1 0.41015625 0.6575520833333334 0.0546875 0.08333333333333333
1 0.6184895833333334 0.3802083333333333 0.059895833333333336 0.0703125
1 0.640625 0.3216145833333333 0.0625 0.06770833333333333
1 0.7135416666666666 0.34765625 0.052083333333333336 0.09114583333333333
1 0.6549479166666666 0.4596354166666667 0.059895833333333336 0.10416666666666667
1 0.5638020833333334 0.85546875 0.059895833333333336 0.09635416666666667
1 0.3255208333333333 0.10807291666666667 0.0546875 0.09114583333333333
1 0.22916666666666666 0.3984375 0.08072916666666667 0.1015625
1 0.3815104166666667 0.3580729166666667 0.059895833333333336 0.0859375
1 0.3671875 0.59375 0.06510416666666667 0.0859375
1 0.3515625 0.65234375 0.06770833333333333 0.059895833333333336
1 0.2747395833333333 0.7708333333333334 0.0625 0.10677083333333333
1 0.2877604166666667 0.8763020833333334 0.0546875 0.07552083333333333
1 0.4114583333333333 0.7356770833333334 0.057291666666666664 0.0703125
1 0.46875 0.6861979166666666 0.06510416666666667 0.09895833333333333
1 0.5533854166666666 0.5221354166666666 0.06770833333333333 0.08333333333333333
1 0.6640625 0.6106770833333334 0.0546875 0.09635416666666667
1 0.6471354166666666 0.7421875 0.06770833333333333 0.09375
1 0.5338541666666666 0.57421875 0.052083333333333336 0.07291666666666667
1 0.48046875 0.7708333333333334 0.036458333333333336 0.0625
1 0.33984375 0.2825520833333333 0.0703125 0.08333333333333333
1 0.44921875 0.052083333333333336 0.06510416666666667 0.10416666666666667
1 0.41015625 0.13932291666666666 0.06770833333333333 0.09635416666666667
1 0.3919270833333333 0.3046875 0.0625 0.0625
1 0.4166666666666667 0.8658854166666666 0.06770833333333333 0.0625
1 0.5520833333333334 0.4921875 0.0625 0.0625
1 0.4869791666666667 0.5729166666666666 0.0546875 0.057291666666666664
1 0.6315104166666666 0.65234375 0.06510416666666667 0.08854166666666667
1 0.5091145833333334 0.89453125 0.0625 0.09635416666666667
1 0.16015625 0.296875 0.041666666666666664 0.0546875
1 0.20442708333333334 0.6171875 0.0625 0.09635416666666667
1 0.2604166666666667 0.4934895833333333 0.07291666666666667 0.08854166666666667
1 0.5208333333333334 0.2109375 0.0703125 0.057291666666666664
1 0.24479166666666666 0.625 0.052083333333333336 0.09375
1 0.3697916666666667 0.7330729166666666 0.059895833333333336 0.09895833333333333
1 0.5026041666666666 0.51171875 0.059895833333333336 0.08072916666666667
1 0.72265625 0.4231770833333333 0.06510416666666667 0.078125
1 0.6614583333333334 0.5533854166666666 0.06510416666666667 0.0859375
1 0.59765625 0.72265625 0.06510416666666667 0.08072916666666667
1 0.4752604166666667 0.9114583333333334 0.049479166666666664 0.09114583333333333
1 0.38671875 0.05859375 0.0546875 0.06510416666666667
1 0.3359375 0.23046875 0.057291666666666664 0.0625
1 0.3359375 0.36328125 0.0546875 0.1015625
1 0.3841145833333333 0.21614583333333334 0.06510416666666667 0.0703125
1 0.51171875 0.11067708333333333 0.0546875 0.078125
1 0.4635416666666667 0.2265625 0.057291666666666664 0.059895833333333336
1 0.5807291666666666 0.16015625 0.0625 0.0703125
1 0.4908854166666667 0.20442708333333334 0.0703125 0.11197916666666667
1 0.4375 0.80859375 0.057291666666666664 0.1015625
1 0.7369791666666666 0.3151041666666667 0.0625 0.10416666666666667
1 0.6041666666666666 0.7721354166666666 0.0625 0.09635416666666667
1 0.25390625 0.06380208333333333 0.052083333333333336 0.06510416666666667
1 0.14453125 0.6627604166666666 0.044270833333333336 0.0859375
1 0.18098958333333334 0.6184895833333334 0.06770833333333333 0.09375
1 0.3997395833333333 0.25 0.059895833333333336 0.07552083333333333
1 0.5950520833333334 0.1953125 0.06770833333333333 0.059895833333333336
1 0.2890625 0.66796875 0.06510416666666667 0.09375
1 0.2942708333333333 0.5559895833333334 0.06770833333333333 0.11458333333333333
1 0.3515625 0.8098958333333334 0.052083333333333336 0.052083333333333336
1 0.4361979166666667 0.6940104166666666 0.052083333333333336 0.049479166666666664
1 0.4322916666666667 0.7825520833333334 0.059895833333333336 0.08854166666666667
1 0.6666666666666666 0.4895833333333333 0.059895833333333336 0.12239583333333333