1 0.484375 0.5924479166666666 0.036458333333333336 0.0390625
1 0.4661458333333333 0.5729166666666666 0.0390625 0.03125
1 0.47265625 0.6302083333333334 0.028645833333333332 0.03125
1 0.609375 0.7200520833333334 0.046875 0.059895833333333336
1 0.53515625 0.64453125 0.044270833333333336 0.033854166666666664
1 0.5729166666666666 0.6549479166666666 0.044270833333333336 0.03125
1 0.60546875 0.5494791666666666 0.049479166666666664 0.044270833333333336
1 0.5078125 0.5572916666666666 0.049479166666666664 0.044270833333333336
1 0.4934895833333333 0.5104166666666666 0.026041666666666668 0.036458333333333336
1 0.4127604166666667 0.4518229166666667 0.046875 0.049479166666666664
1 0.3984375 0.4817708333333333 0.0390625 0.0546875
1 0.3619791666666667 0.4752604166666667 0.03125 0.052083333333333336
1 0.3984375 0.3893229166666667 0.033854166666666664 0.06510416666666667
1 0.3645833333333333 0.3841145833333333 0.033854166666666664 0.052083333333333336
1 0.3229166666666667 0.3515625 0.046875 0.057291666666666664
1 0.3684895833333333 0.328125 0.036458333333333336 0.028645833333333332
1 0.3515625 0.3502604166666667 0.041666666666666664 0.03125
1 0.4674479166666667 0.4986979166666667 0.049479166666666664 0.046875
1 0.4622395833333333 0.5911458333333334 0.044270833333333336 0.033854166666666664
1 0.48828125 0.6184895833333334 0.052083333333333336 0.036458333333333336
1 0.6236979166666666 0.6927083333333334 0.0390625 0.059895833333333336
1 0.53515625 0.6041666666666666 0.033854166666666664 0.028645833333333332
1 0.61328125 0.57421875 0.052083333333333336 0.033854166666666664
1 0.5638020833333334 0.59375 0.041666666666666664 0.033854166666666664
1 0.58203125 0.5403645833333334 0.052083333333333336 0.06510416666666667
1 0.5377604166666666 0.5260416666666666 0.046875 0.033854166666666664
1 0.484375 0.4283854166666667 0.049479166666666664 0.041666666666666664
1 0.4361979166666667 0.484375 0.046875 0.046875
1 0.3841145833333333 0.51171875 0.046875 0.041666666666666664
1 0.4453125 0.5390625 0.049479166666666664 0.0390625
1 0.4309895833333333 0.5794270833333334 0.0234375 0.026041666666666668
1 0.4518229166666667 0.60546875 0.0390625 0.03125
1 0.5846354166666666 0.71875 0.046875 0.059895833333333336
1 0.6015625 0.6901041666666666 0.020833333333333332 0.033854166666666664
1 0.5286458333333334 0.62109375 0.046875 0.0390625
1 0.60546875 0.66796875 0.0390625 0.028645833333333332
1 0.6328125 0.6536458333333334 0.059895833333333336 0.044270833333333336
1 0.59375 0.609375 0.044270833333333336 0.057291666666666664
1 0.5078125 0.53515625 0.041666666666666664 0.044270833333333336
1 0.4361979166666667 0.4505208333333333 0.041666666666666664 0.041666666666666664
1 0.4192708333333333 0.49609375 0.036458333333333336 0.036458333333333336
1 0.39453125 0.49609375 0.044270833333333336 0.03125
1 0.3854166666666667 0.4309895833333333 0.041666666666666664 0.049479166666666664
1 0.47265625 0.5299479166666666 0.046875 0.049479166666666664
1 0.4127604166666667 0.5716145833333334 0.0390625 0.046875
1 0.59765625 0.6393229166666666 0.018229166666666668 0.03125
1 0.5651041666666666 0.5390625 0.044270833333333336 0.0546875
1 0.5390625 0.5091145833333334 0.020833333333333332 0.033854166666666664
1 0.3880208333333333 0.3580729166666667 0.046875 0.044270833333333336
1 0.33203125 0.3098958333333333 0.03125 0.052083333333333336
1 0.4049479166666667 0.5286458333333334 0.033854166666666664 0.046875
1 0.6067708333333334 0.7604166666666666 0.03125 0.03125
1 0.5260416666666666 0.6822916666666666 0.046875 0.041666666666666664
1 0.5846354166666666 0.6002604166666666 0.0390625 0.052083333333333336
1 0.5651041666666666 0.6106770833333334 0.044270833333333336 0.03125
1 0.55859375 0.5716145833333334 0.049479166666666664 0.033854166666666664
1 0.53515625 0.58203125 0.044270833333333336 0.033854166666666664
1 0.5364583333333334 0.5638020833333334 0.03125 0.026041666666666668
1 0.44921875 0.4348958333333333 0.046875 0.033854166666666664
1 0.4739583333333333 0.4596354166666667 0.036458333333333336 0.028645833333333332
1 0.4166666666666667 0.3841145833333333 0.033854166666666664 0.0546875
1 0.3997395833333333 0.3489583333333333 0.044270833333333336 0.0546875
1 0.3567708333333333 0.3125 0.0390625 0.036458333333333336
1 0.4244791666666667 0.55859375 0.03125 0.03125
1 0.5052083333333334 0.5950520833333334 0.046875 0.0546875
1 0.5520833333333334 0.76171875 0.0390625 0.057291666666666664
1 0.57421875 0.6354166666666666 0.026041666666666668 0.0234375
1 0.4921875 0.4791666666666667 0.046875 0.033854166666666664
1 0.4583333333333333 0.4622395833333333 0.041666666666666664 0.041666666666666664
1 0.44921875 0.4752604166666667 0.041666666666666664 0.0390625
1 0.3802083333333333 0.4713541666666667 0.041666666666666664 0.046875
1 0.3515625 0.3841145833333333 0.033854166666666664 0.049479166666666664
1 0.4674479166666667 0.5169270833333334 0.036458333333333336 0.03125
1 0.4427083333333333 0.56640625 0.028645833333333332 0.0234375
1 0.59375 0.7643229166666666 0.041666666666666664 0.036458333333333336
1 0.5859375 0.6783854166666666 0.041666666666666664 0.033854166666666664
1 0.5677083333333334 0.7096354166666666 0.049479166666666664 0.059895833333333336
1 0.5598958333333334 0.6783854166666666 0.03125 0.046875
1 0.6380208333333334 0.62109375 0.0546875 0.044270833333333336
1 0.6106770833333334 0.6236979166666666 0.046875 0.049479166666666664
1 0.6145833333333334 0.59765625 0.0546875 0.0390625
1 0.56640625 0.5052083333333334 0.049479166666666664 0.046875
1 0.5403645833333334 0.5403645833333334 0.036458333333333336 0.033854166666666664
1 0.5364583333333334 0.5494791666666666 0.046875 0.033854166666666664
1 0.5169270833333334 0.5078125 0.041666666666666664 0.033854166666666664
1 0.49609375 0.4583333333333333 0.052083333333333336 0.036458333333333336
1 0.3567708333333333 0.4427083333333333 0.041666666666666664 0.057291666666666664
1 0.4231770833333333 0.4166666666666667 0.049479166666666664 0.046875
1 0.3580729166666667 0.2734375 0.0390625 0.0546875
1 0.4375 0.55078125 0.041666666666666664 0.033854166666666664
1 0.48046875 0.55859375 0.041666666666666664 0.041666666666666664
1 0.50390625 0.6510416666666666 0.041666666666666664 0.0703125
1 0.5833333333333334 0.7734375 0.046875 0.033854166666666664
1 0.5377604166666666 0.671875 0.049479166666666664 0.052083333333333336
1 0.59765625 0.5247395833333334 0.041666666666666664 0.0390625
1 0.5364583333333334 0.4401041666666667 0.046875 0.0625
1 0.3802083333333333 0.37890625 0.036458333333333336 0.0390625
1 0.3763020833333333 0.3059895833333333 0.036458333333333336 0.033854166666666664