1 0.6002604166666666 0.4192708333333333 0.0234375 0.046875
1 0.5963541666666666 0.4622395833333333 0.018229166666666668 0.046875
1 0.58984375 0.3528645833333333 0.03125 0.059895833333333336
1 0.5833333333333334 0.4348958333333333 0.03125 0.0390625
1 0.54296875 0.4440104166666667 0.041666666666666664 0.036458333333333336
1 0.6158854166666666 0.4830729166666667 0.049479166666666664 0.059895833333333336
1 0.6197916666666666 0.4322916666666667 0.033854166666666664 0.046875
1 0.5651041666666666 0.4557291666666667 0.028645833333333332 0.052083333333333336
1 0.53515625 0.5169270833333334 0.044270833333333336 0.028645833333333332
1 0.5390625 0.5013020833333334 0.046875 0.028645833333333332
1 0.5091145833333334 0.5846354166666666 0.046875 0.046875
1 0.6171875 0.3515625 0.03125 0.059895833333333336
1 0.6354166666666666 0.4036458333333333 0.041666666666666664 0.052083333333333336
1 0.5559895833333334 0.4908854166666667 0.041666666666666664 0.026041666666666668
1 0.60546875 0.3515625 0.028645833333333332 0.0625
1 0.5494791666666666 0.4114583333333333 0.044270833333333336 0.049479166666666664
1 0.5846354166666666 0.4140625 0.033854166666666664 0.0390625
1 0.4778645833333333 0.6236979166666666 0.046875 0.06770833333333333
1 0.5690104166666666 0.51953125 0.033854166666666664 0.049479166666666664
1 0.5703125 0.41015625 0.033854166666666664 0.041666666666666664
1 0.5104166666666666 0.4986979166666667 0.028645833333333332 0.052083333333333336