0 0.5026041666666666 0.4739583333333333 0.1015625 0.0859375
0 0.8606770833333334 0.4908854166666667 0.10677083333333333 0.11197916666666667
0 0.39453125 0.6080729166666666 0.0703125 0.13541666666666666
0 0.7825520833333334 0.328125 0.09635416666666667 0.12760416666666666
0 0.7356770833333334 0.5703125 0.10677083333333333 0.10677083333333333
0 0.46875 0.7057291666666666 0.0859375 0.10677083333333333
0 0.4583333333333333 0.3294270833333333 0.06510416666666667 0.15364583333333334
0 0.4049479166666667 0.39453125 0.11197916666666667 0.11979166666666667
0 0.5963541666666666 0.50390625 0.052083333333333336 0.15364583333333334
0 0.62109375 0.4700520833333333 0.08072916666666667 0.14322916666666666
0 0.5104166666666666 0.3346354166666667 0.06770833333333333 0.12760416666666666
0 0.6263020833333334 0.6119791666666666 0.0859375 0.13020833333333334
0 0.484375 0.5846354166666666 0.10416666666666667 0.140625
0 0.5520833333333334 0.4244791666666667 0.11197916666666667 0.08854166666666667
0 0.2838541666666667 0.46484375 0.11979166666666667 0.1484375