1 0.3502604166666667 0.8971354166666666 0.0546875 0.08072916666666667
1 0.8815104166666666 0.12630208333333334 0.013020833333333334 0.0234375
1 0.66015625 0.10807291666666667 0.020833333333333332 0.018229166666666668
1 0.3606770833333333 0.83203125 0.015625 0.015625
1 0.2994791666666667 0.8880208333333334 0.020833333333333332 0.026041666666666668
1 0.66796875 0.18359375 0.018229166666666668 0.015625
1 0.5442708333333334 0.5169270833333334 0.028645833333333332 0.028645833333333332
1 0.8723958333333334 0.79296875 0.013020833333333334 0.03125
1 0.7265625 0.390625 0.0234375 0.033854166666666664
1 0.1328125 0.3216145833333333 0.0234375 0.020833333333333332
1 0.06770833333333333 0.62890625 0.052083333333333336 0.052083333333333336
1 0.59375 0.23958333333333334 0.028645833333333332 0.033854166666666664
1 0.09765625 0.26171875 0.033854166666666664 0.036458333333333336
1 0.8255208333333334 0.12630208333333334 0.033854166666666664 0.0390625
1 0.6731770833333334 0.11588541666666667 0.015625 0.0234375
1 0.8854166666666666 0.18489583333333334 0.015625 0.0234375
1 0.10807291666666667 0.22265625 0.033854166666666664 0.036458333333333336
1 0.6705729166666666 0.3828125 0.0234375 0.028645833333333332
1 0.6380208333333334 0.6783854166666666 0.052083333333333336 0.049479166666666664
1 0.11197916666666667 0.1953125 0.0234375 0.0390625
1 0.24088541666666666 0.10286458333333333 0.041666666666666664 0.044270833333333336
1 0.6328125 0.016927083333333332 0.018229166666666668 0.015625
1 0.7981770833333334 0.109375 0.0234375 0.0234375
1 0.7213541666666666 0.47265625 0.036458333333333336 0.036458333333333336
1 0.6341145833333334 0.72265625 0.015625 0.018229166666666668
1 0.5260416666666666 0.45703125 0.057291666666666664 0.0703125
1 0.6484375 0.010416666666666666 0.015625 0.020833333333333332
1 0.421875 0.3294270833333333 0.033854166666666664 0.046875
1 0.3359375 0.1875 0.020833333333333332 0.028645833333333332
1 0.5690104166666666 0.62109375 0.013020833333333334 0.026041666666666668
1 0.17317708333333334 0.7330729166666666 0.028645833333333332 0.020833333333333332
1 0.48046875 0.55078125 0.013020833333333334 0.020833333333333332