0 0.5091145833333334 0.5247395833333334 0.1171875 0.10677083333333333
0 0.8528645833333334 0.421875 0.13020833333333334 0.1328125
0 0.37109375 0.421875 0.09895833333333333 0.14583333333333334
0 0.81640625 0.5989583333333334 0.125 0.14583333333333334
0 0.7122395833333334 0.375 0.12760416666666666 0.12760416666666666
0 0.4205729166666667 0.30859375 0.10677083333333333 0.12239583333333333
0 0.5013020833333334 0.6744791666666666 0.09895833333333333 0.1640625
0 0.43359375 0.625 0.13541666666666666 0.140625
0 0.5924479166666666 0.47265625 0.0859375 0.16145833333333334
0 0.625 0.5 0.11197916666666667 0.15625
0 0.55078125 0.6575520833333334 0.09635416666666667 0.140625
0 0.5950520833333334 0.3606770833333333 0.11458333333333333 0.14583333333333334
0 0.46484375 0.421875 0.1328125 0.15885416666666666
0 0.5690104166666666 0.5611979166666666 0.12760416666666666 0.11197916666666667
0 0.2994791666666667 0.5859375 0.15104166666666666 0.171875