1 0.6940104166666666 0.13541666666666666 0.049479166666666664 0.10416666666666667
1 0.7434895833333334 0.5065104166666666 0.07291666666666667 0.0625
1 0.5260416666666666 0.6927083333333334 0.0703125 0.059895833333333336
1 0.453125 0.5690104166666666 0.06510416666666667 0.07552083333333333
1 0.48046875 0.609375 0.059895833333333336 0.0703125
1 0.7356770833333334 0.5911458333333334 0.041666666666666664 0.078125
1 0.46875 0.20703125 0.057291666666666664 0.06770833333333333
1 0.51953125 0.3984375 0.0703125 0.057291666666666664
1 0.4348958333333333 0.3177083333333333 0.06770833333333333 0.09114583333333333
1 0.40625 0.67578125 0.0625 0.059895833333333336
1 0.2578125 0.5390625 0.07291666666666667 0.06770833333333333
1 0.5533854166666666 0.18098958333333334 0.06510416666666667 0.052083333333333336
1 0.5677083333333334 0.5651041666666666 0.0390625 0.078125
1 0.5130208333333334 0.6419270833333334 0.057291666666666664 0.08072916666666667
1 0.3971354166666667 0.5989583333333334 0.06770833333333333 0.049479166666666664
1 0.4544270833333333 0.4375 0.052083333333333336 0.09114583333333333
1 0.30859375 0.5768229166666666 0.08333333333333333 0.08854166666666667
1 0.7109375 0.5338541666666666 0.0546875 0.08333333333333333
1 0.5716145833333334 0.6666666666666666 0.0546875 0.09635416666666667
1 0.4661458333333333 0.8580729166666666 0.07291666666666667 0.059895833333333336
1 0.4934895833333333 0.4544270833333333 0.052083333333333336 0.08854166666666667
1 0.4583333333333333 0.46875 0.046875 0.078125
1 0.3645833333333333 0.6549479166666666 0.057291666666666664 0.06770833333333333
1 0.5677083333333334 0.4440104166666667 0.028645833333333332 0.0390625
1 0.5247395833333334 0.5611979166666666 0.0390625 0.078125
1 0.55859375 0.6119791666666666 0.06770833333333333 0.046875
1 0.4817708333333333 0.37109375 0.041666666666666664 0.08333333333333333
1 0.4674479166666667 0.4986979166666667 0.0390625 0.0546875
1 0.2565104166666667 0.7994791666666666 0.049479166666666664 0.09114583333333333
1 0.5872395833333334 0.3203125 0.07552083333333333 0.0625
1 0.5885416666666666 0.4388020833333333 0.049479166666666664 0.09635416666666667
1 0.5638020833333334 0.515625 0.0703125 0.0546875
1 0.38671875 0.4830729166666667 0.044270833333333336 0.078125
1 0.4205729166666667 0.6484375 0.078125 0.0625
1 0.19010416666666666 0.9192708333333334 0.041666666666666664 0.046875
1 0.2421875 0.5651041666666666 0.06770833333333333 0.052083333333333336
1 0.36328125 0.7018229166666666 0.041666666666666664 0.057291666666666664
1 0.5455729166666666 0.5690104166666666 0.046875 0.0859375
1 0.4270833333333333 0.54296875 0.059895833333333336 0.057291666666666664
1 0.24348958333333334 0.8776041666666666 0.0703125 0.109375
1 0.4973958333333333 0.6315104166666666 0.052083333333333336 0.08854166666666667