1 0.4518229166666667 0.18098958333333334 0.0390625 0.046875
1 0.4856770833333333 0.6315104166666666 0.033854166666666664 0.0625
1 0.39453125 0.4609375 0.052083333333333336 0.052083333333333336
1 0.44921875 0.3502604166666667 0.036458333333333336 0.09114583333333333
1 0.4622395833333333 0.6158854166666666 0.033854166666666664 0.06510416666666667
1 0.4817708333333333 0.5885416666666666 0.033854166666666664 0.046875
1 0.5755208333333334 0.62109375 0.036458333333333336 0.07291666666666667
1 0.4635416666666667 0.65234375 0.036458333333333336 0.0703125
1 0.48046875 0.4557291666666667 0.052083333333333336 0.0546875
1 0.46484375 0.515625 0.03125 0.11197916666666667
1 0.4283854166666667 0.53125 0.020833333333333332 0.0390625
1 0.4049479166666667 0.4114583333333333 0.049479166666666664 0.0703125
1 0.55859375 0.61328125 0.044270833333333336 0.0859375
1 0.52734375 0.6640625 0.0390625 0.06770833333333333
1 0.4361979166666667 0.4700520833333333 0.028645833333333332 0.08072916666666667
1 0.4479166666666667 0.4921875 0.020833333333333332 0.07291666666666667
1 0.4440104166666667 0.3971354166666667 0.036458333333333336 0.052083333333333336
1 0.5208333333333334 0.50390625 0.049479166666666664 0.049479166666666664
1 0.4791666666666667 0.70703125 0.033854166666666664 0.06770833333333333
1 0.46484375 0.21744791666666666 0.041666666666666664 0.0390625
1 0.4205729166666667 0.4739583333333333 0.026041666666666668 0.06770833333333333
1 0.4427083333333333 0.609375 0.0234375 0.057291666666666664
1 0.4505208333333333 0.5598958333333334 0.033854166666666664 0.036458333333333336