1 0.6888020833333334 0.8307291666666666 0.052083333333333336 0.0390625
1 0.640625 0.9036458333333334 0.044270833333333336 0.044270833333333336
1 0.6276041666666666 0.6106770833333334 0.033854166666666664 0.059895833333333336
1 0.7447916666666666 0.70703125 0.044270833333333336 0.052083333333333336
1 0.7604166666666666 0.58203125 0.036458333333333336 0.0625
1 0.4518229166666667 0.53515625 0.0390625 0.06510416666666667
1 0.3893229166666667 0.6588541666666666 0.046875 0.03125
1 0.2708333333333333 0.4778645833333333 0.044270833333333336 0.028645833333333332
1 0.7682291666666666 0.7252604166666666 0.033854166666666664 0.044270833333333336
1 0.73046875 0.6796875 0.036458333333333336 0.0234375
1 0.7434895833333334 0.5182291666666666 0.041666666666666664 0.057291666666666664
1 0.5911458333333334 0.4817708333333333 0.028645833333333332 0.0625
1 0.6315104166666666 0.7552083333333334 0.0390625 0.052083333333333336
1 0.6549479166666666 0.83984375 0.049479166666666664 0.0390625
1 0.7890625 0.59765625 0.052083333333333336 0.046875
1 0.4088541666666667 0.5221354166666666 0.044270833333333336 0.052083333333333336
1 0.57421875 0.6484375 0.049479166666666664 0.0390625
1 0.2864583333333333 0.5026041666666666 0.044270833333333336 0.041666666666666664
1 0.2864583333333333 0.3671875 0.044270833333333336 0.028645833333333332
1 0.6861979166666666 0.6809895833333334 0.046875 0.03125
1 0.37109375 0.5729166666666666 0.044270833333333336 0.046875
1 0.4583333333333333 0.65234375 0.041666666666666664 0.0546875
1 0.7057291666666666 0.4049479166666667 0.036458333333333336 0.049479166666666664
1 0.7096354166666666 0.85546875 0.041666666666666664 0.044270833333333336
1 0.6575520833333334 0.61328125 0.044270833333333336 0.036458333333333336
1 0.7278645833333334 0.6236979166666666 0.049479166666666664 0.044270833333333336
1 0.7252604166666666 0.59765625 0.044270833333333336 0.033854166666666664
1 0.4049479166666667 0.7278645833333334 0.046875 0.033854166666666664
1 0.4114583333333333 0.7018229166666666 0.049479166666666664 0.041666666666666664
1 0.6588541666666666 0.3841145833333333 0.049479166666666664 0.0546875
1 0.6315104166666666 0.3958333333333333 0.046875 0.0390625
1 0.6770833333333334 0.42578125 0.036458333333333336 0.057291666666666664
1 0.53125 0.6640625 0.052083333333333336 0.033854166666666664
1 0.3815104166666667 0.4244791666666667 0.049479166666666664 0.0625
1 0.4947916666666667 0.54296875 0.046875 0.044270833333333336
1 0.36328125 0.3932291666666667 0.036458333333333336 0.057291666666666664
1 0.3997395833333333 0.3463541666666667 0.0390625 0.0546875
1 0.6588541666666666 0.734375 0.0390625 0.028645833333333332
1 0.5989583333333334 0.62109375 0.041666666666666664 0.059895833333333336
1 0.34375 0.5260416666666666 0.036458333333333336 0.046875
1 0.4114583333333333 0.61328125 0.049479166666666664 0.052083333333333336
1 0.79296875 0.5494791666666666 0.028645833333333332 0.052083333333333336
1 0.6380208333333334 0.79296875 0.0390625 0.049479166666666664
1 0.7122395833333334 0.8841145833333334 0.044270833333333336 0.036458333333333336
1 0.6393229166666666 0.3450520833333333 0.046875 0.0390625
1 0.4270833333333333 0.515625 0.0390625 0.0546875
1 0.62109375 0.51171875 0.033854166666666664 0.057291666666666664
1 0.5416666666666666 0.3919270833333333 0.033854166666666664 0.057291666666666664
1 0.5729166666666666 0.3880208333333333 0.041666666666666664 0.046875
1 0.6184895833333334 0.22786458333333334 0.041666666666666664 0.052083333333333336
1 0.55859375 0.2721354166666667 0.044270833333333336 0.03125
1 0.6783854166666666 0.7747395833333334 0.046875 0.06770833333333333
1 0.6119791666666666 0.55859375 0.041666666666666664 0.049479166666666664
1 0.75 0.6432291666666666 0.049479166666666664 0.041666666666666664
1 0.8190104166666666 0.6041666666666666 0.03125 0.033854166666666664
1 0.4322916666666667 0.5611979166666666 0.03125 0.0546875
1 0.6380208333333334 0.3111979166666667 0.041666666666666664 0.036458333333333336
1 0.5390625 0.6341145833333334 0.052083333333333336 0.046875
1 0.3294270833333333 0.4309895833333333 0.044270833333333336 0.059895833333333336
1 0.6614583333333334 0.578125 0.049479166666666664 0.052083333333333336
1 0.66796875 0.46875 0.046875 0.0390625
1 0.6171875 0.3723958333333333 0.044270833333333336 0.041666666666666664
1 0.70703125 0.3372395833333333 0.036458333333333336 0.059895833333333336
1 0.62109375 0.15494791666666666 0.0390625 0.059895833333333336
1 0.7044270833333334 0.7955729166666666 0.03125 0.0625
1 0.6106770833333334 0.8567708333333334 0.044270833333333336 0.036458333333333336
1 0.6458333333333334 0.40625 0.036458333333333336 0.028645833333333332
1 0.4622395833333333 0.6861979166666666 0.03125 0.049479166666666664
1 0.3997395833333333 0.4036458333333333 0.036458333333333336 0.059895833333333336
1 0.3411458333333333 0.4869791666666667 0.046875 0.041666666666666664
1 0.7109375 0.5364583333333334 0.046875 0.0390625
1 0.5690104166666666 0.4908854166666667 0.033854166666666664 0.0625
1 0.45703125 0.40625 0.0390625 0.057291666666666664
1 0.66796875 0.3333333333333333 0.033854166666666664 0.052083333333333336
1 0.62109375 0.3111979166666667 0.049479166666666664 0.033854166666666664
1 0.6419270833333334 0.8411458333333334 0.046875 0.049479166666666664
1 0.5026041666666666 0.16145833333333334 0.044270833333333336 0.0390625
1 0.5091145833333334 0.5286458333333334 0.036458333333333336 0.044270833333333336
1 0.3111979166666667 0.4010416666666667 0.028645833333333332 0.046875
1 0.5716145833333334 0.5677083333333334 0.046875 0.046875
1 0.7682291666666666 0.5299479166666666 0.0390625 0.046875
1 0.4127604166666667 0.3893229166666667 0.036458333333333336 0.06770833333333333
1 0.66015625 0.796875 0.033854166666666664 0.06510416666666667
1 0.7278645833333334 0.56640625 0.057291666666666664 0.046875
1 0.296875 0.4466145833333333 0.049479166666666664 0.059895833333333336
1 0.296875 0.4114583333333333 0.036458333333333336 0.0625
1 0.703125 0.7434895833333334 0.044270833333333336 0.036458333333333336