0 0.2708333333333333 0.12630208333333334 0.203125 0.18229166666666666
0 0.4010416666666667 0.6822916666666666 0.1640625 0.1796875
0 0.23307291666666666 0.53125 0.15625 0.1484375
0 0.09114583333333333 0.5481770833333334 0.15625 0.15885416666666666
0 0.16276041666666666 0.4895833333333333 0.1328125 0.15364583333333334
0 0.77734375 0.19270833333333334 0.20833333333333334 0.1875
0 0.7161458333333334 0.5494791666666666 0.13802083333333334 0.1640625
0 0.4205729166666667 0.89453125 0.19791666666666666 0.16927083333333334
0 0.6067708333333334 0.5677083333333334 0.16666666666666666 0.18489583333333334
0 0.7734375 0.7161458333333334 0.17447916666666666 0.17447916666666666
0 0.4856770833333333 0.2994791666666667 0.20572916666666666 0.19010416666666666