1 0.56640625 0.6145833333333334 0.059895833333333336 0.0625
1 0.5690104166666666 0.421875 0.08854166666666667 0.052083333333333336
1 0.578125 0.5078125 0.10416666666666667 0.03125
1 0.3059895833333333 0.4479166666666667 0.09895833333333333 0.026041666666666668
1 0.3177083333333333 0.4908854166666667 0.08333333333333333 0.0546875
1 0.203125 0.41796875 0.0859375 0.0546875
1 0.2838541666666667 0.5416666666666666 0.08072916666666667 0.036458333333333336
1 0.53125 0.4752604166666667 0.09114583333333333 0.052083333333333336
1 0.484375 0.4557291666666667 0.0546875 0.06770833333333333
1 0.26171875 0.4752604166666667 0.078125 0.028645833333333332
1 0.54296875 0.5338541666666666 0.07552083333333333 0.0625
1 0.3528645833333333 0.5221354166666666 0.057291666666666664 0.07291666666666667
1 0.3450520833333333 0.6002604166666666 0.059895833333333336 0.06770833333333333
1 0.578125 0.52734375 0.0859375 0.03125
1 0.5572916666666666 0.45703125 0.07552083333333333 0.0546875
1 0.6822916666666666 0.5455729166666666 0.0546875 0.06770833333333333
1 0.6184895833333334 0.5794270833333334 0.0625 0.07552083333333333
0 0.6302083333333334 0.4453125 0.19270833333333334 0.13541666666666666