1 0.07682291666666667 0.7591145833333334 0.033854166666666664 0.059895833333333336
1 0.6458333333333334 0.08984375 0.0546875 0.08333333333333333
1 0.80859375 0.13411458333333334 0.057291666666666664 0.057291666666666664
1 0.1015625 0.5325520833333334 0.059895833333333336 0.0625
1 0.4609375 0.052083333333333336 0.049479166666666664 0.09635416666666667
1 0.15364583333333334 0.5208333333333334 0.052083333333333336 0.06770833333333333
1 0.4088541666666667 0.2552083333333333 0.0546875 0.0546875
1 0.69140625 0.6263020833333334 0.049479166666666664 0.10416666666666667
1 0.84375 0.9088541666666666 0.059895833333333336 0.0703125
1 0.5286458333333334 0.3776041666666667 0.052083333333333336 0.046875
1 0.7981770833333334 0.6588541666666666 0.044270833333333336 0.0703125
1 0.3958333333333333 0.11848958333333333 0.052083333333333336 0.08333333333333333
1 0.2630208333333333 0.8893229166666666 0.044270833333333336 0.03125