1 0.6497395833333334 0.2578125 0.0390625 0.0390625
1 0.4557291666666667 0.6171875 0.028645833333333332 0.026041666666666668
1 0.45703125 0.65625 0.03125 0.033854166666666664
1 0.4166666666666667 0.30859375 0.020833333333333332 0.026041666666666668
1 0.6614583333333334 0.22135416666666666 0.015625 0.020833333333333332
1 0.36328125 0.7096354166666666 0.046875 0.057291666666666664
1 0.4296875 0.6432291666666666 0.041666666666666664 0.0390625
1 0.6705729166666666 0.22916666666666666 0.020833333333333332 0.0234375
1 0.5169270833333334 0.5572916666666666 0.026041666666666668 0.033854166666666664
1 0.40234375 0.3268229166666667 0.020833333333333332 0.026041666666666668
1 0.57421875 0.546875 0.044270833333333336 0.041666666666666664
1 0.52734375 0.6953125 0.033854166666666664 0.033854166666666664