1 0.8020833333333334 0.34765625 0.044270833333333336 0.044270833333333336
1 0.5703125 0.7096354166666666 0.049479166666666664 0.06770833333333333
1 0.39453125 0.7265625 0.03125 0.028645833333333332
1 0.4518229166666667 0.8216145833333334 0.0390625 0.049479166666666664
1 0.4270833333333333 0.7434895833333334 0.044270833333333336 0.041666666666666664
1 0.5338541666666666 0.6432291666666666 0.041666666666666664 0.06770833333333333
1 0.453125 0.63671875 0.046875 0.0703125
1 0.5572916666666666 0.8046875 0.0625 0.057291666666666664
1 0.76953125 0.859375 0.046875 0.044270833333333336
1 0.328125 0.7708333333333334 0.036458333333333336 0.07291666666666667
1 0.3971354166666667 0.7994791666666666 0.0390625 0.0703125
1 0.4231770833333333 0.5690104166666666 0.052083333333333336 0.0625
1 0.5052083333333334 0.7786458333333334 0.033854166666666664 0.0546875
1 0.20963541666666666 0.7291666666666666 0.0390625 0.049479166666666664
1 0.5091145833333334 0.5091145833333334 0.041666666666666664 0.057291666666666664
1 0.40234375 0.7135416666666666 0.044270833333333336 0.041666666666666664
1 0.3372395833333333 0.87109375 0.044270833333333336 0.059895833333333336