1 0.328125 0.56640625 0.052083333333333336 0.057291666666666664
1 0.4231770833333333 0.6106770833333334 0.078125 0.08333333333333333
1 0.796875 0.44140625 0.049479166666666664 0.059895833333333336
1 0.8359375 0.3307291666666667 0.049479166666666664 0.044270833333333336
1 0.4453125 0.3893229166666667 0.044270833333333336 0.057291666666666664
1 0.6341145833333334 0.58203125 0.057291666666666664 0.06510416666666667
1 0.5104166666666666 0.48828125 0.046875 0.052083333333333336
1 0.4427083333333333 0.3776041666666667 0.036458333333333336 0.044270833333333336
1 0.7213541666666666 0.6901041666666666 0.049479166666666664 0.049479166666666664
1 0.38671875 0.3932291666666667 0.041666666666666664 0.041666666666666664
1 0.6276041666666666 0.7578125 0.078125 0.08854166666666667
1 0.7213541666666666 0.3776041666666667 0.057291666666666664 0.059895833333333336
1 0.4401041666666667 0.671875 0.0546875 0.06510416666666667
1 0.20703125 0.5625 0.0625 0.059895833333333336
1 0.35546875 0.7578125 0.057291666666666664 0.06510416666666667