1 0.4986979166666667 0.23697916666666666 0.036458333333333336 0.044270833333333336
1 0.62109375 0.2916666666666667 0.028645833333333332 0.033854166666666664
1 0.6263020833333334 0.3776041666666667 0.033854166666666664 0.033854166666666664
1 0.6158854166666666 0.16927083333333334 0.0390625 0.033854166666666664
1 0.6119791666666666 0.15234375 0.0390625 0.03125
1 0.59375 0.19921875 0.03125 0.028645833333333332
1 0.6875 0.10286458333333333 0.028645833333333332 0.052083333333333336
1 0.6809895833333334 0.19921875 0.026041666666666668 0.049479166666666664
1 0.6731770833333334 0.3216145833333333 0.03125 0.044270833333333336
1 0.7057291666666666 0.265625 0.033854166666666664 0.044270833333333336
1 0.5950520833333334 0.13151041666666666 0.033854166666666664 0.03125
1 0.5455729166666666 0.27734375 0.041666666666666664 0.0390625
1 0.5377604166666666 0.20703125 0.03125 0.0546875
1 0.578125 0.24739583333333334 0.0390625 0.033854166666666664
1 0.6770833333333334 0.4622395833333333 0.03125 0.049479166666666664
1 0.5703125 0.1875 0.028645833333333332 0.044270833333333336
1 0.6171875 0.3255208333333333 0.036458333333333336 0.03125
1 0.6888020833333334 0.4322916666666667 0.041666666666666664 0.049479166666666664
1 0.5677083333333334 0.15885416666666666 0.028645833333333332 0.036458333333333336
1 0.7786458333333334 0.2513020833333333 0.036458333333333336 0.0625
1 0.6705729166666666 0.3619791666666667 0.0390625 0.041666666666666664
1 0.65234375 0.3815104166666667 0.033854166666666664 0.033854166666666664