1 0.5377604166666666 0.5 0.06510416666666667 0.06770833333333333
1 0.6236979166666666 0.4192708333333333 0.07552083333333333 0.059895833333333336
1 0.5338541666666666 0.5924479166666666 0.059895833333333336 0.046875
1 0.5911458333333334 0.5481770833333334 0.06770833333333333 0.09635416666666667
1 0.6015625 0.2786458333333333 0.09114583333333333 0.07291666666666667
1 0.5143229166666666 0.6223958333333334 0.0546875 0.059895833333333336
1 0.5559895833333334 0.4361979166666667 0.052083333333333336 0.11458333333333333
1 0.5677083333333334 0.4895833333333333 0.0625 0.0625
1 0.4518229166666667 0.55859375 0.078125 0.0546875
1 0.5755208333333334 0.62109375 0.049479166666666664 0.078125
1 0.67578125 0.5390625 0.08072916666666667 0.057291666666666664
1 0.5130208333333334 0.4401041666666667 0.0859375 0.09114583333333333
1 0.54296875 0.5416666666666666 0.052083333333333336 0.09635416666666667
1 0.6471354166666666 0.48828125 0.057291666666666664 0.1015625
1 0.5013020833333334 0.5065104166666666 0.046875 0.078125
1 0.48828125 0.5963541666666666 0.044270833333333336 0.08333333333333333
1 0.51953125 0.5403645833333334 0.036458333333333336 0.057291666666666664
1 0.6002604166666666 0.4557291666666667 0.078125 0.0546875
1 0.4635416666666667 0.4583333333333333 0.0703125 0.14583333333333334
1 0.5338541666666666 0.359375 0.0703125 0.11197916666666667
1 0.6158854166666666 0.4895833333333333 0.059895833333333336 0.09375
1 0.6158854166666666 0.3645833333333333 0.07552083333333333 0.06510416666666667
1 0.5859375 0.234375 0.07552083333333333 0.10416666666666667
1 0.5611979166666666 0.5377604166666666 0.041666666666666664 0.078125