0 0.5625 0.06640625 0.171875 0.1328125
0 0.6627604166666666 0.6302083333333334 0.125 0.15104166666666666
0 0.7578125 0.4244791666666667 0.12760416666666666 0.1171875
0 0.89453125 0.3841145833333333 0.12239583333333333 0.12760416666666666
0 0.8059895833333334 0.359375 0.09895833333333333 0.13020833333333334
0 0.125 0.3255208333333333 0.17708333333333334 0.140625
0 0.3203125 0.6302083333333334 0.09895833333333333 0.140625
0 0.7265625 0.83203125 0.171875 0.12239583333333333
0 0.4283854166666667 0.6041666666666666 0.12760416666666666 0.15625
0 0.33203125 0.8059895833333334 0.13802083333333334 0.140625
0 0.4348958333333333 0.3098958333333333 0.171875 0.14583333333333334