1 0.69921875 0.045572916666666664 0.044270833333333336 0.059895833333333336
1 0.6158854166666666 0.9192708333333334 0.06770833333333333 0.0859375
1 0.45703125 0.97265625 0.06510416666666667 0.0546875
1 0.8072916666666666 0.24479166666666666 0.06770833333333333 0.0703125
1 0.7890625 0.84375 0.0625 0.09635416666666667
1 0.7721354166666666 0.2838541666666667 0.059895833333333336 0.07291666666666667
1 0.71484375 0.6484375 0.059895833333333336 0.059895833333333336
1 0.2708333333333333 0.5065104166666666 0.06510416666666667 0.10416666666666667
1 0.009114583333333334 0.3606770833333333 0.018229166666666668 0.07552083333333333
1 0.546875 0.6171875 0.057291666666666664 0.052083333333333336
1 0.16536458333333334 0.5403645833333334 0.0546875 0.0703125
1 0.8033854166666666 0.7526041666666666 0.06510416666666667 0.0859375
1 0.4713541666666667 0.045572916666666664 0.046875 0.036458333333333336