1 0.2109375 0.4322916666666667 0.03125 0.046875
1 0.51953125 0.4973958333333333 0.041666666666666664 0.052083333333333336
1 0.21354166666666666 0.2760416666666667 0.052083333333333336 0.046875
1 0.006510416666666667 0.2643229166666667 0.013020833333333334 0.0546875
1 0.01953125 0.17057291666666666 0.0234375 0.0546875
1 0.05859375 0.46875 0.026041666666666668 0.06510416666666667
1 0.05078125 0.21223958333333334 0.03125 0.049479166666666664
1 0.6783854166666666 0.5143229166666666 0.052083333333333336 0.06510416666666667
1 0.22395833333333334 0.4778645833333333 0.0390625 0.026041666666666668
1 0.010416666666666666 0.20182291666666666 0.020833333333333332 0.06510416666666667
1 0.27734375 0.203125 0.03125 0.052083333333333336
1 0.359375 0.24088541666666666 0.052083333333333336 0.0625
1 0.5559895833333334 0.46875 0.049479166666666664 0.028645833333333332
1 0.2513020833333333 0.1640625 0.033854166666666664 0.059895833333333336
1 0.21223958333333334 0.3033854166666667 0.041666666666666664 0.03125
1 0.14713541666666666 0.3971354166666667 0.044270833333333336 0.033854166666666664
1 0.3046875 0.3294270833333333 0.0390625 0.026041666666666668
1 0.13671875 0.38671875 0.046875 0.044270833333333336
1 0.053385416666666664 0.33984375 0.041666666666666664 0.036458333333333336