1 0.62109375 0.24348958333333334 0.049479166666666664 0.052083333333333336
1 0.2786458333333333 0.6041666666666666 0.041666666666666664 0.033854166666666664
1 0.28515625 0.5481770833333334 0.041666666666666664 0.049479166666666664
1 0.5872395833333334 0.46484375 0.041666666666666664 0.046875
1 0.8541666666666666 0.2903645833333333 0.057291666666666664 0.036458333333333336
1 0.8854166666666666 0.5651041666666666 0.06510416666666667 0.052083333333333336
1 0.5403645833333334 0.59375 0.049479166666666664 0.046875
1 0.203125 0.4010416666666667 0.033854166666666664 0.044270833333333336
1 0.34765625 0.4140625 0.0546875 0.041666666666666664
1 0.5325520833333334 0.22395833333333334 0.049479166666666664 0.046875
1 0.3450520833333333 0.5598958333333334 0.041666666666666664 0.03125
1 0.4518229166666667 0.60546875 0.0546875 0.0390625
1 0.3020833333333333 0.4622395833333333 0.041666666666666664 0.046875
1 0.4453125 0.48046875 0.0390625 0.03125
1 0.8059895833333334 0.3580729166666667 0.046875 0.041666666666666664
1 0.5247395833333334 0.515625 0.049479166666666664 0.049479166666666664
1 0.22395833333333334 0.6197916666666666 0.052083333333333336 0.052083333333333336
1 0.4140625 0.3177083333333333 0.059895833333333336 0.0546875
1 0.40234375 0.3984375 0.049479166666666664 0.0390625
1 0.6197916666666666 0.6458333333333334 0.0390625 0.041666666666666664
1 0.3020833333333333 0.5872395833333334 0.046875 0.028645833333333332
1 0.8658854166666666 0.3528645833333333 0.052083333333333336 0.057291666666666664
1 0.5 0.5859375 0.052083333333333336 0.046875
1 0.14973958333333334 0.4088541666666667 0.08072916666666667 0.036458333333333336
1 0.6861979166666666 0.3658854166666667 0.0546875 0.041666666666666664
1 0.4791666666666667 0.3203125 0.046875 0.049479166666666664
1 0.5911458333333334 0.3333333333333333 0.0546875 0.044270833333333336
1 0.3528645833333333 0.44921875 0.046875 0.041666666666666664
1 0.25 0.5442708333333334 0.0390625 0.033854166666666664
1 0.52734375 0.42578125 0.036458333333333336 0.046875
1 0.6497395833333334 0.49609375 0.033854166666666664 0.041666666666666664
1 0.453125 0.25 0.0625 0.041666666666666664
1 0.4010416666666667 0.5885416666666666 0.0390625 0.052083333333333336
1 0.22395833333333334 0.4010416666666667 0.049479166666666664 0.044270833333333336
1 0.3736979166666667 0.5885416666666666 0.0390625 0.033854166666666664
1 0.62109375 0.4700520833333333 0.0546875 0.03125
1 0.5403645833333334 0.31640625 0.0546875 0.046875
1 0.66796875 0.3567708333333333 0.0546875 0.036458333333333336