1 0.2942708333333333 0.5651041666666666 0.057291666666666664 0.049479166666666664
1 0.5247395833333334 0.5807291666666666 0.046875 0.057291666666666664
1 0.2786458333333333 0.51171875 0.033854166666666664 0.059895833333333336
1 0.515625 0.5690104166666666 0.033854166666666664 0.036458333333333336
1 0.4479166666666667 0.4713541666666667 0.036458333333333336 0.0625
1 0.3046875 0.546875 0.049479166666666664 0.044270833333333336
1 0.40234375 0.6927083333333334 0.044270833333333336 0.0546875
1 0.2721354166666667 0.5755208333333334 0.0546875 0.0625
1 0.2903645833333333 0.6315104166666666 0.0546875 0.078125
1 0.4270833333333333 0.703125 0.03125 0.07552083333333333
1 0.5052083333333334 0.734375 0.036458333333333336 0.057291666666666664
1 0.52734375 0.3893229166666667 0.041666666666666664 0.0625
1 0.3125 0.46875 0.0546875 0.033854166666666664
1 0.4973958333333333 0.66796875 0.03125 0.0546875
1 0.4817708333333333 0.6028645833333334 0.044270833333333336 0.06510416666666667
1 0.5013020833333334 0.5364583333333334 0.0546875 0.044270833333333336
1 0.5377604166666666 0.5013020833333334 0.0625 0.0625
1 0.44140625 0.4505208333333333 0.0390625 0.07291666666666667
1 0.2734375 0.6966145833333334 0.036458333333333336 0.057291666666666664
1 0.3346354166666667 0.5091145833333334 0.059895833333333336 0.049479166666666664
1 0.3229166666666667 0.6276041666666666 0.057291666666666664 0.059895833333333336
1 0.3190104166666667 0.6822916666666666 0.057291666666666664 0.036458333333333336
1 0.4544270833333333 0.75390625 0.044270833333333336 0.07552083333333333
1 0.5286458333333334 0.4440104166666667 0.028645833333333332 0.07291666666666667