1 0.6223958333333334 0.8606770833333334 0.049479166666666664 0.03125
1 0.5611979166666666 0.9231770833333334 0.036458333333333336 0.036458333333333336
1 0.6041666666666666 0.6341145833333334 0.026041666666666668 0.059895833333333336
1 0.7005208333333334 0.75 0.0390625 0.046875
1 0.7395833333333334 0.6302083333333334 0.026041666666666668 0.059895833333333336
1 0.4453125 0.5247395833333334 0.028645833333333332 0.0625
1 0.3606770833333333 0.6354166666666666 0.044270833333333336 0.0234375
1 0.2786458333333333 0.4348958333333333 0.041666666666666664 0.0234375
1 0.7200520833333334 0.7721354166666666 0.028645833333333332 0.041666666666666664
1 0.69140625 0.7200520833333334 0.036458333333333336 0.015625
1 0.7356770833333334 0.5651041666666666 0.033854166666666664 0.0546875
1 0.5924479166666666 0.5 0.018229166666666668 0.059895833333333336
1 0.5807291666666666 0.7760416666666666 0.03125 0.049479166666666664
1 0.5872395833333334 0.86328125 0.046875 0.03125
1 0.765625 0.6510416666666666 0.044270833333333336 0.0390625
1 0.40625 0.50390625 0.036458333333333336 0.046875
1 0.5442708333333334 0.66015625 0.044270833333333336 0.03125
1 0.2903645833333333 0.4609375 0.0390625 0.033854166666666664
1 0.3151041666666667 0.3294270833333333 0.041666666666666664 0.0234375
1 0.6484375 0.7122395833333334 0.044270833333333336 0.0234375
1 0.359375 0.546875 0.036458333333333336 0.041666666666666664
1 0.4296875 0.6419270833333334 0.033854166666666664 0.049479166666666664
1 0.7200520833333334 0.4453125 0.028645833333333332 0.046875
1 0.6380208333333334 0.8880208333333334 0.033854166666666664 0.0390625
1 0.6328125 0.640625 0.0390625 0.03125
1 0.69921875 0.6653645833333334 0.044270833333333336 0.036458333333333336
1 0.703125 0.6380208333333334 0.041666666666666664 0.026041666666666668
1 0.36328125 0.7057291666666666 0.044270833333333336 0.026041666666666668
1 0.3736979166666667 0.6809895833333334 0.046875 0.033854166666666664
1 0.6783854166666666 0.4166666666666667 0.041666666666666664 0.049479166666666664
1 0.6484375 0.4231770833333333 0.041666666666666664 0.033854166666666664
1 0.6875 0.4609375 0.026041666666666668 0.0546875
1 0.5 0.6666666666666666 0.049479166666666664 0.026041666666666668
1 0.3984375 0.40234375 0.0390625 0.057291666666666664
1 0.4869791666666667 0.5416666666666666 0.041666666666666664 0.0390625
1 0.38671875 0.3697916666666667 0.028645833333333332 0.0546875
1 0.4309895833333333 0.3294270833333333 0.03125 0.049479166666666664
1 0.6106770833333334 0.7604166666666666 0.036458333333333336 0.020833333333333332
1 0.5729166666666666 0.63671875 0.033854166666666664 0.0546875
1 0.3411458333333333 0.4947916666666667 0.03125 0.041666666666666664
1 0.3919270833333333 0.59375 0.041666666666666664 0.046875
1 0.77734375 0.6041666666666666 0.018229166666666668 0.052083333333333336
1 0.5794270833333334 0.8138020833333334 0.03125 0.046875
1 0.6354166666666666 0.91796875 0.041666666666666664 0.028645833333333332
1 0.6666666666666666 0.375 0.041666666666666664 0.03125
1 0.42578125 0.5013020833333334 0.03125 0.049479166666666664
1 0.6158854166666666 0.53515625 0.0234375 0.0546875
1 0.5611979166666666 0.40234375 0.0234375 0.0546875
1 0.5924479166666666 0.4036458333333333 0.033854166666666664 0.041666666666666664
1 0.66796875 0.2565104166666667 0.033854166666666664 0.046875
1 0.6015625 0.2877604166666667 0.041666666666666664 0.026041666666666668
1 0.6223958333333334 0.8033854166666666 0.036458333333333336 0.0625
1 0.59765625 0.5794270833333334 0.033854166666666664 0.044270833333333336
1 0.7174479166666666 0.6888020833333334 0.044270833333333336 0.036458333333333336
1 0.79296875 0.6640625 0.026041666666666668 0.03125
1 0.421875 0.546875 0.020833333333333332 0.0546875
1 0.671875 0.3411458333333333 0.036458333333333336 0.03125
1 0.51171875 0.6393229166666666 0.046875 0.041666666666666664
1 0.3450520833333333 0.3997395833333333 0.033854166666666664 0.0546875
1 0.6432291666666666 0.6080729166666666 0.041666666666666664 0.046875
1 0.6705729166666666 0.5013020833333334 0.044270833333333336 0.033854166666666664
1 0.6393229166666666 0.3971354166666667 0.0390625 0.036458333333333336
1 0.734375 0.37890625 0.026041666666666668 0.057291666666666664
1 0.68359375 0.18489583333333334 0.028645833333333332 0.057291666666666664
1 0.64453125 0.8294270833333334 0.020833333333333332 0.0625
1 0.5403645833333334 0.8723958333333334 0.0390625 0.03125
1 0.6614583333333334 0.4348958333333333 0.033854166666666664 0.0234375
1 0.4270833333333333 0.67578125 0.0234375 0.049479166666666664
1 0.4205729166666667 0.38671875 0.026041666666666668 0.057291666666666664
1 0.3463541666666667 0.45703125 0.041666666666666664 0.036458333333333336
1 0.69921875 0.5755208333333334 0.041666666666666664 0.033854166666666664
1 0.5690104166666666 0.50390625 0.0234375 0.059895833333333336
1 0.4765625 0.3997395833333333 0.03125 0.052083333333333336
1 0.6966145833333334 0.3684895833333333 0.026041666666666668 0.049479166666666664
1 0.6549479166666666 0.3372395833333333 0.046875 0.026041666666666668
1 0.5755208333333334 0.8619791666666666 0.041666666666666664 0.044270833333333336
1 0.56640625 0.16796875 0.0390625 0.033854166666666664
1 0.50390625 0.5299479166666666 0.028645833333333332 0.041666666666666664
1 0.3346354166666667 0.3671875 0.020833333333333332 0.044270833333333336
1 0.5572916666666666 0.5807291666666666 0.041666666666666664 0.041666666666666664
1 0.7578125 0.5807291666666666 0.033854166666666664 0.041666666666666664
1 0.4348958333333333 0.3736979166666667 0.026041666666666668 0.06510416666666667
1 0.6002604166666666 0.8216145833333334 0.0234375 0.0625
1 0.7109375 0.609375 0.052083333333333336 0.0390625
1 0.3111979166666667 0.4088541666666667 0.041666666666666664 0.052083333333333336
1 0.3177083333333333 0.375 0.026041666666666668 0.059895833333333336
1 0.65234375 0.77734375 0.0390625 0.028645833333333332