1 0.50390625 0.7643229166666666 0.07552083333333333 0.0625
1 0.3671875 0.5286458333333334 0.09635416666666667 0.052083333333333336
1 0.1796875 0.7486979166666666 0.09375 0.057291666666666664
1 0.7955729166666666 0.41796875 0.09895833333333333 0.057291666666666664
1 0.3606770833333333 0.8541666666666666 0.06770833333333333 0.046875
1 0.16276041666666666 0.9114583333333334 0.0703125 0.0390625
1 0.23307291666666666 0.91796875 0.0859375 0.06510416666666667
1 0.5390625 0.5416666666666666 0.1015625 0.06770833333333333
1 0.9791666666666666 0.4505208333333333 0.041666666666666664 0.046875
1 0.15494791666666666 0.8515625 0.09375 0.057291666666666664
1 0.828125 0.4322916666666667 0.11197916666666667 0.0546875
1 0.4479166666666667 0.58203125 0.08333333333333333 0.06510416666666667
1 0.7421875 0.2994791666666667 0.08333333333333333 0.0546875
1 0.2864583333333333 0.9401041666666666 0.049479166666666664 0.052083333333333336
1 0.0625 0.4427083333333333 0.11197916666666667 0.0625
1 0.4322916666666667 0.8177083333333334 0.078125 0.057291666666666664
1 0.2981770833333333 0.8645833333333334 0.059895833333333336 0.0546875
1 0.17578125 0.9283854166666666 0.078125 0.041666666666666664
1 0.42578125 0.7473958333333334 0.08333333333333333 0.052083333333333336
1 0.4973958333333333 0.33203125 0.09635416666666667 0.059895833333333336
1 0.21223958333333334 0.8854166666666666 0.09375 0.057291666666666664
1 0.15494791666666666 0.8111979166666666 0.109375 0.06770833333333333
1 0.41015625 0.6705729166666666 0.052083333333333336 0.0546875
1 0.328125 0.59765625 0.10677083333333333 0.0546875
1 0.53515625 0.4700520833333333 0.06770833333333333 0.0625
1 0.4088541666666667 0.40625 0.078125 0.07552083333333333
1 0.9153645833333334 0.4869791666666667 0.06510416666666667 0.0625
1 0.5651041666666666 0.7005208333333334 0.0859375 0.0625
1 0.3893229166666667 0.7330729166666666 0.10416666666666667 0.049479166666666664
1 0.51171875 0.3841145833333333 0.059895833333333336 0.07291666666666667
1 0.057291666666666664 0.49609375 0.09114583333333333 0.057291666666666664
1 0.640625 0.7486979166666666 0.052083333333333336 0.0546875
1 0.6536458333333334 0.3619791666666667 0.052083333333333336 0.052083333333333336
1 0.35546875 0.7825520833333334 0.0859375 0.059895833333333336
1 0.5625 0.59765625 0.07552083333333333 0.07552083333333333
1 0.4388020833333333 0.5325520833333334 0.07552083333333333 0.0546875
1 0.1796875 0.4361979166666667 0.10677083333333333 0.06770833333333333
1 0.609375 0.609375 0.057291666666666664 0.059895833333333336
1 0.17057291666666666 0.5338541666666666 0.0703125 0.06510416666666667
1 0.52734375 0.5026041666666666 0.09895833333333333 0.057291666666666664
1 0.08463541666666667 0.5286458333333334 0.0625 0.06770833333333333
1 0.7278645833333334 0.4505208333333333 0.057291666666666664 0.0546875
1 0.6783854166666666 0.75 0.046875 0.057291666666666664
1 0.5677083333333334 0.7838541666666666 0.0625 0.057291666666666664
1 0.21223958333333334 0.82421875 0.09375 0.0625
1 0.4075520833333333 0.3307291666666667 0.08333333333333333 0.06770833333333333
1 0.3125 0.5729166666666666 0.1171875 0.057291666666666664
1 0.4739583333333333 0.46875 0.10416666666666667 0.078125
1 0.3828125 0.6640625 0.07291666666666667 0.049479166666666664
1 0.5572916666666666 0.3736979166666667 0.06510416666666667 0.06770833333333333
1 0.6276041666666666 0.6927083333333334 0.08072916666666667 0.049479166666666664
1 0.5221354166666666 0.2916666666666667 0.0859375 0.07291666666666667
1 0.6041666666666666 0.3385416666666667 0.0703125 0.06770833333333333
1 0.9427083333333334 0.36328125 0.08333333333333333 0.06770833333333333
1 0.03125 0.5481770833333334 0.0625 0.09114583333333333
1 0.5859375 0.56640625 0.057291666666666664 0.057291666666666664
1 0.15494791666666666 0.6510416666666666 0.10677083333333333 0.057291666666666664
1 0.125 0.5598958333333334 0.0859375 0.06510416666666667
1 0.22135416666666666 0.4713541666666667 0.09635416666666667 0.052083333333333336
1 0.1484375 0.61328125 0.078125 0.0625
1 0.82421875 0.46484375 0.078125 0.049479166666666664
1 0.6484375 0.4192708333333333 0.0625 0.06770833333333333
1 0.3815104166666667 0.3658854166666667 0.09895833333333333 0.0625
1 0.4427083333333333 0.2942708333333333 0.11458333333333333 0.0625
1 0.8997395833333334 0.3932291666666667 0.044270833333333336 0.059895833333333336
1 0.7552083333333334 0.3854166666666667 0.06510416666666667 0.059895833333333336
1 0.7096354166666666 0.3359375 0.07291666666666667 0.0546875
1 0.30078125 0.4765625 0.0703125 0.0703125
1 0.8919270833333334 0.4375 0.07291666666666667 0.0703125
1 0.4674479166666667 0.3880208333333333 0.0703125 0.0703125
1 0.7565104166666666 0.4817708333333333 0.08333333333333333 0.052083333333333336
1 0.84375 0.3723958333333333 0.1171875 0.059895833333333336
1 0.3216145833333333 0.9205729166666666 0.0546875 0.049479166666666664