1 0.4427083333333333 0.5260416666666666 0.06770833333333333 0.109375
1 0.3880208333333333 0.5950520833333334 0.109375 0.1171875
1 0.5286458333333334 0.5013020833333334 0.08333333333333333 0.109375
1 0.3893229166666667 0.4817708333333333 0.0546875 0.09635416666666667
1 0.3450520833333333 0.4244791666666667 0.08072916666666667 0.0625
1 0.4908854166666667 0.4609375 0.08333333333333333 0.078125
1 0.33203125 0.4739583333333333 0.109375 0.07291666666666667
1 0.3333333333333333 0.53515625 0.07552083333333333 0.08854166666666667
1 0.5546875 0.3736979166666667 0.08333333333333333 0.13020833333333334
1 0.3059895833333333 0.3919270833333333 0.07291666666666667 0.049479166666666664
1 0.4010416666666667 0.3020833333333333 0.06770833333333333 0.10416666666666667
1 0.4986979166666667 0.3658854166666667 0.06770833333333333 0.1171875
1 0.53125 0.6640625 0.10416666666666667 0.1015625
1 0.2604166666666667 0.65234375 0.06510416666666667 0.078125
1 0.4322916666666667 0.44921875 0.08333333333333333 0.10677083333333333
1 0.4622395833333333 0.3736979166666667 0.07552083333333333 0.08854166666666667
1 0.27734375 0.36328125 0.06510416666666667 0.044270833333333336
1 0.3997395833333333 0.40234375 0.057291666666666664 0.09895833333333333
1 0.22265625 0.2916666666666667 0.0859375 0.11458333333333333
1 0.34375 0.3606770833333333 0.08072916666666667 0.078125
1 0.4778645833333333 0.6197916666666666 0.07291666666666667 0.14322916666666666
1 0.3763020833333333 0.24088541666666666 0.08072916666666667 0.15104166666666666
1 0.3372395833333333 0.25390625 0.08072916666666667 0.1015625
1 0.5 0.5559895833333334 0.07291666666666667 0.11197916666666667
1 0.37890625 0.515625 0.08333333333333333 0.09635416666666667
1 0.26953125 0.3177083333333333 0.08854166666666667 0.0625