1 0.4205729166666667 0.7734375 0.0390625 0.036458333333333336
1 0.5572916666666666 0.3880208333333333 0.028645833333333332 0.0234375
1 0.5872395833333334 0.36328125 0.028645833333333332 0.033854166666666664
1 0.30078125 0.56640625 0.018229166666666668 0.026041666666666668
1 0.4010416666666667 0.8059895833333334 0.013020833333333334 0.020833333333333332
1 0.5638020833333334 0.2591145833333333 0.041666666666666664 0.0546875
1 0.55859375 0.3528645833333333 0.041666666666666664 0.036458333333333336
1 0.4127604166666667 0.8072916666666666 0.018229166666666668 0.020833333333333332
1 0.5533854166666666 0.4739583333333333 0.0234375 0.033854166666666664
1 0.3059895833333333 0.54296875 0.018229166666666668 0.028645833333333332
1 0.5846354166666666 0.5234375 0.041666666666666664 0.0390625
1 0.6627604166666666 0.390625 0.03125 0.03125