1 0.4088541666666667 0.640625 0.08333333333333333 0.09895833333333333
1 0.3802083333333333 0.6953125 0.078125 0.078125
1 0.13020833333333334 0.58203125 0.08854166666666667 0.1015625
1 0.4244791666666667 0.5559895833333334 0.08333333333333333 0.0703125
1 0.28125 0.07942708333333333 0.1015625 0.10677083333333333
1 0.3658854166666667 0.2955729166666667 0.0703125 0.0859375
1 0.2955729166666667 0.5859375 0.09895833333333333 0.0859375
1 0.3815104166666667 0.5416666666666666 0.08333333333333333 0.09375
1 0.4440104166666667 0.62109375 0.06510416666666667 0.08854166666666667
1 0.2786458333333333 0.42578125 0.078125 0.0703125
1 0.3958333333333333 0.5989583333333334 0.08854166666666667 0.11197916666666667