1 0.3606770833333333 0.56640625 0.046875 0.0625
1 0.6419270833333334 0.52734375 0.049479166666666664 0.036458333333333336
1 0.4036458333333333 0.4674479166666667 0.0546875 0.046875
1 0.4895833333333333 0.6041666666666666 0.03125 0.0546875
1 0.48828125 0.7265625 0.044270833333333336 0.0703125
1 0.75390625 0.36328125 0.041666666666666664 0.07291666666666667
1 0.3541666666666667 0.51953125 0.06510416666666667 0.046875
1 0.50390625 0.640625 0.049479166666666664 0.08333333333333333
1 0.5260416666666666 0.6015625 0.046875 0.07552083333333333
1 0.5208333333333334 0.5221354166666666 0.057291666666666664 0.049479166666666664
1 0.3359375 0.4479166666666667 0.046875 0.036458333333333336
1 0.4192708333333333 0.60546875 0.028645833333333332 0.046875
1 0.3776041666666667 0.5 0.06510416666666667 0.044270833333333336
1 0.4869791666666667 0.5026041666666666 0.041666666666666664 0.044270833333333336
1 0.4583333333333333 0.4986979166666667 0.049479166666666664 0.044270833333333336
1 0.3815104166666667 0.5299479166666666 0.015625 0.033854166666666664
1 0.4908854166666667 0.6393229166666666 0.028645833333333332 0.041666666666666664
1 0.29296875 0.4635416666666667 0.049479166666666664 0.059895833333333336
1 0.3203125 0.4752604166666667 0.06510416666666667 0.052083333333333336
1 0.515625 0.4713541666666667 0.0390625 0.06510416666666667
1 0.4010416666666667 0.54296875 0.041666666666666664 0.057291666666666664
1 0.4231770833333333 0.5013020833333334 0.036458333333333336 0.044270833333333336
1 0.4322916666666667 0.5169270833333334 0.028645833333333332 0.036458333333333336
1 0.77734375 0.07291666666666667 0.046875 0.041666666666666664
1 0.3723958333333333 0.640625 0.06770833333333333 0.0390625
1 0.46484375 0.6119791666666666 0.041666666666666664 0.06510416666666667
1 0.4296875 0.6002604166666666 0.020833333333333332 0.036458333333333336
1 0.4270833333333333 0.4713541666666667 0.0390625 0.03125
1 0.4856770833333333 0.47265625 0.059895833333333336 0.0390625
1 0.42578125 0.71875 0.06510416666666667 0.036458333333333336
1 0.3841145833333333 0.5859375 0.057291666666666664 0.049479166666666664
1 0.5247395833333334 0.4908854166666667 0.036458333333333336 0.0546875
1 0.5442708333333334 0.16276041666666666 0.0546875 0.059895833333333336
1 0.4453125 0.4635416666666667 0.0390625 0.036458333333333336
1 0.3307291666666667 0.5390625 0.059895833333333336 0.036458333333333336
1 0.4231770833333333 0.6302083333333334 0.044270833333333336 0.057291666666666664
1 0.46484375 0.5364583333333334 0.0625 0.057291666666666664
1 0.4309895833333333 0.53515625 0.041666666666666664 0.036458333333333336
1 0.8489583333333334 0.2265625 0.046875 0.06510416666666667
1 0.33984375 0.4114583333333333 0.057291666666666664 0.0390625
1 0.2994791666666667 0.4205729166666667 0.0625 0.041666666666666664
1 0.4518229166666667 0.6809895833333334 0.033854166666666664 0.0703125
1 0.48828125 0.5703125 0.028645833333333332 0.028645833333333332
1 0.3385416666666667 0.4752604166666667 0.0546875 0.036458333333333336
1 0.2981770833333333 0.5104166666666666 0.059895833333333336 0.046875
1 0.6145833333333334 0.56640625 0.057291666666666664 0.06510416666666667
1 0.3515625 0.6015625 0.0546875 0.046875
1 0.4296875 0.6640625 0.046875 0.041666666666666664
1 0.4088541666666667 0.5859375 0.0234375 0.036458333333333336
1 0.4934895833333333 0.4283854166666667 0.036458333333333336 0.0546875
1 0.6692708333333334 0.17838541666666666 0.033854166666666664 0.052083333333333336
1 0.5130208333333334 0.5377604166666666 0.041666666666666664 0.0703125
1 0.4609375 0.4192708333333333 0.052083333333333336 0.06510416666666667
1 0.5221354166666666 0.4440104166666667 0.052083333333333336 0.044270833333333336
1 0.38671875 0.6770833333333334 0.059895833333333336 0.0546875
1 0.4817708333333333 0.6484375 0.033854166666666664 0.03125
1 0.5833333333333334 0.6119791666666666 0.059895833333333336 0.052083333333333336
1 0.4700520833333333 0.69921875 0.046875 0.09375
1 0.453125 0.5572916666666666 0.026041666666666668 0.033854166666666664
1 0.4270833333333333 0.69140625 0.041666666666666664 0.028645833333333332
1 0.3854166666666667 0.6145833333333334 0.044270833333333336 0.052083333333333336
1 0.5442708333333334 0.5872395833333334 0.041666666666666664 0.06770833333333333
1 0.4479166666666667 0.6002604166666666 0.026041666666666668 0.033854166666666664
1 0.4453125 0.6328125 0.0234375 0.059895833333333336
1 0.42578125 0.5572916666666666 0.0390625 0.036458333333333336
1 0.3111979166666667 0.5546875 0.07291666666666667 0.046875
1 0.3450520833333333 0.66015625 0.057291666666666664 0.049479166666666664
1 0.4518229166666667 0.5703125 0.0546875 0.041666666666666664
1 0.6080729166666666 0.08854166666666667 0.028645833333333332 0.049479166666666664
1 0.421875 0.58203125 0.015625 0.0234375
1 0.4322916666666667 0.56640625 0.028645833333333332 0.033854166666666664
1 0.4036458333333333 0.5677083333333334 0.0234375 0.041666666666666664
1 0.46875 0.5651041666666666 0.018229166666666668 0.0390625
1 0.5611979166666666 0.07682291666666667 0.044270833333333336 0.041666666666666664
1 0.4661458333333333 0.62890625 0.0234375 0.052083333333333336