1 0.78125 0.4348958333333333 0.041666666666666664 0.0546875
1 0.5390625 0.5208333333333334 0.052083333333333336 0.10416666666666667
1 0.7057291666666666 0.22135416666666666 0.0546875 0.052083333333333336
1 0.8046875 0.3385416666666667 0.046875 0.1015625
1 0.8502604166666666 0.3268229166666667 0.052083333333333336 0.057291666666666664
1 0.66796875 0.8919270833333334 0.057291666666666664 0.09114583333333333
1 0.13802083333333334 0.51171875 0.049479166666666664 0.07552083333333333
1 0.8502604166666666 0.3528645833333333 0.0546875 0.059895833333333336
1 0.4401041666666667 0.7213541666666666 0.046875 0.06510416666666667
1 0.8489583333333334 0.4049479166666667 0.044270833333333336 0.08333333333333333
1 0.6549479166666666 0.48828125 0.052083333333333336 0.1171875
1 0.66796875 0.6861979166666666 0.044270833333333336 0.044270833333333336
1 0.7825520833333334 0.5807291666666666 0.044270833333333336 0.0859375
1 0.66796875 0.6223958333333334 0.046875 0.08072916666666667
1 0.8229166666666666 0.5091145833333334 0.0546875 0.044270833333333336
1 0.6614583333333334 0.9739583333333334 0.052083333333333336 0.052083333333333336
1 0.8216145833333334 0.5546875 0.057291666666666664 0.1015625
1 0.6484375 0.84765625 0.0625 0.10677083333333333
1 0.5638020833333334 0.6028645833333334 0.044270833333333336 0.09114583333333333
1 0.5065104166666666 0.83203125 0.0546875 0.0625
1 0.7643229166666666 0.4309895833333333 0.059895833333333336 0.10416666666666667
1 0.7200520833333334 0.73828125 0.036458333333333336 0.09114583333333333
1 0.7122395833333334 0.828125 0.03125 0.044270833333333336
1 0.5091145833333334 0.7044270833333334 0.059895833333333336 0.0625
1 0.6927083333333334 0.8346354166666666 0.049479166666666664 0.08333333333333333
1 0.6822916666666666 0.4713541666666667 0.041666666666666664 0.09114583333333333
1 0.7513020833333334 0.5455729166666666 0.044270833333333336 0.078125
1 0.7942708333333334 0.3958333333333333 0.044270833333333336 0.041666666666666664
1 0.6796875 0.53125 0.059895833333333336 0.12239583333333333
1 0.6223958333333334 0.9661458333333334 0.046875 0.06770833333333333
1 0.7265625 0.90625 0.046875 0.06770833333333333
1 0.6393229166666666 0.6888020833333334 0.052083333333333336 0.07552083333333333
1 0.83984375 0.55859375 0.044270833333333336 0.07291666666666667
1 0.5625 0.20572916666666666 0.057291666666666664 0.07291666666666667
1 0.7239583333333334 0.5 0.044270833333333336 0.1015625
1 0.640625 0.4127604166666667 0.041666666666666664 0.0390625
1 0.7291666666666666 0.7591145833333334 0.041666666666666664 0.09895833333333333
1 0.76953125 0.5638020833333334 0.052083333333333336 0.08854166666666667
1 0.4427083333333333 0.7747395833333334 0.0546875 0.0703125
1 0.6627604166666666 0.9440104166666666 0.049479166666666664 0.06770833333333333
1 0.6731770833333334 0.8177083333333334 0.036458333333333336 0.057291666666666664
1 0.79296875 0.5690104166666666 0.033854166666666664 0.059895833333333336
1 0.8177083333333334 0.3411458333333333 0.044270833333333336 0.09635416666666667
1 0.7903645833333334 0.53125 0.033854166666666664 0.0625
1 0.7057291666666666 0.796875 0.033854166666666664 0.033854166666666664