1 0.81640625 0.3893229166666667 0.033854166666666664 0.020833333333333332
1 0.54296875 0.4817708333333333 0.033854166666666664 0.0625
1 0.3763020833333333 0.4479166666666667 0.049479166666666664 0.07552083333333333
1 0.4049479166666667 0.4622395833333333 0.0546875 0.041666666666666664
1 0.9427083333333334 0.87890625 0.046875 0.08072916666666667
1 0.48046875 0.73046875 0.036458333333333336 0.08072916666666667
1 0.9466145833333334 0.08203125 0.041666666666666664 0.078125
1 0.47265625 0.4127604166666667 0.046875 0.03125
1 0.4127604166666667 0.52734375 0.059895833333333336 0.046875
1 0.4440104166666667 0.5572916666666666 0.057291666666666664 0.049479166666666664
1 0.4596354166666667 0.7265625 0.044270833333333336 0.08072916666666667
1 0.4947916666666667 0.6666666666666666 0.03125 0.08854166666666667
1 0.7109375 0.5052083333333334 0.06510416666666667 0.059895833333333336
1 0.43359375 0.4830729166666667 0.028645833333333332 0.026041666666666668
1 0.3763020833333333 0.59765625 0.06510416666666667 0.046875
1 0.4895833333333333 0.4466145833333333 0.028645833333333332 0.0625
1 0.51171875 0.42578125 0.026041666666666668 0.033854166666666664
1 0.4791666666666667 0.5104166666666666 0.049479166666666664 0.078125
1 0.4244791666666667 0.6783854166666666 0.08333333333333333 0.0625
1 0.9739583333333334 0.3763020833333333 0.044270833333333336 0.0703125
1 0.44140625 0.47265625 0.049479166666666664 0.0390625
1 0.4440104166666667 0.4140625 0.0625 0.028645833333333332
1 0.453125 0.5182291666666666 0.028645833333333332 0.044270833333333336
1 0.5221354166666666 0.5911458333333334 0.049479166666666664 0.08333333333333333
1 0.51953125 0.4427083333333333 0.020833333333333332 0.044270833333333336
1 0.3958333333333333 0.3958333333333333 0.049479166666666664 0.049479166666666664
1 0.4973958333333333 0.46484375 0.03125 0.0625
1 0.3658854166666667 0.26171875 0.0703125 0.059895833333333336