1 0.4713541666666667 0.3463541666666667 0.0390625 0.057291666666666664
1 0.4622395833333333 0.4166666666666667 0.036458333333333336 0.06770833333333333
1 0.3385416666666667 0.18229166666666666 0.057291666666666664 0.044270833333333336
1 0.3580729166666667 0.5143229166666666 0.028645833333333332 0.041666666666666664
1 0.3736979166666667 0.4908854166666667 0.0390625 0.044270833333333336
1 0.4739583333333333 0.5325520833333334 0.059895833333333336 0.059895833333333336
1 0.4348958333333333 0.4075520833333333 0.03125 0.052083333333333336
1 0.4609375 0.18619791666666666 0.033854166666666664 0.049479166666666664
1 0.3489583333333333 0.057291666666666664 0.046875 0.059895833333333336
1 0.4557291666666667 0.2591145833333333 0.041666666666666664 0.049479166666666664
1 0.3671875 0.53125 0.028645833333333332 0.046875
1 0.5364583333333334 0.4244791666666667 0.057291666666666664 0.052083333333333336
1 0.56640625 0.5703125 0.044270833333333336 0.041666666666666664
1 0.32421875 0.4622395833333333 0.036458333333333336 0.078125
1 0.41796875 0.4270833333333333 0.0390625 0.044270833333333336
1 0.390625 0.5143229166666666 0.044270833333333336 0.036458333333333336
1 0.5286458333333334 0.5325520833333334 0.041666666666666664 0.044270833333333336
1 0.5807291666666666 0.5494791666666666 0.041666666666666664 0.033854166666666664
1 0.40234375 0.3684895833333333 0.046875 0.041666666666666664
1 0.4856770833333333 0.18098958333333334 0.036458333333333336 0.0703125
1 0.4283854166666667 0.5377604166666666 0.052083333333333336 0.052083333333333336
1 0.5572916666666666 0.609375 0.033854166666666664 0.0546875