1 0.2669270833333333 0.54296875 0.0625 0.07552083333333333
1 0.5299479166666666 0.8307291666666666 0.078125 0.0703125
1 0.7317708333333334 0.6510416666666666 0.06510416666666667 0.049479166666666664
1 0.421875 0.6380208333333334 0.057291666666666664 0.044270833333333336
1 0.7057291666666666 0.8033854166666666 0.049479166666666664 0.07291666666666667
1 0.5338541666666666 0.3984375 0.0390625 0.057291666666666664
1 0.7955729166666666 0.8489583333333334 0.0546875 0.06770833333333333
1 0.6158854166666666 0.5455729166666666 0.0390625 0.0546875
1 0.80859375 0.5755208333333334 0.049479166666666664 0.06770833333333333
1 0.5520833333333334 0.671875 0.059895833333333336 0.06770833333333333
1 0.2955729166666667 0.39453125 0.046875 0.049479166666666664
1 0.6497395833333334 0.41796875 0.0546875 0.06510416666666667
1 0.4674479166666667 0.5390625 0.057291666666666664 0.06510416666666667
1 0.4205729166666667 0.6041666666666666 0.0703125 0.049479166666666664
1 0.5677083333333334 0.9479166666666666 0.0625 0.0625
1 0.44140625 0.8059895833333334 0.052083333333333336 0.0390625
1 0.5026041666666666 0.3932291666666667 0.041666666666666664 0.059895833333333336
1 0.48046875 0.6197916666666666 0.046875 0.057291666666666664
1 0.6640625 0.2552083333333333 0.057291666666666664 0.0546875
1 0.484375 0.8958333333333334 0.052083333333333336 0.0625
1 0.94140625 0.9231770833333334 0.057291666666666664 0.036458333333333336