1 0.23567708333333334 0.41796875 0.046875 0.028645833333333332
1 0.39453125 0.66796875 0.03125 0.06510416666666667
1 0.22786458333333334 0.5390625 0.057291666666666664 0.06770833333333333
1 0.2877604166666667 0.4778645833333333 0.049479166666666664 0.041666666666666664
1 0.38671875 0.71484375 0.057291666666666664 0.059895833333333336
1 0.28515625 0.5299479166666666 0.052083333333333336 0.033854166666666664
1 0.24869791666666666 0.5729166666666666 0.052083333333333336 0.044270833333333336
1 0.4205729166666667 0.6783854166666666 0.044270833333333336 0.0703125
1 0.3203125 0.6692708333333334 0.052083333333333336 0.0859375
1 0.37890625 0.5026041666666666 0.059895833333333336 0.036458333333333336
1 0.3619791666666667 0.5859375 0.0546875 0.052083333333333336
1 0.51953125 0.49609375 0.033854166666666664 0.0546875
1 0.24479166666666666 0.6106770833333334 0.033854166666666664 0.0625
1 0.4166666666666667 0.75 0.036458333333333336 0.06510416666666667
1 0.5572916666666666 0.4973958333333333 0.052083333333333336 0.041666666666666664
1 0.5299479166666666 0.52734375 0.059895833333333336 0.03125
1 0.4895833333333333 0.5104166666666666 0.028645833333333332 0.0859375
1 0.3151041666666667 0.55078125 0.049479166666666664 0.036458333333333336
1 0.32421875 0.5716145833333334 0.049479166666666664 0.036458333333333336
1 0.3333333333333333 0.59375 0.020833333333333332 0.044270833333333336
1 0.4309895833333333 0.75 0.036458333333333336 0.078125
1 0.4036458333333333 0.58984375 0.046875 0.033854166666666664
1 0.44140625 0.5299479166666666 0.057291666666666664 0.059895833333333336
1 0.4700520833333333 0.5182291666666666 0.041666666666666664 0.052083333333333336
1 0.3619791666666667 0.6236979166666666 0.0703125 0.057291666666666664
1 0.3515625 0.5455729166666666 0.036458333333333336 0.06770833333333333
1 0.3841145833333333 0.65625 0.044270833333333336 0.09114583333333333
1 0.4544270833333333 0.56640625 0.06510416666666667 0.044270833333333336
1 0.2604166666666667 0.6080729166666666 0.028645833333333332 0.0546875