1 0.4661458333333333 0.50390625 0.044270833333333336 0.057291666666666664
1 0.578125 0.4661458333333333 0.0546875 0.08072916666666667
1 0.3815104166666667 0.5520833333333334 0.041666666666666664 0.057291666666666664
1 0.5234375 0.4270833333333333 0.049479166666666664 0.08072916666666667
1 0.3580729166666667 0.5065104166666666 0.057291666666666664 0.046875
1 0.4934895833333333 0.6640625 0.049479166666666664 0.06770833333333333
1 0.6002604166666666 0.58203125 0.059895833333333336 0.059895833333333336
1 0.5924479166666666 0.55078125 0.0546875 0.07552083333333333
1 0.3919270833333333 0.6171875 0.049479166666666664 0.06510416666666667
1 0.41015625 0.5338541666666666 0.0546875 0.059895833333333336
1 0.5104166666666666 0.44140625 0.044270833333333336 0.06770833333333333
1 0.4088541666666667 0.4895833333333333 0.07291666666666667 0.08333333333333333
1 0.3997395833333333 0.4283854166666667 0.049479166666666664 0.0859375
1 0.390625 0.3151041666666667 0.06510416666666667 0.0703125
1 0.5533854166666666 0.515625 0.041666666666666664 0.06770833333333333
1 0.5286458333333334 0.59765625 0.049479166666666664 0.049479166666666664
1 0.48046875 0.6197916666666666 0.0703125 0.0703125
1 0.5 0.5651041666666666 0.057291666666666664 0.0703125
1 0.3802083333333333 0.4895833333333333 0.052083333333333336 0.06770833333333333
1 0.4947916666666667 0.5052083333333334 0.041666666666666664 0.0625
1 0.4192708333333333 0.609375 0.046875 0.06510416666666667
1 0.4375 0.67578125 0.057291666666666664 0.1015625
1 0.5442708333333334 0.63671875 0.059895833333333336 0.049479166666666664
1 0.5520833333333334 0.6158854166666666 0.057291666666666664 0.041666666666666664
1 0.4153645833333333 0.3229166666666667 0.06510416666666667 0.0625
1 0.55859375 0.5403645833333334 0.052083333333333336 0.078125
1 0.4127604166666667 0.5690104166666666 0.059895833333333336 0.0546875
1 0.4895833333333333 0.3958333333333333 0.06510416666666667 0.06770833333333333
1 0.3763020833333333 0.4270833333333333 0.052083333333333336 0.08333333333333333
1 0.4075520833333333 0.2708333333333333 0.059895833333333336 0.0703125
1 0.49609375 0.3046875 0.0546875 0.046875
1 0.3971354166666667 0.3671875 0.057291666666666664 0.049479166666666664
1 0.3919270833333333 0.3880208333333333 0.046875 0.07552083333333333
1 0.5104166666666666 0.6276041666666666 0.0390625 0.06770833333333333
1 0.53515625 0.5690104166666666 0.044270833333333336 0.036458333333333336
1 0.3919270833333333 0.66796875 0.07552083333333333 0.078125
1 0.4622395833333333 0.5559895833333334 0.06510416666666667 0.0703125
1 0.5325520833333334 0.5247395833333334 0.0625 0.046875
1 0.5442708333333334 0.46484375 0.06510416666666667 0.06770833333333333
1 0.4205729166666667 0.4075520833333333 0.052083333333333336 0.08072916666666667
1 0.3489583333333333 0.35546875 0.052083333333333336 0.0859375
1 0.359375 0.33203125 0.0390625 0.057291666666666664
1 0.4375 0.5950520833333334 0.046875 0.07291666666666667