1 0.5455729166666666 0.5625 0.052083333333333336 0.033854166666666664
1 0.4583333333333333 0.359375 0.0234375 0.06770833333333333
1 0.5065104166666666 0.5677083333333334 0.0390625 0.036458333333333336
1 0.3294270833333333 0.5169270833333334 0.036458333333333336 0.059895833333333336
1 0.3684895833333333 0.46484375 0.049479166666666664 0.03125
1 0.3307291666666667 0.5755208333333334 0.0390625 0.036458333333333336
1 0.28515625 0.7122395833333334 0.041666666666666664 0.036458333333333336
1 0.45703125 0.4127604166666667 0.03125 0.041666666666666664
1 0.4895833333333333 0.2903645833333333 0.0234375 0.0546875
1 0.5247395833333334 0.578125 0.041666666666666664 0.044270833333333336
1 0.4036458333333333 0.5651041666666666 0.052083333333333336 0.052083333333333336
1 0.3684895833333333 0.5169270833333334 0.03125 0.059895833333333336
1 0.3997395833333333 0.6197916666666666 0.026041666666666668 0.06510416666666667
1 0.3736979166666667 0.6875 0.028645833333333332 0.057291666666666664
1 0.2994791666666667 0.7578125 0.041666666666666664 0.049479166666666664
1 0.4453125 0.4010416666666667 0.03125 0.020833333333333332
1 0.3658854166666667 0.65625 0.020833333333333332 0.0625
1 0.2682291666666667 0.57421875 0.033854166666666664 0.046875
1 0.4348958333333333 0.5572916666666666 0.0234375 0.044270833333333336
1 0.4231770833333333 0.4583333333333333 0.046875 0.049479166666666664