1 0.5989583333333334 0.5911458333333334 0.0546875 0.07291666666666667
1 0.4596354166666667 0.4895833333333333 0.015625 0.0390625
1 0.5872395833333334 0.4765625 0.059895833333333336 0.041666666666666664
1 0.48828125 0.5234375 0.0234375 0.09895833333333333
1 0.44921875 0.3385416666666667 0.03125 0.08333333333333333
1 0.5755208333333334 0.5833333333333334 0.044270833333333336 0.052083333333333336
1 0.5403645833333334 0.4947916666666667 0.0390625 0.0703125
1 0.6692708333333334 0.6015625 0.033854166666666664 0.06770833333333333
1 0.62109375 0.4166666666666667 0.059895833333333336 0.06510416666666667
1 0.30859375 0.5416666666666666 0.0390625 0.08333333333333333
1 0.52734375 0.5716145833333334 0.046875 0.07291666666666667
1 0.4153645833333333 0.5052083333333334 0.041666666666666664 0.07552083333333333
1 0.6236979166666666 0.6184895833333334 0.057291666666666664 0.052083333333333336
1 0.66796875 0.48046875 0.026041666666666668 0.0390625
1 0.6067708333333334 0.5416666666666666 0.0546875 0.049479166666666664
1 0.6080729166666666 0.50390625 0.018229166666666668 0.0234375
1 0.4075520833333333 0.4114583333333333 0.0546875 0.059895833333333336
1 0.3580729166666667 0.5130208333333334 0.0390625 0.057291666666666664
1 0.3515625 0.6315104166666666 0.044270833333333336 0.06770833333333333