1 0.6796875 0.2799479166666667 0.046875 0.049479166666666664
1 0.2604166666666667 0.546875 0.0390625 0.03125
1 0.2799479166666667 0.4947916666666667 0.036458333333333336 0.049479166666666664
1 0.5924479166666666 0.4869791666666667 0.0390625 0.044270833333333336
1 0.89453125 0.3828125 0.0546875 0.033854166666666664
1 0.8580729166666666 0.65625 0.0625 0.046875
1 0.515625 0.6002604166666666 0.046875 0.044270833333333336
1 0.23567708333333334 0.33203125 0.03125 0.041666666666666664
1 0.3736979166666667 0.3802083333333333 0.0546875 0.0390625
1 0.5989583333333334 0.24088541666666666 0.046875 0.044270833333333336
1 0.3346354166666667 0.5208333333333334 0.0390625 0.028645833333333332
1 0.4283854166666667 0.58984375 0.052083333333333336 0.036458333333333336
1 0.31640625 0.4153645833333333 0.0390625 0.044270833333333336
1 0.4518229166666667 0.46875 0.0390625 0.028645833333333332
1 0.8307291666666666 0.4361979166666667 0.044270833333333336 0.0390625
1 0.5208333333333334 0.5208333333333334 0.046875 0.046875
1 0.203125 0.5494791666666666 0.049479166666666664 0.049479166666666664
1 0.4609375 0.3020833333333333 0.0546875 0.052083333333333336
1 0.4296875 0.3776041666666667 0.046875 0.036458333333333336
1 0.5807291666666666 0.6705729166666666 0.036458333333333336 0.041666666666666664
1 0.2864583333333333 0.5364583333333334 0.044270833333333336 0.026041666666666668
1 0.890625 0.4453125 0.049479166666666664 0.0546875
1 0.4791666666666667 0.5833333333333334 0.049479166666666664 0.041666666666666664
1 0.18229166666666666 0.3268229166666667 0.078125 0.03125
1 0.7122395833333334 0.4153645833333333 0.052083333333333336 0.0390625
1 0.5234375 0.3203125 0.044270833333333336 0.046875
1 0.62890625 0.359375 0.052083333333333336 0.041666666666666664
1 0.3684895833333333 0.4153645833333333 0.046875 0.0390625
1 0.24609375 0.4830729166666667 0.036458333333333336 0.033854166666666664
1 0.5455729166666666 0.4348958333333333 0.033854166666666664 0.044270833333333336
1 0.6458333333333334 0.5325520833333334 0.03125 0.0390625
1 0.5143229166666666 0.24609375 0.059895833333333336 0.0390625
1 0.3828125 0.5611979166666666 0.036458333333333336 0.049479166666666664
1 0.2552083333333333 0.3372395833333333 0.046875 0.041666666666666664
1 0.3567708333333333 0.5559895833333334 0.036458333333333336 0.033854166666666664
1 0.6236979166666666 0.5 0.052083333333333336 0.028645833333333332
1 0.5833333333333334 0.33203125 0.052083333333333336 0.044270833333333336
1 0.6979166666666666 0.40234375 0.0546875 0.033854166666666664