1 0.5703125 0.55859375 0.015625 0.028645833333333332
1 0.4127604166666667 0.4544270833333333 0.015625 0.026041666666666668
1 0.6223958333333334 0.39453125 0.010416666666666666 0.03125
1 0.5104166666666666 0.61328125 0.013020833333333334 0.026041666666666668
1 0.5611979166666666 0.4947916666666667 0.015625 0.046875
1 0.4518229166666667 0.5286458333333334 0.015625 0.0234375
1 0.53125 0.3645833333333333 0.015625 0.036458333333333336
1 0.59375 0.62890625 0.015625 0.03125
1 0.6328125 0.6588541666666666 0.010416666666666666 0.036458333333333336
1 0.53515625 0.48046875 0.018229166666666668 0.03125
1 0.55078125 0.5924479166666666 0.018229166666666668 0.020833333333333332
1 0.5390625 0.2838541666666667 0.013020833333333334 0.03125
1 0.5690104166666666 0.4440104166666667 0.020833333333333332 0.026041666666666668
1 0.5963541666666666 0.55078125 0.015625 0.015625
1 0.5338541666666666 0.5364583333333334 0.010416666666666666 0.026041666666666668
1 0.6341145833333334 0.5208333333333334 0.0234375 0.018229166666666668
1 0.3776041666666667 0.4270833333333333 0.026041666666666668 0.020833333333333332
1 0.6783854166666666 0.4817708333333333 0.026041666666666668 0.020833333333333332
1 0.5924479166666666 0.375 0.015625 0.026041666666666668
1 0.64453125 0.4388020833333333 0.010416666666666666 0.028645833333333332
1 0.4505208333333333 0.4010416666666667 0.015625 0.020833333333333332
1 0.48828125 0.5559895833333334 0.020833333333333332 0.015625
1 0.5 0.4986979166666667 0.020833333333333332 0.03125
1 0.5755208333333334 0.39453125 0.026041666666666668 0.020833333333333332