1 0.8502604166666666 0.796875 0.07291666666666667 0.059895833333333336
1 0.39453125 0.8372395833333334 0.059895833333333336 0.059895833333333336
1 0.15364583333333334 0.4283854166666667 0.0625 0.046875
1 0.8190104166666666 0.703125 0.049479166666666664 0.0546875
1 0.6510416666666666 0.6223958333333334 0.07291666666666667 0.0546875
1 0.4973958333333333 0.625 0.052083333333333336 0.057291666666666664
1 0.3072916666666667 0.4895833333333333 0.057291666666666664 0.049479166666666664
1 0.21484375 0.4921875 0.0546875 0.052083333333333336
1 0.12239583333333333 0.3502604166666667 0.08072916666666667 0.0625
1 0.6080729166666666 0.8802083333333334 0.06510416666666667 0.059895833333333336
1 0.2591145833333333 0.6171875 0.059895833333333336 0.046875
1 0.12890625 0.6966145833333334 0.07291666666666667 0.0703125
1 0.5234375 0.11588541666666667 0.057291666666666664 0.059895833333333336
1 0.68359375 0.8372395833333334 0.0546875 0.041666666666666664
1 0.6653645833333334 0.6484375 0.057291666666666664 0.046875
1 0.5598958333333334 0.4713541666666667 0.0546875 0.049479166666666664
1 0.3463541666666667 0.5625 0.057291666666666664 0.052083333333333336
1 0.26171875 0.7200520833333334 0.06770833333333333 0.052083333333333336
1 0.8880208333333334 0.4127604166666667 0.07291666666666667 0.052083333333333336
1 0.7096354166666666 0.7356770833333334 0.052083333333333336 0.057291666666666664
1 0.5520833333333334 0.8333333333333334 0.0625 0.0546875
1 0.7239583333333334 0.6315104166666666 0.052083333333333336 0.057291666666666664
1 0.5885416666666666 0.7018229166666666 0.049479166666666664 0.044270833333333336
1 0.48046875 0.5338541666666666 0.057291666666666664 0.044270833333333336
1 0.109375 0.3203125 0.057291666666666664 0.059895833333333336
1 0.7955729166666666 0.2604166666666667 0.0703125 0.046875
1 0.6888020833333334 0.6770833333333334 0.06510416666666667 0.059895833333333336
1 0.515625 0.73828125 0.057291666666666664 0.052083333333333336
1 0.3255208333333333 0.7252604166666666 0.052083333333333336 0.044270833333333336
1 0.2109375 0.7526041666666666 0.06770833333333333 0.049479166666666664
1 0.20442708333333334 0.4388020833333333 0.07291666666666667 0.0546875
1 0.8541666666666666 0.4947916666666667 0.0625 0.0546875
1 0.7838541666666666 0.8151041666666666 0.059895833333333336 0.046875
1 0.5338541666666666 0.4518229166666667 0.0703125 0.0546875
1 0.3216145833333333 0.2903645833333333 0.059895833333333336 0.046875
1 0.5950520833333334 0.26953125 0.0546875 0.059895833333333336
1 0.7122395833333334 0.2838541666666667 0.049479166666666664 0.052083333333333336
1 0.6197916666666666 0.3893229166666667 0.0625 0.059895833333333336
1 0.9036458333333334 0.3932291666666667 0.06510416666666667 0.049479166666666664
1 0.5559895833333334 0.8671875 0.059895833333333336 0.0546875
1 0.5455729166666666 0.5572916666666666 0.06510416666666667 0.059895833333333336
1 0.25390625 0.4166666666666667 0.049479166666666664 0.0390625
1 0.6197916666666666 0.7278645833333334 0.06510416666666667 0.046875