1 0.5768229166666666 0.6640625 0.057291666666666664 0.059895833333333336
1 0.5963541666666666 0.4713541666666667 0.052083333333333336 0.07291666666666667
1 0.6640625 0.7317708333333334 0.049479166666666664 0.06510416666666667
1 0.5833333333333334 0.2604166666666667 0.0859375 0.1015625
1 0.66796875 0.37109375 0.059895833333333336 0.057291666666666664
1 0.4270833333333333 0.48046875 0.06510416666666667 0.0703125
1 0.4192708333333333 0.6666666666666666 0.057291666666666664 0.08072916666666667
1 0.7044270833333334 0.3723958333333333 0.078125 0.06510416666666667
1 0.5325520833333334 0.3111979166666667 0.052083333333333336 0.06510416666666667
1 0.7174479166666666 0.7291666666666666 0.057291666666666664 0.046875
1 0.6731770833333334 0.6419270833333334 0.052083333333333336 0.041666666666666664
1 0.3802083333333333 0.6705729166666666 0.057291666666666664 0.0625
1 0.6510416666666666 0.4088541666666667 0.052083333333333336 0.0625
1 0.6158854166666666 0.5299479166666666 0.044270833333333336 0.0703125
1 0.5013020833333334 0.5442708333333334 0.044270833333333336 0.044270833333333336
1 0.6510416666666666 0.42578125 0.044270833333333336 0.057291666666666664
1 0.5286458333333334 0.640625 0.049479166666666664 0.08072916666666667
1 0.5846354166666666 0.4505208333333333 0.0703125 0.0703125
1 0.6744791666666666 0.48828125 0.06510416666666667 0.08333333333333333
1 0.6328125 0.3515625 0.046875 0.0546875
1 0.7630208333333334 0.6119791666666666 0.08333333333333333 0.08854166666666667
1 0.6223958333333334 0.7552083333333334 0.0546875 0.0703125
1 0.421875 0.5390625 0.052083333333333336 0.06770833333333333
1 0.6106770833333334 0.5065104166666666 0.046875 0.08072916666666667
1 0.6236979166666666 0.3932291666666667 0.049479166666666664 0.078125
1 0.5872395833333334 0.6875 0.0703125 0.08072916666666667
1 0.3528645833333333 0.6901041666666666 0.041666666666666664 0.03125
1 0.4036458333333333 0.6028645833333334 0.06770833333333333 0.07291666666666667
1 0.3854166666666667 0.6328125 0.07291666666666667 0.06510416666666667
1 0.4322916666666667 0.5729166666666666 0.0546875 0.08854166666666667
1 0.5950520833333334 0.37109375 0.052083333333333336 0.07552083333333333
1 0.5338541666666666 0.71484375 0.046875 0.046875
1 0.8294270833333334 0.5221354166666666 0.044270833333333336 0.0625
1 0.5208333333333334 0.6901041666666666 0.07291666666666667 0.06510416666666667
1 0.6484375 0.4895833333333333 0.046875 0.052083333333333336
1 0.4817708333333333 0.51171875 0.052083333333333336 0.044270833333333336
1 0.828125 0.55859375 0.03125 0.049479166666666664