1 0.6640625 0.30859375 0.059895833333333336 0.078125
1 0.5377604166666666 0.38671875 0.052083333333333336 0.15625
1 0.7721354166666666 0.2838541666666667 0.08333333333333333 0.06770833333333333
1 0.390625 0.24088541666666666 0.041666666666666664 0.1171875
1 0.09114583333333333 0.8932291666666666 0.059895833333333336 0.08072916666666667
1 0.3333333333333333 0.9635416666666666 0.036458333333333336 0.041666666666666664
1 0.16796875 0.8802083333333334 0.0625 0.07552083333333333
1 0.6783854166666666 0.21484375 0.046875 0.1015625
1 0.5950520833333334 0.4752604166666667 0.03125 0.059895833333333336
1 0.4453125 0.14713541666666666 0.052083333333333336 0.07552083333333333
1 0.6145833333333334 0.3932291666666667 0.057291666666666664 0.044270833333333336
1 0.078125 0.6848958333333334 0.0625 0.10677083333333333
1 0.6731770833333334 0.5442708333333334 0.049479166666666664 0.09114583333333333
1 0.19791666666666666 0.6393229166666666 0.036458333333333336 0.0859375
1 0.4296875 0.8177083333333334 0.06770833333333333 0.078125
1 0.2955729166666667 0.7408854166666666 0.052083333333333336 0.0703125
1 0.4231770833333333 0.18359375 0.052083333333333336 0.0703125
1 0.65234375 0.421875 0.0390625 0.11979166666666667
1 0.4192708333333333 0.609375 0.052083333333333336 0.07552083333333333
1 0.6822916666666666 0.3229166666666667 0.046875 0.0703125
1 0.578125 0.2552083333333333 0.052083333333333336 0.06510416666666667
1 0.6158854166666666 0.21354166666666666 0.06510416666666667 0.059895833333333336
1 0.58984375 0.19010416666666666 0.049479166666666664 0.09895833333333333
1 0.22526041666666666 0.6015625 0.0390625 0.09895833333333333
1 0.3463541666666667 0.75 0.046875 0.059895833333333336
1 0.26171875 0.5533854166666666 0.036458333333333336 0.0703125
1 0.13802083333333334 0.5169270833333334 0.052083333333333336 0.09895833333333333
1 0.16536458333333334 0.5 0.049479166666666664 0.09635416666666667
1 0.5546875 0.7278645833333334 0.0625 0.08072916666666667
1 0.28125 0.6236979166666666 0.036458333333333336 0.078125
1 0.4401041666666667 0.95703125 0.0546875 0.07291666666666667
1 0.5130208333333334 0.5885416666666666 0.046875 0.07291666666666667
1 0.2747395833333333 0.9153645833333334 0.0390625 0.09635416666666667
1 0.3515625 0.3255208333333333 0.052083333333333336 0.10416666666666667
1 0.14322916666666666 0.91796875 0.0546875 0.0859375
1 0.4361979166666667 0.3111979166666667 0.0390625 0.109375
1 0.06901041666666667 0.76953125 0.044270833333333336 0.11197916666666667
1 0.33203125 0.5442708333333334 0.036458333333333336 0.10677083333333333
1 0.6809895833333334 0.6471354166666666 0.07291666666666667 0.09114583333333333
1 0.3684895833333333 0.8606770833333334 0.049479166666666664 0.06770833333333333
1 0.4817708333333333 0.4765625 0.0625 0.046875
1 0.09375 0.640625 0.059895833333333336 0.09114583333333333
1 0.4466145833333333 0.74609375 0.049479166666666664 0.06510416666666667
1 0.048177083333333336 0.7317708333333334 0.052083333333333336 0.10677083333333333
1 0.46875 0.83984375 0.036458333333333336 0.08854166666666667
1 0.6979166666666666 0.4205729166666667 0.06510416666666667 0.109375
1 0.52734375 0.5078125 0.033854166666666664 0.08333333333333333
1 0.16015625 0.6106770833333334 0.033854166666666664 0.08333333333333333
1 0.640625 0.3111979166666667 0.059895833333333336 0.0859375
1 0.5625 0.48828125 0.033854166666666664 0.057291666666666664
1 0.7265625 0.3606770833333333 0.0703125 0.07552083333333333
1 0.5338541666666666 0.17317708333333334 0.033854166666666664 0.078125
1 0.4986979166666667 0.5403645833333334 0.041666666666666664 0.057291666666666664
1 0.5 0.78515625 0.0625 0.0703125
1 0.17708333333333334 0.8177083333333334 0.0390625 0.07552083333333333
1 0.484375 0.6328125 0.046875 0.12239583333333333
1 0.4921875 0.15885416666666666 0.057291666666666664 0.057291666666666664
1 0.20963541666666666 0.85546875 0.052083333333333336 0.078125
1 0.6354166666666666 0.4856770833333333 0.059895833333333336 0.1171875
1 0.2565104166666667 0.9036458333333334 0.046875 0.109375
1 0.7096354166666666 0.328125 0.059895833333333336 0.07552083333333333
1 0.4036458333333333 0.68359375 0.0390625 0.049479166666666664
1 0.41796875 0.2864583333333333 0.03125 0.08854166666666667
1 0.20572916666666666 0.7330729166666666 0.06770833333333333 0.059895833333333336
1 0.42578125 0.90625 0.052083333333333336 0.09114583333333333
1 0.33203125 0.6471354166666666 0.06510416666666667 0.07291666666666667
1 0.2708333333333333 0.7005208333333334 0.057291666666666664 0.1171875