1 0.75 0.5221354166666666 0.057291666666666664 0.057291666666666664
1 0.5481770833333334 0.3463541666666667 0.049479166666666664 0.08072916666666667
1 0.5885416666666666 0.5963541666666666 0.0546875 0.07291666666666667
1 0.61328125 0.3854166666666667 0.07291666666666667 0.049479166666666664
1 0.640625 0.4661458333333333 0.06510416666666667 0.0546875
1 0.4440104166666667 0.5390625 0.049479166666666664 0.049479166666666664
1 0.56640625 0.4388020833333333 0.046875 0.07552083333333333
1 0.7213541666666666 0.6302083333333334 0.041666666666666664 0.07552083333333333
1 0.4778645833333333 0.4127604166666667 0.0625 0.0703125
1 0.5638020833333334 0.1875 0.06770833333333333 0.078125
1 0.68359375 0.7395833333333334 0.041666666666666664 0.07291666666666667
1 0.5338541666666666 0.5169270833333334 0.041666666666666664 0.0859375