1 0.23567708333333334 0.5403645833333334 0.059895833333333336 0.046875
1 0.6236979166666666 0.3190104166666667 0.057291666666666664 0.046875
1 0.4700520833333333 0.625 0.041666666666666664 0.0390625
1 0.59765625 0.22786458333333334 0.041666666666666664 0.03125
1 0.4192708333333333 0.6875 0.059895833333333336 0.052083333333333336
1 0.50390625 0.4309895833333333 0.049479166666666664 0.044270833333333336
1 0.5247395833333334 0.50390625 0.046875 0.044270833333333336
1 0.4713541666666667 0.3072916666666667 0.0546875 0.052083333333333336
1 0.62109375 0.609375 0.0546875 0.041666666666666664
1 0.609375 0.4505208333333333 0.0546875 0.052083333333333336
1 0.3333333333333333 0.4557291666666667 0.052083333333333336 0.041666666666666664
1 0.4817708333333333 0.3854166666666667 0.036458333333333336 0.044270833333333336
1 0.5013020833333334 0.24088541666666666 0.057291666666666664 0.046875
1 0.4856770833333333 0.7942708333333334 0.059895833333333336 0.0546875
1 0.4895833333333333 0.2591145833333333 0.059895833333333336 0.041666666666666664
1 0.7096354166666666 0.3893229166666667 0.07291666666666667 0.049479166666666664
1 0.4153645833333333 0.5963541666666666 0.046875 0.0390625
1 0.515625 0.4466145833333333 0.046875 0.044270833333333336
1 0.7708333333333334 0.6263020833333334 0.046875 0.041666666666666664
1 0.7760416666666666 0.5169270833333334 0.052083333333333336 0.0390625
1 0.58203125 0.20833333333333334 0.044270833333333336 0.036458333333333336
1 0.20963541666666666 0.3802083333333333 0.057291666666666664 0.052083333333333336
1 0.71484375 0.3216145833333333 0.0546875 0.049479166666666664
1 0.18619791666666666 0.4791666666666667 0.052083333333333336 0.049479166666666664
1 0.2721354166666667 0.36328125 0.044270833333333336 0.046875
1 0.57421875 0.47265625 0.052083333333333336 0.0390625
1 0.55859375 0.359375 0.059895833333333336 0.049479166666666664
1 0.6940104166666666 0.515625 0.046875 0.046875
1 0.6979166666666666 0.7018229166666666 0.052083333333333336 0.041666666666666664
1 0.3424479166666667 0.4765625 0.059895833333333336 0.036458333333333336
1 0.5859375 0.640625 0.041666666666666664 0.036458333333333336