1 0.14453125 0.4361979166666667 0.036458333333333336 0.0703125
1 0.13802083333333334 0.5169270833333334 0.026041666666666668 0.0390625
1 0.3567708333333333 0.6783854166666666 0.0390625 0.0390625
1 0.4231770833333333 0.7877604166666666 0.036458333333333336 0.049479166666666664
1 0.7200520833333334 0.4596354166666667 0.0390625 0.033854166666666664
1 0.6341145833333334 0.5247395833333334 0.03125 0.036458333333333336
1 0.3385416666666667 0.33203125 0.046875 0.08072916666666667
1 0.7565104166666666 0.5924479166666666 0.033854166666666664 0.0625
1 0.5494791666666666 0.3684895833333333 0.03125 0.036458333333333336
1 0.609375 0.5924479166666666 0.03125 0.049479166666666664
1 0.4127604166666667 0.4166666666666667 0.033854166666666664 0.052083333333333336
1 0.6263020833333334 0.59765625 0.026041666666666668 0.044270833333333336
1 0.5716145833333334 0.83203125 0.03125 0.044270833333333336
1 0.5533854166666666 0.8541666666666666 0.03125 0.033854166666666664
1 0.18359375 0.2786458333333333 0.041666666666666664 0.041666666666666664
1 0.15885416666666666 0.4908854166666667 0.041666666666666664 0.049479166666666664
1 0.3151041666666667 0.5104166666666666 0.0390625 0.036458333333333336
1 0.4127604166666667 0.703125 0.033854166666666664 0.044270833333333336
1 0.46875 0.5325520833333334 0.026041666666666668 0.041666666666666664
1 0.58203125 0.4283854166666667 0.033854166666666664 0.057291666666666664
1 0.4739583333333333 0.4127604166666667 0.041666666666666664 0.044270833333333336
1 0.5299479166666666 0.6458333333333334 0.03125 0.036458333333333336
1 0.4166666666666667 0.3411458333333333 0.044270833333333336 0.0390625
1 0.47265625 0.4518229166666667 0.03125 0.049479166666666664
1 0.3346354166666667 0.4427083333333333 0.046875 0.0546875
1 0.546875 0.2916666666666667 0.03125 0.0546875
1 0.7447916666666666 0.5755208333333334 0.026041666666666668 0.033854166666666664
1 0.20703125 0.6015625 0.0234375 0.041666666666666664
1 0.2604166666666667 0.6888020833333334 0.0234375 0.049479166666666664
1 0.28125 0.421875 0.03125 0.0625
1 0.3229166666666667 0.625 0.028645833333333332 0.041666666666666664
1 0.3020833333333333 0.5768229166666666 0.028645833333333332 0.046875
1 0.2955729166666667 0.64453125 0.036458333333333336 0.052083333333333336
1 0.24739583333333334 0.4609375 0.028645833333333332 0.049479166666666664
1 0.4192708333333333 0.8359375 0.0390625 0.057291666666666664
1 0.3619791666666667 0.5494791666666666 0.03125 0.036458333333333336
1 0.5546875 0.40625 0.03125 0.026041666666666668
1 0.5572916666666666 0.8268229166666666 0.033854166666666664 0.044270833333333336
1 0.640625 0.3671875 0.0390625 0.026041666666666668
1 0.6979166666666666 0.484375 0.0234375 0.044270833333333336
1 0.6653645833333334 0.7200520833333334 0.046875 0.044270833333333336
1 0.67578125 0.4661458333333333 0.03125 0.049479166666666664
1 0.7265625 0.7434895833333334 0.044270833333333336 0.033854166666666664
1 0.6315104166666666 0.66796875 0.041666666666666664 0.028645833333333332
1 0.47265625 0.5963541666666666 0.0390625 0.026041666666666668
1 0.5416666666666666 0.8919270833333334 0.03125 0.0390625
1 0.4986979166666667 0.51953125 0.0234375 0.033854166666666664
1 0.7903645833333334 0.5247395833333334 0.046875 0.0546875
1 0.23828125 0.4153645833333333 0.046875 0.0390625
1 0.625 0.4283854166666667 0.03125 0.046875
1 0.5846354166666666 0.3736979166666667 0.044270833333333336 0.0546875
1 0.51171875 0.6106770833333334 0.020833333333333332 0.041666666666666664
1 0.76171875 0.5104166666666666 0.020833333333333332 0.0234375
1 0.7942708333333334 0.6328125 0.036458333333333336 0.03125
1 0.6263020833333334 0.62109375 0.028645833333333332 0.028645833333333332
1 0.4192708333333333 0.5794270833333334 0.041666666666666664 0.03125
1 0.23177083333333334 0.4778645833333333 0.0390625 0.044270833333333336
1 0.23046875 0.3671875 0.044270833333333336 0.057291666666666664
1 0.265625 0.3671875 0.046875 0.046875
1 0.22395833333333334 0.609375 0.036458333333333336 0.0546875
1 0.3502604166666667 0.703125 0.044270833333333336 0.03125
1 0.41796875 0.6549479166666666 0.036458333333333336 0.049479166666666664
1 0.38671875 0.57421875 0.026041666666666668 0.036458333333333336
1 0.62890625 0.40625 0.03125 0.028645833333333332
1 0.5703125 0.4986979166666667 0.026041666666666668 0.036458333333333336
1 0.6328125 0.46484375 0.03125 0.046875
1 0.6067708333333334 0.7278645833333334 0.041666666666666664 0.046875
1 0.7643229166666666 0.5338541666666666 0.018229166666666668 0.0390625
1 0.10286458333333333 0.24348958333333334 0.026041666666666668 0.03125
1 0.3997395833333333 0.6197916666666666 0.026041666666666668 0.036458333333333336
1 0.4947916666666667 0.6106770833333334 0.03125 0.028645833333333332
1 0.5143229166666666 0.66015625 0.036458333333333336 0.028645833333333332
1 0.61328125 0.6393229166666666 0.036458333333333336 0.046875
1 0.17578125 0.4114583333333333 0.041666666666666664 0.057291666666666664
1 0.13671875 0.3841145833333333 0.033854166666666664 0.044270833333333336
1 0.44921875 0.91796875 0.0390625 0.052083333333333336
1 0.3997395833333333 0.4700520833333333 0.033854166666666664 0.0546875
1 0.6875 0.4401041666666667 0.03125 0.052083333333333336
1 0.6145833333333334 0.50390625 0.049479166666666664 0.057291666666666664
1 0.4440104166666667 0.3359375 0.0390625 0.044270833333333336
1 0.6158854166666666 0.6223958333333334 0.041666666666666664 0.046875
1 0.42578125 0.6236979166666666 0.041666666666666664 0.0390625
1 0.5364583333333334 0.8619791666666666 0.0234375 0.044270833333333336
1 0.59375 0.82421875 0.03125 0.03125
1 0.6484375 0.5716145833333334 0.033854166666666664 0.0546875
1 0.796875 0.5846354166666666 0.0390625 0.0625
1 0.33203125 0.60546875 0.0390625 0.036458333333333336
1 0.37109375 0.7669270833333334 0.041666666666666664 0.036458333333333336
1 0.44140625 0.86328125 0.044270833333333336 0.0546875
1 0.5169270833333334 0.8177083333333334 0.028645833333333332 0.0546875
1 0.3971354166666667 0.375 0.0390625 0.049479166666666664
1 0.734375 0.4947916666666667 0.033854166666666664 0.046875
1 0.7838541666666666 0.7369791666666666 0.033854166666666664 0.046875
1 0.6809895833333334 0.6627604166666666 0.036458333333333336 0.046875
1 0.6197916666666666 0.3671875 0.028645833333333332 0.020833333333333332
1 0.7005208333333334 0.4986979166666667 0.033854166666666664 0.03125
1 0.32421875 0.4713541666666667 0.052083333333333336 0.044270833333333336
1 0.5768229166666666 0.72265625 0.03125 0.052083333333333336
1 0.53515625 0.66796875 0.028645833333333332 0.028645833333333332
1 0.484375 0.4895833333333333 0.028645833333333332 0.0390625
1 0.37109375 0.5885416666666666 0.028645833333333332 0.0546875
1 0.53125 0.5520833333333334 0.028645833333333332 0.041666666666666664
1 0.11458333333333333 0.3723958333333333 0.036458333333333336 0.057291666666666664
1 0.2565104166666667 0.65625 0.041666666666666664 0.059895833333333336
1 0.4661458333333333 0.3880208333333333 0.036458333333333336 0.036458333333333336
1 0.5494791666666666 0.52734375 0.0390625 0.026041666666666668
1 0.6796875 0.63671875 0.026041666666666668 0.028645833333333332
1 0.5247395833333334 0.3958333333333333 0.033854166666666664 0.049479166666666664
1 0.4791666666666667 0.5169270833333334 0.028645833333333332 0.0390625
1 0.4908854166666667 0.390625 0.026041666666666668 0.033854166666666664
1 0.6106770833333334 0.4739583333333333 0.0390625 0.0390625
1 0.7838541666666666 0.6783854166666666 0.046875 0.049479166666666664
1 0.3763020833333333 0.6276041666666666 0.044270833333333336 0.046875
1 0.6666666666666666 0.6158854166666666 0.0234375 0.044270833333333336
1 0.4518229166666667 0.6861979166666666 0.041666666666666664 0.057291666666666664
1 0.5520833333333334 0.6966145833333334 0.03125 0.046875
1 0.5416666666666666 0.5143229166666666 0.0390625 0.03125