1 0.5690104166666666 0.8541666666666666 0.033854166666666664 0.059895833333333336
1 0.5143229166666666 0.6927083333333334 0.0390625 0.052083333333333336
1 0.4908854166666667 0.703125 0.033854166666666664 0.03125
1 0.5963541666666666 0.55078125 0.03125 0.052083333333333336
1 0.4270833333333333 0.625 0.0390625 0.03125
1 0.6119791666666666 0.5078125 0.033854166666666664 0.046875
1 0.6783854166666666 0.2747395833333333 0.044270833333333336 0.049479166666666664
1 0.6419270833333334 0.3307291666666667 0.036458333333333336 0.052083333333333336
1 0.57421875 0.3645833333333333 0.033854166666666664 0.057291666666666664
1 0.5755208333333334 0.6744791666666666 0.033854166666666664 0.028645833333333332
1 0.3216145833333333 0.23177083333333334 0.036458333333333336 0.0546875
1 0.3463541666666667 0.3880208333333333 0.036458333333333336 0.0546875
1 0.3619791666666667 0.3958333333333333 0.028645833333333332 0.0703125
1 0.5611979166666666 0.3619791666666667 0.033854166666666664 0.057291666666666664
1 0.6080729166666666 0.33984375 0.036458333333333336 0.036458333333333336
1 0.6341145833333334 0.3723958333333333 0.03125 0.059895833333333336
1 0.5546875 0.57421875 0.0390625 0.041666666666666664
1 0.7174479166666666 0.5755208333333334 0.036458333333333336 0.049479166666666664
1 0.7083333333333334 0.4296875 0.03125 0.059895833333333336
1 0.6953125 0.546875 0.03125 0.033854166666666664
1 0.5963541666666666 0.3294270833333333 0.03125 0.036458333333333336
1 0.5625 0.4153645833333333 0.046875 0.0390625
1 0.4544270833333333 0.5182291666666666 0.03125 0.057291666666666664
1 0.48046875 0.6705729166666666 0.036458333333333336 0.046875
1 0.5247395833333334 0.6419270833333334 0.033854166666666664 0.033854166666666664
1 0.6979166666666666 0.625 0.03125 0.059895833333333336
1 0.7252604166666666 0.5651041666666666 0.036458333333333336 0.052083333333333336
1 0.43359375 0.328125 0.036458333333333336 0.0546875
1 0.4544270833333333 0.30078125 0.041666666666666664 0.0390625
1 0.390625 0.3776041666666667 0.03125 0.046875
1 0.4661458333333333 0.4322916666666667 0.0390625 0.052083333333333336
1 0.4140625 0.6002604166666666 0.0390625 0.0546875
1 0.5651041666666666 0.703125 0.0390625 0.049479166666666664
1 0.5768229166666666 0.52734375 0.041666666666666664 0.041666666666666664
1 0.5182291666666666 0.7838541666666666 0.026041666666666668 0.052083333333333336
1 0.5377604166666666 0.6302083333333334 0.0234375 0.052083333333333336
1 0.5872395833333334 0.6028645833333334 0.026041666666666668 0.0546875
1 0.4505208333333333 0.57421875 0.036458333333333336 0.046875
1 0.7083333333333334 0.6197916666666666 0.033854166666666664 0.059895833333333336
1 0.640625 0.45703125 0.03125 0.0546875
1 0.5885416666666666 0.3736979166666667 0.033854166666666664 0.057291666666666664
1 0.5716145833333334 0.31640625 0.0390625 0.0390625
1 0.6028645833333334 0.3046875 0.033854166666666664 0.06510416666666667
1 0.56640625 0.6419270833333334 0.033854166666666664 0.046875
1 0.4466145833333333 0.3190104166666667 0.0390625 0.06510416666666667
1 0.37890625 0.37890625 0.036458333333333336 0.0703125
1 0.5026041666666666 0.421875 0.046875 0.0390625
1 0.3958333333333333 0.609375 0.0390625 0.0546875
1 0.390625 0.58203125 0.0390625 0.036458333333333336
1 0.3645833333333333 0.4856770833333333 0.026041666666666668 0.0546875
1 0.5442708333333334 0.7864583333333334 0.0390625 0.0546875
1 0.5169270833333334 0.60546875 0.03125 0.06510416666666667
1 0.6145833333333334 0.6497395833333334 0.033854166666666664 0.052083333333333336
1 0.6393229166666666 0.58203125 0.0390625 0.06770833333333333
1 0.5989583333333334 0.4518229166666667 0.033854166666666664 0.046875
1 0.5481770833333334 0.37109375 0.03125 0.057291666666666664
1 0.4635416666666667 0.2721354166666667 0.033854166666666664 0.041666666666666664
1 0.3776041666666667 0.3111979166666667 0.036458333333333336 0.07291666666666667
1 0.3294270833333333 0.34375 0.036458333333333336 0.059895833333333336
1 0.5013020833333334 0.4466145833333333 0.033854166666666664 0.057291666666666664
1 0.5546875 0.51953125 0.036458333333333336 0.049479166666666664
1 0.42578125 0.5390625 0.0390625 0.0390625
1 0.3723958333333333 0.4791666666666667 0.026041666666666668 0.052083333333333336
1 0.48828125 0.5611979166666666 0.033854166666666664 0.036458333333333336
1 0.5559895833333334 0.671875 0.026041666666666668 0.0390625
1 0.5403645833333334 0.7161458333333334 0.03125 0.046875
1 0.5950520833333334 0.6588541666666666 0.026041666666666668 0.0546875
1 0.6041666666666666 0.5703125 0.03125 0.06510416666666667
1 0.6315104166666666 0.5286458333333334 0.03125 0.049479166666666664
1 0.6197916666666666 0.4453125 0.036458333333333336 0.0390625
1 0.6497395833333334 0.3684895833333333 0.033854166666666664 0.057291666666666664
1 0.4518229166666667 0.23307291666666666 0.03125 0.0546875
1 0.3372395833333333 0.28125 0.036458333333333336 0.052083333333333336
1 0.5130208333333334 0.34765625 0.03125 0.0625
1 0.3541666666666667 0.3671875 0.036458333333333336 0.0390625
1 0.53125 0.7330729166666666 0.03125 0.0546875
1 0.4830729166666667 0.7161458333333334 0.026041666666666668 0.052083333333333336
1 0.5455729166666666 0.5546875 0.052083333333333336 0.0390625
1 0.4127604166666667 0.6536458333333334 0.026041666666666668 0.0546875
1 0.6822916666666666 0.5716145833333334 0.0390625 0.052083333333333336
1 0.55859375 0.4557291666666667 0.033854166666666664 0.057291666666666664
1 0.6419270833333334 0.3984375 0.028645833333333332 0.052083333333333336
1 0.6145833333333334 0.3815104166666667 0.03125 0.049479166666666664
1 0.65234375 0.5338541666666666 0.036458333333333336 0.036458333333333336
1 0.3033854166666667 0.3528645833333333 0.036458333333333336 0.033854166666666664
1 0.5026041666666666 0.34765625 0.028645833333333332 0.059895833333333336
1 0.39453125 0.4283854166666667 0.044270833333333336 0.0390625
1 0.6145833333333334 0.6263020833333334 0.036458333333333336 0.036458333333333336
1 0.6393229166666666 0.296875 0.041666666666666664 0.049479166666666664
1 0.421875 0.19661458333333334 0.0390625 0.041666666666666664
1 0.4869791666666667 0.375 0.036458333333333336 0.052083333333333336
1 0.484375 0.4140625 0.033854166666666664 0.0390625
1 0.4739583333333333 0.5611979166666666 0.026041666666666668 0.057291666666666664
1 0.4908854166666667 0.4973958333333333 0.03125 0.059895833333333336
1 0.3971354166666667 0.4557291666666667 0.041666666666666664 0.059895833333333336
1 0.4765625 0.625 0.03125 0.052083333333333336