1 0.6041666666666666 0.6184895833333334 0.033854166666666664 0.0546875
1 0.5065104166666666 0.5078125 0.036458333333333336 0.0546875
1 0.5065104166666666 0.6705729166666666 0.026041666666666668 0.06770833333333333
1 0.48828125 0.5520833333333334 0.028645833333333332 0.046875
1 0.56640625 0.4075520833333333 0.046875 0.036458333333333336
1 0.5729166666666666 0.60546875 0.036458333333333336 0.052083333333333336
1 0.5091145833333334 0.4765625 0.046875 0.041666666666666664
1 0.3880208333333333 0.58984375 0.046875 0.049479166666666664
1 0.4270833333333333 0.5390625 0.044270833333333336 0.0625
1 0.5078125 0.59765625 0.041666666666666664 0.026041666666666668
1 0.5130208333333334 0.6236979166666666 0.033854166666666664 0.0390625
1 0.5677083333333334 0.4830729166666667 0.046875 0.049479166666666664
1 0.4739583333333333 0.5364583333333334 0.033854166666666664 0.07291666666666667
1 0.4830729166666667 0.67578125 0.026041666666666668 0.06770833333333333
1 0.52734375 0.37109375 0.03125 0.06510416666666667
1 0.6028645833333334 0.5651041666666666 0.046875 0.046875
1 0.44140625 0.6328125 0.041666666666666664 0.046875
1 0.5403645833333334 0.6315104166666666 0.059895833333333336 0.046875
1 0.4986979166666667 0.3932291666666667 0.0546875 0.044270833333333336
1 0.5416666666666666 0.4309895833333333 0.049479166666666664 0.046875
1 0.5130208333333334 0.5651041666666666 0.03125 0.041666666666666664
1 0.5442708333333334 0.5481770833333334 0.0546875 0.036458333333333336
1 0.5455729166666666 0.66796875 0.044270833333333336 0.044270833333333336
1 0.5546875 0.5234375 0.0546875 0.046875
1 0.4466145833333333 0.5559895833333334 0.0390625 0.06770833333333333
1 0.5390625 0.47265625 0.028645833333333332 0.06510416666666667
1 0.64453125 0.7096354166666666 0.028645833333333332 0.057291666666666664
1 0.5260416666666666 0.5169270833333334 0.033854166666666664 0.041666666666666664
1 0.57421875 0.5716145833333334 0.044270833333333336 0.028645833333333332
1 0.6158854166666666 0.69140625 0.052083333333333336 0.0546875
1 0.5794270833333334 0.5208333333333334 0.041666666666666664 0.041666666666666664
1 0.5377604166666666 0.5833333333333334 0.044270833333333336 0.0546875
1 0.5677083333333334 0.4505208333333333 0.044270833333333336 0.049479166666666664
1 0.6393229166666666 0.5651041666666666 0.052083333333333336 0.033854166666666664
1 0.4765625 0.5911458333333334 0.028645833333333332 0.044270833333333336
1 0.58203125 0.6536458333333334 0.0390625 0.057291666666666664
1 0.4752604166666667 0.5065104166666666 0.03125 0.0703125
1 0.48828125 0.625 0.028645833333333332 0.041666666666666664
1 0.4609375 0.671875 0.026041666666666668 0.0703125
1 0.6067708333333334 0.5065104166666666 0.033854166666666664 0.0546875
1 0.6106770833333334 0.7161458333333334 0.041666666666666664 0.041666666666666664
1 0.5520833333333334 0.6158854166666666 0.046875 0.0234375
1 0.6080729166666666 0.6575520833333334 0.041666666666666664 0.0390625
1 0.4856770833333333 0.4609375 0.0546875 0.026041666666666668
1 0.44921875 0.59375 0.033854166666666664 0.049479166666666664