1 0.022135416666666668 0.6315104166666666 0.044270833333333336 0.059895833333333336
1 0.7526041666666666 0.14583333333333334 0.07291666666666667 0.0859375
1 0.8971354166666666 0.23307291666666666 0.06510416666666667 0.06510416666666667
1 0.10807291666666667 0.421875 0.0703125 0.0703125
1 0.5859375 0.05859375 0.0703125 0.09375
1 0.16145833333333334 0.4244791666666667 0.06510416666666667 0.07291666666666667
1 0.48046875 0.24088541666666666 0.0625 0.0625
1 0.6497395833333334 0.6744791666666666 0.07291666666666667 0.10416666666666667
1 0.7174479166666666 0.9739583333333334 0.0703125 0.052083333333333336
1 0.5611979166666666 0.3893229166666667 0.057291666666666664 0.0546875
1 0.7421875 0.734375 0.059895833333333336 0.07291666666666667
1 0.5052083333333334 0.10416666666666667 0.0703125 0.0859375
1 0.16536458333333334 0.80859375 0.046875 0.0390625