1 0.1875 0.14322916666666666 0.0625 0.052083333333333336
1 0.6731770833333334 0.3854166666666667 0.041666666666666664 0.07552083333333333
1 0.39453125 0.2643229166666667 0.044270833333333336 0.078125
1 0.43359375 0.296875 0.046875 0.06770833333333333
1 0.40234375 0.8333333333333334 0.044270833333333336 0.044270833333333336
1 0.38671875 0.5716145833333334 0.0625 0.046875
1 0.24479166666666666 0.5546875 0.059895833333333336 0.07291666666666667
1 0.3046875 0.2578125 0.041666666666666664 0.0859375
1 0.51953125 0.60546875 0.049479166666666664 0.06510416666666667
1 0.3528645833333333 0.171875 0.0546875 0.078125
1 0.3880208333333333 0.8411458333333334 0.0546875 0.06770833333333333
1 0.3528645833333333 0.29296875 0.0390625 0.036458333333333336
1 0.5690104166666666 0.22916666666666666 0.046875 0.0625
1 0.33203125 0.5716145833333334 0.0546875 0.07291666666666667
1 0.33203125 0.7174479166666666 0.044270833333333336 0.078125
1 0.4388020833333333 0.7434895833333334 0.041666666666666664 0.06770833333333333
1 0.3567708333333333 0.26953125 0.057291666666666664 0.044270833333333336
1 0.5 0.4908854166666667 0.041666666666666664 0.06770833333333333
1 0.38671875 0.6979166666666666 0.059895833333333336 0.06770833333333333
1 0.6341145833333334 0.3997395833333333 0.0546875 0.0703125
1 0.07291666666666667 0.3450520833333333 0.0625 0.049479166666666664
1 0.21223958333333334 0.2708333333333333 0.052083333333333336 0.08072916666666667
1 0.421875 0.24869791666666666 0.059895833333333336 0.0546875
1 0.2903645833333333 0.6223958333333334 0.059895833333333336 0.06510416666666667
1 0.3854166666666667 0.6015625 0.059895833333333336 0.052083333333333336