1 0.5299479166666666 0.4817708333333333 0.046875 0.057291666666666664
1 0.41796875 0.5208333333333334 0.057291666666666664 0.08072916666666667
1 0.6263020833333334 0.4700520833333333 0.044270833333333336 0.057291666666666664
1 0.4388020833333333 0.4557291666666667 0.0546875 0.08072916666666667
1 0.6171875 0.4192708333333333 0.059895833333333336 0.046875
1 0.6041666666666666 0.6263020833333334 0.052083333333333336 0.0703125
1 0.4700520833333333 0.6263020833333334 0.059895833333333336 0.0625
1 0.45703125 0.5963541666666666 0.059895833333333336 0.07552083333333333
1 0.6575520833333334 0.5286458333333334 0.052083333333333336 0.06770833333333333
1 0.5924479166666666 0.47265625 0.057291666666666664 0.059895833333333336
1 0.4557291666666667 0.4596354166666667 0.046875 0.0703125
1 0.5677083333333334 0.4361979166666667 0.07552083333333333 0.0859375
1 0.5377604166666666 0.3828125 0.052083333333333336 0.0859375
1 0.4765625 0.2864583333333333 0.06510416666666667 0.0703125
1 0.4661458333333333 0.5455729166666666 0.044270833333333336 0.06770833333333333
1 0.5364583333333334 0.5950520833333334 0.052083333333333336 0.049479166666666664
1 0.5872395833333334 0.5846354166666666 0.07291666666666667 0.07291666666666667
1 0.5403645833333334 0.5520833333333334 0.057291666666666664 0.0703125
1 0.58984375 0.4192708333333333 0.0546875 0.06770833333333333
1 0.5078125 0.5013020833333334 0.041666666666666664 0.0625
1 0.6302083333333334 0.5390625 0.049479166666666664 0.06510416666666667
1 0.6549479166666666 0.6028645833333334 0.0625 0.1015625
1 0.546875 0.6354166666666666 0.059895833333333336 0.052083333333333336
1 0.5286458333333334 0.6236979166666666 0.059895833333333336 0.044270833333333336
1 0.4609375 0.3072916666666667 0.06770833333333333 0.0625
1 0.4778645833333333 0.5677083333333334 0.057291666666666664 0.078125
1 0.6119791666666666 0.5026041666666666 0.0625 0.0546875
1 0.4453125 0.41015625 0.06770833333333333 0.06770833333333333
1 0.5559895833333334 0.3671875 0.0546875 0.08333333333333333
1 0.4348958333333333 0.26171875 0.059895833333333336 0.0703125
1 0.3854166666666667 0.3424479166666667 0.0546875 0.046875
1 0.5026041666666666 0.33203125 0.057291666666666664 0.052083333333333336
1 0.5182291666666666 0.3463541666666667 0.049479166666666664 0.07552083333333333
1 0.5690104166666666 0.6080729166666666 0.041666666666666664 0.06770833333333333
1 0.5143229166666666 0.5768229166666666 0.046875 0.0390625
1 0.6875 0.5690104166666666 0.078125 0.08072916666666667
1 0.5638020833333334 0.5221354166666666 0.06510416666666667 0.0703125
1 0.4895833333333333 0.5390625 0.0625 0.046875
1 0.4440104166666667 0.4986979166666667 0.06770833333333333 0.06770833333333333
1 0.5065104166666666 0.37890625 0.0546875 0.08072916666666667
1 0.5338541666666666 0.29296875 0.057291666666666664 0.0859375
1 0.51171875 0.28125 0.041666666666666664 0.059895833333333336
1 0.6067708333333334 0.5390625 0.049479166666666664 0.07291666666666667