1 0.4661458333333333 0.3098958333333333 0.0546875 0.0546875
1 0.4361979166666667 0.3346354166666667 0.046875 0.0625
1 0.7161458333333334 0.5846354166666666 0.057291666666666664 0.049479166666666664
1 0.609375 0.29296875 0.049479166666666664 0.0625
1 0.5833333333333334 0.4921875 0.049479166666666664 0.049479166666666664
1 0.43359375 0.64453125 0.057291666666666664 0.052083333333333336
1 0.58203125 0.14322916666666666 0.052083333333333336 0.06770833333333333
1 0.4986979166666667 0.6236979166666666 0.0546875 0.052083333333333336
1 0.6848958333333334 0.6796875 0.049479166666666664 0.059895833333333336
1 0.453125 0.3919270833333333 0.059895833333333336 0.049479166666666664
1 0.6484375 0.5169270833333334 0.0546875 0.06770833333333333
1 0.421875 0.5455729166666666 0.052083333333333336 0.041666666666666664
1 0.6901041666666666 0.4596354166666667 0.049479166666666664 0.06510416666666667
1 0.56640625 0.06901041666666667 0.0546875 0.057291666666666664
1 0.62109375 0.6796875 0.052083333333333336 0.0703125
1 0.4036458333333333 0.40234375 0.0546875 0.059895833333333336
1 0.3815104166666667 0.4856770833333333 0.0625 0.07291666666666667
1 0.4010416666666667 0.5859375 0.049479166666666664 0.0390625