1 0.4231770833333333 0.8815104166666666 0.0625 0.041666666666666664
1 0.3111979166666667 0.17578125 0.059895833333333336 0.033854166666666664
1 0.3098958333333333 0.5182291666666666 0.052083333333333336 0.041666666666666664
1 0.46875 0.5338541666666666 0.0390625 0.0625
1 0.18098958333333334 0.3697916666666667 0.041666666666666664 0.0625
1 0.22916666666666666 0.3828125 0.049479166666666664 0.09114583333333333
1 0.6432291666666666 0.45703125 0.06770833333333333 0.0546875
1 0.3294270833333333 0.4635416666666667 0.059895833333333336 0.041666666666666664
1 0.33984375 0.4973958333333333 0.049479166666666664 0.052083333333333336
1 0.23177083333333334 0.7760416666666666 0.052083333333333336 0.09114583333333333
1 0.4635416666666667 0.59765625 0.0546875 0.078125
1 0.4166666666666667 0.421875 0.049479166666666664 0.057291666666666664
1 0.5221354166666666 0.37109375 0.046875 0.09114583333333333
1 0.4049479166666667 0.5247395833333334 0.0625 0.08072916666666667
1 0.3606770833333333 0.3723958333333333 0.046875 0.052083333333333336
1 0.5533854166666666 0.4778645833333333 0.036458333333333336 0.07291666666666667
1 0.609375 0.5247395833333334 0.059895833333333336 0.06770833333333333
1 0.4947916666666667 0.76953125 0.078125 0.049479166666666664
1 0.328125 0.42578125 0.049479166666666664 0.046875
1 0.2552083333333333 0.3841145833333333 0.046875 0.06510416666666667
1 0.3255208333333333 0.14713541666666666 0.036458333333333336 0.06510416666666667
1 0.48828125 0.453125 0.041666666666666664 0.0390625
1 0.19270833333333334 0.4973958333333333 0.0625 0.0625