1 0.5221354166666666 0.3984375 0.020833333333333332 0.049479166666666664
1 0.4674479166666667 0.4388020833333333 0.0234375 0.0390625
1 0.6458333333333334 0.4401041666666667 0.026041666666666668 0.0390625
1 0.3815104166666667 0.6744791666666666 0.03125 0.036458333333333336
1 0.5651041666666666 0.4830729166666667 0.028645833333333332 0.041666666666666664
1 0.5455729166666666 0.5885416666666666 0.028645833333333332 0.028645833333333332
1 0.5794270833333334 0.4609375 0.020833333333333332 0.0390625
1 0.4830729166666667 0.4622395833333333 0.03125 0.0234375
1 0.4778645833333333 0.5247395833333334 0.028645833333333332 0.041666666666666664
1 0.4934895833333333 0.39453125 0.010416666666666666 0.03125
1 0.4544270833333333 0.3919270833333333 0.03125 0.0234375
1 0.453125 0.625 0.033854166666666664 0.046875
1 0.3567708333333333 0.5169270833333334 0.015625 0.046875
1 0.5065104166666666 0.5091145833333334 0.026041666666666668 0.020833333333333332