1 0.6276041666666666 0.7161458333333334 0.0546875 0.07291666666666667
1 0.5169270833333334 0.6184895833333334 0.041666666666666664 0.15364583333333334
1 0.73046875 0.7604166666666666 0.08072916666666667 0.0625
1 0.3463541666666667 0.7356770833333334 0.033854166666666664 0.11458333333333333
1 0.16536458333333334 0.041666666666666664 0.0546875 0.078125
1 0.4153645833333333 0.016927083333333332 0.033854166666666664 0.033854166666666664
1 0.23828125 0.06770833333333333 0.057291666666666664 0.07291666666666667
1 0.6263020833333334 0.8111979166666666 0.041666666666666664 0.09895833333333333
1 0.5885416666666666 0.5416666666666666 0.028645833333333332 0.059895833333333336
1 0.3841145833333333 0.8385416666666666 0.046875 0.07291666666666667
1 0.59375 0.625 0.0546875 0.041666666666666664
1 0.1171875 0.24479166666666666 0.057291666666666664 0.10416666666666667
1 0.6783854166666666 0.4856770833333333 0.044270833333333336 0.08854166666666667
1 0.2265625 0.3111979166666667 0.03125 0.08333333333333333
1 0.4856770833333333 0.17447916666666666 0.0625 0.07291666666666667
1 0.3411458333333333 0.2265625 0.046875 0.06770833333333333
1 0.3697916666666667 0.7981770833333334 0.046875 0.06770833333333333
1 0.63671875 0.6041666666666666 0.03125 0.11979166666666667
1 0.4401041666666667 0.3776041666666667 0.046875 0.07291666666666667
1 0.6484375 0.7057291666666666 0.041666666666666664 0.06770833333333333
1 0.53515625 0.7552083333333334 0.049479166666666664 0.0625
1 0.5651041666666666 0.8020833333333334 0.0625 0.0546875
1 0.5338541666666666 0.8216145833333334 0.044270833333333336 0.09635416666666667
1 0.24739583333333334 0.3528645833333333 0.033854166666666664 0.09895833333333333
1 0.3919270833333333 0.2265625 0.044270833333333336 0.057291666666666664
1 0.2747395833333333 0.40625 0.03125 0.06770833333333333
1 0.14713541666666666 0.4205729166666667 0.046875 0.09635416666666667
1 0.17057291666666666 0.4427083333333333 0.044270833333333336 0.09375
1 0.59375 0.28515625 0.057291666666666664 0.078125
1 0.3059895833333333 0.33984375 0.033854166666666664 0.078125
1 0.5208333333333334 0.0390625 0.049479166666666664 0.0703125
1 0.52734375 0.4153645833333333 0.041666666666666664 0.0703125
1 0.3502604166666667 0.052083333333333336 0.03125 0.09635416666666667
1 0.32421875 0.6458333333333334 0.044270833333333336 0.1015625
1 0.22005208333333334 0.033854166666666664 0.049479166666666664 0.06770833333333333
1 0.4049479166666667 0.6744791666666666 0.033854166666666664 0.109375
1 0.12239583333333333 0.15885416666666666 0.0390625 0.109375
1 0.3424479166666667 0.4283854166666667 0.03125 0.10416666666666667
1 0.7044270833333334 0.38671875 0.06770833333333333 0.08854166666666667
1 0.4322916666666667 0.12239583333333333 0.046875 0.06510416666666667
1 0.4778645833333333 0.51953125 0.059895833333333336 0.041666666666666664
1 0.12369791666666667 0.2916666666666667 0.0546875 0.0859375
1 0.4895833333333333 0.24739583333333334 0.046875 0.0625
1 0.09505208333333333 0.19270833333333334 0.046875 0.10416666666666667
1 0.5286458333333334 0.16015625 0.028645833333333332 0.08854166666666667
1 0.6809895833333334 0.6119791666666666 0.059895833333333336 0.10677083333333333
1 0.5286458333333334 0.4973958333333333 0.028645833333333332 0.08333333333333333
1 0.18359375 0.33203125 0.028645833333333332 0.08072916666666667
1 0.6067708333333334 0.7096354166666666 0.0546875 0.08072916666666667
1 0.5598958333333334 0.5221354166666666 0.03125 0.0546875
1 0.69921875 0.67578125 0.06510416666666667 0.07291666666666667
1 0.4765625 0.8268229166666666 0.028645833333333332 0.07552083333333333
1 0.5065104166666666 0.4596354166666667 0.0390625 0.057291666666666664
1 0.5494791666666666 0.22005208333333334 0.059895833333333336 0.06770833333333333
1 0.23828125 0.13151041666666666 0.033854166666666664 0.07291666666666667
1 0.5078125 0.3658854166666667 0.036458333333333336 0.12239583333333333
1 0.4322916666666667 0.8346354166666666 0.0546875 0.0546875
1 0.2760416666666667 0.10026041666666667 0.046875 0.07552083333333333
1 0.6315104166666666 0.5377604166666666 0.052083333333333336 0.11458333333333333
1 0.3294270833333333 0.061197916666666664 0.041666666666666664 0.109375
1 0.6770833333333334 0.7057291666666666 0.0546875 0.07291666666666667
1 0.4375 0.3020833333333333 0.036458333333333336 0.046875
1 0.3815104166666667 0.6953125 0.026041666666666668 0.0859375
1 0.25 0.22005208333333334 0.06510416666666667 0.0546875
1 0.4973958333333333 0.0859375 0.046875 0.08854166666666667
1 0.3606770833333333 0.3255208333333333 0.059895833333333336 0.0703125
1 0.30859375 0.2630208333333333 0.049479166666666664 0.11458333333333333