1 0.24609375 0.609375 0.044270833333333336 0.026041666666666668
1 0.3776041666666667 0.34375 0.0234375 0.06510416666666667
1 0.22526041666666666 0.4895833333333333 0.052083333333333336 0.06510416666666667
1 0.2903645833333333 0.5442708333333334 0.044270833333333336 0.0390625
1 0.3658854166666667 0.2981770833333333 0.052083333333333336 0.0546875
1 0.2838541666666667 0.4921875 0.052083333333333336 0.028645833333333332
1 0.2421875 0.453125 0.046875 0.041666666666666664
1 0.40234375 0.3307291666666667 0.0390625 0.06770833333333333
1 0.3046875 0.3502604166666667 0.044270833333333336 0.08072916666666667
1 0.37890625 0.5104166666666666 0.059895833333333336 0.03125
1 0.3541666666666667 0.4283854166666667 0.052083333333333336 0.046875
1 0.51953125 0.5013020833333334 0.028645833333333332 0.0546875
1 0.234375 0.4166666666666667 0.028645833333333332 0.059895833333333336
1 0.3919270833333333 0.2604166666666667 0.028645833333333332 0.06510416666666667
1 0.5572916666666666 0.49609375 0.049479166666666664 0.0390625
1 0.52734375 0.46875 0.057291666666666664 0.026041666666666668
1 0.4895833333333333 0.4895833333333333 0.020833333333333332 0.08333333333333333
1 0.3098958333333333 0.46875 0.046875 0.03125
1 0.3177083333333333 0.4466145833333333 0.046875 0.033854166666666664
1 0.32421875 0.4231770833333333 0.018229166666666668 0.044270833333333336
1 0.4049479166666667 0.2578125 0.028645833333333332 0.07552083333333333
1 0.39453125 0.4205729166666667 0.044270833333333336 0.028645833333333332
1 0.4388020833333333 0.4765625 0.052083333333333336 0.057291666666666664
1 0.46875 0.484375 0.0390625 0.049479166666666664
1 0.3502604166666667 0.3919270833333333 0.06510416666666667 0.052083333333333336
1 0.34765625 0.4700520833333333 0.028645833333333332 0.06770833333333333
1 0.3671875 0.3567708333333333 0.033854166666666664 0.08854166666666667
1 0.4479166666666667 0.4388020833333333 0.0625 0.0390625
1 0.25 0.4166666666666667 0.0234375 0.052083333333333336