1 0.3528645833333333 0.3880208333333333 0.044270833333333336 0.052083333333333336
1 0.45703125 0.3723958333333333 0.06510416666666667 0.07552083333333333
1 0.7682291666666666 0.6380208333333334 0.0390625 0.057291666666666664
1 0.7760416666666666 0.7552083333333334 0.046875 0.036458333333333336
1 0.4166666666666667 0.5911458333333334 0.03125 0.059895833333333336
1 0.6510416666666666 0.4583333333333333 0.046875 0.0625
1 0.5078125 0.5143229166666666 0.0390625 0.049479166666666664
1 0.4114583333333333 0.6015625 0.026041666666666668 0.044270833333333336
1 0.7643229166666666 0.37890625 0.041666666666666664 0.046875
1 0.3606770833333333 0.5703125 0.036458333333333336 0.0390625
1 0.6940104166666666 0.2864583333333333 0.06510416666666667 0.08333333333333333
1 0.6783854166666666 0.6783854166666666 0.049479166666666664 0.0546875
1 0.4895833333333333 0.3177083333333333 0.041666666666666664 0.0625
1 0.23567708333333334 0.359375 0.0546875 0.052083333333333336
1 0.4322916666666667 0.21223958333333334 0.044270833333333336 0.0625