1 0.4479166666666667 0.6315104166666666 0.07552083333333333 0.0625
1 0.5208333333333334 0.5768229166666666 0.046875 0.07291666666666667
1 0.4739583333333333 0.6458333333333334 0.0625 0.049479166666666664
1 0.4947916666666667 0.6041666666666666 0.03125 0.0234375
1 0.4205729166666667 0.51953125 0.08072916666666667 0.059895833333333336
1 0.43359375 0.57421875 0.046875 0.078125
1 0.4557291666666667 0.5247395833333334 0.044270833333333336 0.0625
1 0.51953125 0.4986979166666667 0.049479166666666664 0.0390625
1 0.40625 0.4856770833333333 0.059895833333333336 0.046875
1 0.4036458333333333 0.5377604166666666 0.059895833333333336 0.03125
1 0.4778645833333333 0.5794270833333334 0.057291666666666664 0.057291666666666664
1 0.5065104166666666 0.4557291666666667 0.0390625 0.07291666666666667
1 0.4791666666666667 0.4895833333333333 0.0625 0.057291666666666664
1 0.52734375 0.6263020833333334 0.0546875 0.08333333333333333
1 0.4674479166666667 0.43359375 0.0625 0.049479166666666664
1 0.4544270833333333 0.4635416666666667 0.06770833333333333 0.041666666666666664
1 0.5026041666666666 0.5442708333333334 0.041666666666666664 0.052083333333333336
1 0.984375 0.8567708333333334 0.03125 0.08333333333333333
1 0.6080729166666666 0.5833333333333334 0.08854166666666667 0.07552083333333333