1 0.4700520833333333 0.3984375 0.020833333333333332 0.033854166666666664
1 0.3880208333333333 0.7786458333333334 0.03125 0.028645833333333332
1 0.4231770833333333 0.3059895833333333 0.0234375 0.046875
1 0.44921875 0.2864583333333333 0.028645833333333332 0.041666666666666664
1 0.20963541666666666 0.6705729166666666 0.033854166666666664 0.033854166666666664
1 0.3802083333333333 0.5651041666666666 0.033854166666666664 0.044270833333333336
1 0.4453125 0.2721354166666667 0.03125 0.03125
1 0.3841145833333333 0.86328125 0.03125 0.041666666666666664
1 0.3606770833333333 0.6497395833333334 0.020833333333333332 0.020833333333333332
1 0.4778645833333333 0.3333333333333333 0.020833333333333332 0.0234375
1 0.5065104166666666 0.4231770833333333 0.0234375 0.0390625
1 0.2955729166666667 0.65234375 0.018229166666666668 0.0234375
1 0.390625 0.6002604166666666 0.0234375 0.020833333333333332
1 0.16927083333333334 0.70703125 0.028645833333333332 0.033854166666666664
1 0.484375 0.2864583333333333 0.028645833333333332 0.028645833333333332
1 0.5130208333333334 0.5182291666666666 0.028645833333333332 0.0234375
1 0.5533854166666666 0.2955729166666667 0.0390625 0.033854166666666664
1 0.4192708333333333 0.7122395833333334 0.026041666666666668 0.0234375
1 0.5416666666666666 0.4166666666666667 0.0390625 0.044270833333333336
1 0.4505208333333333 0.3606770833333333 0.036458333333333336 0.046875
1 0.609375 0.60546875 0.041666666666666664 0.044270833333333336
1 0.3541666666666667 0.8177083333333334 0.03125 0.036458333333333336
1 0.3723958333333333 0.8268229166666666 0.026041666666666668 0.041666666666666664
1 0.5611979166666666 0.48828125 0.0390625 0.049479166666666664
1 0.3346354166666667 0.7083333333333334 0.03125 0.020833333333333332
1 0.3463541666666667 0.7513020833333334 0.03125 0.028645833333333332
1 0.36328125 0.625 0.033854166666666664 0.020833333333333332
1 0.65625 0.5559895833333334 0.0390625 0.0234375
1 0.4166666666666667 0.3932291666666667 0.0234375 0.028645833333333332
1 0.5703125 0.48046875 0.036458333333333336 0.033854166666666664
1 0.5065104166666666 0.265625 0.03125 0.03125
1 0.2786458333333333 0.6848958333333334 0.0390625 0.036458333333333336
1 0.3046875 0.6171875 0.0390625 0.026041666666666668
1 0.4713541666666667 0.44921875 0.03125 0.044270833333333336
1 0.3697916666666667 0.36328125 0.041666666666666664 0.03125
1 0.4674479166666667 0.5963541666666666 0.0234375 0.03125
1 0.4114583333333333 0.4244791666666667 0.033854166666666664 0.033854166666666664
1 0.4049479166666667 0.6119791666666666 0.033854166666666664 0.041666666666666664
1 0.3125 0.7109375 0.028645833333333332 0.026041666666666668
1 0.3255208333333333 0.5950520833333334 0.033854166666666664 0.036458333333333336
1 0.40234375 0.8385416666666666 0.0390625 0.044270833333333336
1 0.421875 0.3359375 0.028645833333333332 0.0546875
1 0.3372395833333333 0.6927083333333334 0.028645833333333332 0.0234375
1 0.34765625 0.7265625 0.0234375 0.018229166666666668
1 0.3046875 0.7447916666666666 0.033854166666666664 0.041666666666666664
1 0.3893229166666667 0.80078125 0.033854166666666664 0.0234375
1 0.4973958333333333 0.3307291666666667 0.028645833333333332 0.026041666666666668
1 0.4036458333333333 0.36328125 0.0390625 0.044270833333333336
1 0.4453125 0.3216145833333333 0.033854166666666664 0.033854166666666664
1 0.4544270833333333 0.3893229166666667 0.026041666666666668 0.026041666666666668
1 0.5078125 0.3463541666666667 0.018229166666666668 0.0234375
1 0.2760416666666667 0.6484375 0.028645833333333332 0.0234375
1 0.3671875 0.8645833333333334 0.020833333333333332 0.03125
1 0.20442708333333334 0.6953125 0.033854166666666664 0.026041666666666668
1 0.3671875 0.765625 0.020833333333333332 0.033854166666666664
1 0.22135416666666666 0.7265625 0.026041666666666668 0.020833333333333332
1 0.453125 0.2513020833333333 0.03125 0.020833333333333332
1 0.53515625 0.28125 0.03125 0.020833333333333332
1 0.5234375 0.41015625 0.0390625 0.052083333333333336
1 0.4114583333333333 0.8307291666666666 0.033854166666666664 0.036458333333333336
1 0.45703125 0.4270833333333333 0.0390625 0.033854166666666664
1 0.4505208333333333 0.5026041666666666 0.028645833333333332 0.03125
1 0.36328125 0.6731770833333334 0.026041666666666668 0.028645833333333332
1 0.421875 0.5013020833333334 0.028645833333333332 0.03125
1 0.5494791666666666 0.25390625 0.033854166666666664 0.036458333333333336
1 0.4205729166666667 0.7434895833333334 0.018229166666666668 0.033854166666666664
1 0.4908854166666667 0.5559895833333334 0.028645833333333332 0.033854166666666664
1 0.3971354166666667 0.7057291666666666 0.03125 0.049479166666666664
1 0.4947916666666667 0.4127604166666667 0.0234375 0.028645833333333332
1 0.4244791666666667 0.5299479166666666 0.033854166666666664 0.028645833333333332
1 0.32421875 0.68359375 0.033854166666666664 0.033854166666666664
1 0.77734375 0.9752604166666666 0.03125 0.046875
1 0.39453125 0.7604166666666666 0.026041666666666668 0.033854166666666664
1 0.4817708333333333 0.3619791666666667 0.033854166666666664 0.036458333333333336
1 0.4049479166666667 0.7135416666666666 0.0234375 0.044270833333333336
1 0.5013020833333334 0.3059895833333333 0.036458333333333336 0.049479166666666664
1 0.4309895833333333 0.7083333333333334 0.0234375 0.033854166666666664
1 0.2513020833333333 0.6861979166666666 0.028645833333333332 0.041666666666666664
1 0.3958333333333333 0.6458333333333334 0.033854166666666664 0.028645833333333332
1 0.2981770833333333 0.7135416666666666 0.0390625 0.03125
1 0.2747395833333333 0.7330729166666666 0.033854166666666664 0.028645833333333332
1 0.6770833333333334 0.59375 0.028645833333333332 0.020833333333333332
1 0.3684895833333333 0.7864583333333334 0.015625 0.03125
1 0.5130208333333334 0.3736979166666667 0.026041666666666668 0.049479166666666664
1 0.51171875 0.5 0.015625 0.020833333333333332
1 0.5546875 0.4557291666666667 0.036458333333333336 0.033854166666666664
1 0.5221354166666666 0.296875 0.033854166666666664 0.033854166666666664
1 0.30078125 0.68359375 0.0390625 0.044270833333333336
1 0.5182291666666666 0.453125 0.036458333333333336 0.0390625
1 0.33984375 0.63671875 0.026041666666666668 0.0234375
1 0.5104166666666666 0.4635416666666667 0.0234375 0.0390625
1 0.47265625 0.5169270833333334 0.03125 0.036458333333333336
1 0.3229166666666667 0.6510416666666666 0.0390625 0.026041666666666668
1 0.2578125 0.71484375 0.041666666666666664 0.0390625
1 0.3802083333333333 0.7317708333333334 0.0234375 0.0390625
1 0.5026041666666666 0.48046875 0.018229166666666668 0.020833333333333332
1 0.4453125 0.6940104166666666 0.0234375 0.046875
1 0.4283854166666667 0.4088541666666667 0.018229166666666668 0.036458333333333336
1 0.3658854166666667 0.7213541666666666 0.03125 0.03125
1 0.4088541666666667 0.80078125 0.028645833333333332 0.0234375
1 0.20963541666666666 0.7135416666666666 0.033854166666666664 0.026041666666666668
1 0.3997395833333333 0.4934895833333333 0.033854166666666664 0.03125
1 0.2708333333333333 0.69921875 0.028645833333333332 0.0234375
1 0.4205729166666667 0.5833333333333334 0.033854166666666664 0.026041666666666668
1 0.4205729166666667 0.7734375 0.028645833333333332 0.03125
1 0.296875 0.73046875 0.036458333333333336 0.026041666666666668
1 0.328125 0.5677083333333334 0.028645833333333332 0.036458333333333336
1 0.42578125 0.6705729166666666 0.018229166666666668 0.015625