1 0.4296875 0.4166666666666667 0.036458333333333336 0.036458333333333336
1 0.36328125 0.375 0.03125 0.052083333333333336
1 0.4557291666666667 0.7526041666666666 0.020833333333333332 0.049479166666666664
1 0.5091145833333334 0.1875 0.0234375 0.046875
1 0.18229166666666666 0.22005208333333334 0.020833333333333332 0.046875
1 0.7552083333333334 0.8372395833333334 0.041666666666666664 0.049479166666666664
1 0.4622395833333333 0.2604166666666667 0.03125 0.041666666666666664
1 0.51953125 0.53515625 0.0390625 0.026041666666666668
1 0.4765625 0.19401041666666666 0.041666666666666664 0.036458333333333336
1 0.14713541666666666 0.21223958333333334 0.03125 0.052083333333333336
1 0.54296875 0.27734375 0.03125 0.03125
1 0.4283854166666667 0.27734375 0.036458333333333336 0.044270833333333336
1 0.4973958333333333 0.33984375 0.033854166666666664 0.026041666666666668
1 0.3502604166666667 0.4283854166666667 0.0390625 0.026041666666666668
1 0.3932291666666667 0.4192708333333333 0.03125 0.020833333333333332
1 0.7395833333333334 0.51953125 0.036458333333333336 0.041666666666666664
1 0.5247395833333334 0.16927083333333334 0.0390625 0.028645833333333332
1 0.69140625 0.3815104166666667 0.028645833333333332 0.03125
1 0.3880208333333333 0.40234375 0.026041666666666668 0.026041666666666668
1 0.3684895833333333 0.4479166666666667 0.041666666666666664 0.026041666666666668
1 0.390625 0.3763020833333333 0.036458333333333336 0.03125
1 0.66015625 0.3463541666666667 0.033854166666666664 0.03125
1 0.3216145833333333 0.046875 0.036458333333333336 0.0234375
1 0.17057291666666666 0.21484375 0.013020833333333334 0.03125
1 0.3580729166666667 0.40625 0.044270833333333336 0.036458333333333336
1 0.54296875 0.609375 0.036458333333333336 0.03125
1 0.60546875 0.2669270833333333 0.03125 0.041666666666666664
1 0.4361979166666667 0.45703125 0.03125 0.052083333333333336
1 0.3932291666666667 0.6731770833333334 0.020833333333333332 0.0546875
1 0.3359375 0.4921875 0.041666666666666664 0.026041666666666668
1 0.3958333333333333 0.328125 0.020833333333333332 0.057291666666666664
1 0.75390625 0.4140625 0.036458333333333336 0.03125
1 0.20963541666666666 0.34765625 0.036458333333333336 0.020833333333333332