1 0.2890625 0.4153645833333333 0.020833333333333332 0.057291666666666664
1 0.3307291666666667 0.7005208333333334 0.03125 0.041666666666666664
1 0.6927083333333334 0.6145833333333334 0.028645833333333332 0.0390625
1 0.4166666666666667 0.2747395833333333 0.026041666666666668 0.03125
1 0.36328125 0.19791666666666666 0.018229166666666668 0.036458333333333336
1 0.7981770833333334 0.5338541666666666 0.026041666666666668 0.020833333333333332
1 0.6158854166666666 0.69140625 0.015625 0.0390625
1 0.7109375 0.625 0.020833333333333332 0.0390625
1 0.5716145833333334 0.3919270833333333 0.020833333333333332 0.026041666666666668
1 0.8072916666666666 0.4895833333333333 0.03125 0.020833333333333332
1 0.6966145833333334 0.4934895833333333 0.013020833333333334 0.03125
1 0.4765625 0.4661458333333333 0.026041666666666668 0.028645833333333332
1 0.5859375 0.24869791666666666 0.015625 0.026041666666666668
1 0.20182291666666666 0.5091145833333334 0.026041666666666668 0.036458333333333336
1 0.8190104166666666 0.5208333333333334 0.015625 0.0390625
1 0.375 0.3216145833333333 0.0234375 0.041666666666666664
1 0.3658854166666667 0.14192708333333334 0.0234375 0.013020833333333334
1 0.421875 0.34375 0.03125 0.028645833333333332
1 0.453125 0.55859375 0.020833333333333332 0.0390625
1 0.55078125 0.5729166666666666 0.028645833333333332 0.026041666666666668
1 0.7278645833333334 0.63671875 0.03125 0.036458333333333336
1 0.68359375 0.6432291666666666 0.03125 0.041666666666666664
1 0.8098958333333334 0.6731770833333334 0.020833333333333332 0.0390625
1 0.6028645833333334 0.33203125 0.015625 0.0390625
1 0.2526041666666667 0.11067708333333333 0.020833333333333332 0.046875
1 0.4661458333333333 0.3723958333333333 0.0234375 0.0390625
1 0.7109375 0.4947916666666667 0.015625 0.015625
1 0.5768229166666666 0.6549479166666666 0.03125 0.033854166666666664
1 0.4127604166666667 0.23177083333333334 0.020833333333333332 0.033854166666666664
1 0.24348958333333334 0.18880208333333334 0.020833333333333332 0.044270833333333336
1 0.21484375 0.7981770833333334 0.0234375 0.046875
1 0.2786458333333333 0.83984375 0.044270833333333336 0.0234375
1 0.6927083333333334 0.41796875 0.018229166666666668 0.044270833333333336
1 0.7877604166666666 0.5104166666666666 0.018229166666666668 0.041666666666666664
1 0.6575520833333334 0.6184895833333334 0.018229166666666668 0.036458333333333336
1 0.6341145833333334 0.6432291666666666 0.020833333333333332 0.057291666666666664
1 0.7109375 0.5859375 0.033854166666666664 0.0390625
1 0.5611979166666666 0.7096354166666666 0.0234375 0.020833333333333332
1 0.2565104166666667 0.28125 0.018229166666666668 0.036458333333333336
1 0.2942708333333333 0.8216145833333334 0.018229166666666668 0.044270833333333336
1 0.33984375 0.7200520833333334 0.015625 0.044270833333333336
1 0.46484375 0.3463541666666667 0.026041666666666668 0.03125
1 0.375 0.60546875 0.03125 0.044270833333333336
1 0.53515625 0.7018229166666666 0.03125 0.020833333333333332
1 0.22395833333333334 0.6497395833333334 0.033854166666666664 0.028645833333333332
1 0.3372395833333333 0.7994791666666666 0.028645833333333332 0.044270833333333336
1 0.20182291666666666 0.80078125 0.028645833333333332 0.049479166666666664
1 0.6640625 0.6302083333333334 0.020833333333333332 0.0390625
1 0.4908854166666667 0.6901041666666666 0.028645833333333332 0.036458333333333336
1 0.34765625 0.4921875 0.0234375 0.049479166666666664
1 0.6302083333333334 0.56640625 0.0390625 0.03125
1 0.6263020833333334 0.4427083333333333 0.015625 0.036458333333333336
1 0.4973958333333333 0.4713541666666667 0.013020833333333334 0.0390625
1 0.80078125 0.50390625 0.026041666666666668 0.0390625