1 0.7278645833333334 0.3815104166666667 0.07291666666666667 0.0703125
1 0.59765625 0.5234375 0.08072916666666667 0.07552083333333333
1 0.4674479166666667 0.26171875 0.08072916666666667 0.06510416666666667
1 0.4036458333333333 0.4596354166666667 0.1015625 0.06510416666666667
1 0.4322916666666667 0.53515625 0.08854166666666667 0.06510416666666667
1 0.76953125 0.75390625 0.09375 0.09114583333333333
1 0.5625 0.390625 0.059895833333333336 0.06510416666666667
1 0.578125 0.69140625 0.046875 0.0625
1 0.6979166666666666 0.4921875 0.1015625 0.06770833333333333
1 0.5911458333333334 0.3763020833333333 0.07552083333333333 0.0546875
1 0.5924479166666666 0.71875 0.049479166666666664 0.06770833333333333
1 0.6197916666666666 0.72265625 0.052083333333333336 0.06770833333333333
1 0.6953125 0.21354166666666666 0.1015625 0.08854166666666667
1 0.7239583333333334 0.4309895833333333 0.07291666666666667 0.0859375
1 0.6901041666666666 0.4622395833333333 0.09114583333333333 0.0703125
1 0.64453125 0.5520833333333334 0.09114583333333333 0.07291666666666667
1 0.61328125 0.4205729166666667 0.09375 0.078125
1 0.5299479166666666 0.3333333333333333 0.10677083333333333 0.08072916666666667
1 0.5234375 0.4127604166666667 0.125 0.08333333333333333
1 0.5416666666666666 0.5143229166666666 0.10677083333333333 0.0703125
1 0.328125 0.5872395833333334 0.0859375 0.06770833333333333
1 0.5703125 0.73046875 0.0703125 0.06770833333333333
1 0.7369791666666666 0.5755208333333334 0.052083333333333336 0.052083333333333336
1 0.6783854166666666 0.5364583333333334 0.07552083333333333 0.06510416666666667
1 0.6549479166666666 0.7057291666666666 0.08072916666666667 0.07291666666666667
1 0.5533854166666666 0.4596354166666667 0.10677083333333333 0.09635416666666667
1 0.5481770833333334 0.7330729166666666 0.057291666666666664 0.057291666666666664
1 0.69140625 0.3606770833333333 0.09114583333333333 0.08333333333333333
1 0.734375 0.5286458333333334 0.0703125 0.078125
1 0.7044270833333334 0.5598958333333334 0.0703125 0.06510416666666667
1 0.421875 0.2604166666666667 0.078125 0.049479166666666664
1 0.52734375 0.72265625 0.0703125 0.06770833333333333
1 0.5104166666666666 0.6510416666666666 0.08072916666666667 0.052083333333333336
1 0.3190104166666667 0.5416666666666666 0.06510416666666667 0.06510416666666667
1 0.5299479166666666 0.83984375 0.0703125 0.08072916666666667
1 0.3359375 0.9231770833333334 0.078125 0.08072916666666667
1 0.5286458333333334 0.5416666666666666 0.08072916666666667 0.06770833333333333
1 0.5794270833333334 0.5559895833333334 0.08072916666666667 0.07552083333333333
1 0.3828125 0.5963541666666666 0.08072916666666667 0.059895833333333336
1 0.41015625 0.8815104166666666 0.0703125 0.06770833333333333
1 0.5885416666666666 0.39453125 0.052083333333333336 0.044270833333333336
1 0.69921875 0.4088541666666667 0.07291666666666667 0.078125
1 0.62109375 0.3489583333333333 0.07552083333333333 0.078125
1 0.6080729166666666 0.31640625 0.0703125 0.0625
1 0.49609375 0.3177083333333333 0.10416666666666667 0.08333333333333333
1 0.4440104166666667 0.4635416666666667 0.07552083333333333 0.07552083333333333
1 0.18229166666666666 0.3411458333333333 0.09114583333333333 0.07291666666666667
1 0.37890625 0.48046875 0.08854166666666667 0.078125
1 0.4505208333333333 0.8932291666666666 0.09635416666666667 0.0703125
1 0.059895833333333336 0.77734375 0.109375 0.09635416666666667
1 0.3294270833333333 0.6497395833333334 0.1015625 0.07291666666666667
1 0.5598958333333334 0.6666666666666666 0.052083333333333336 0.06510416666666667