1 0.5325520833333334 0.5768229166666666 0.015625 0.020833333333333332
1 0.5325520833333334 0.30078125 0.018229166666666668 0.018229166666666668
1 0.51953125 0.3268229166666667 0.013020833333333334 0.015625
1 0.46875 0.3854166666666667 0.015625 0.018229166666666668
1 0.5533854166666666 0.4635416666666667 0.020833333333333332 0.013020833333333334
1 0.52734375 0.5026041666666666 0.026041666666666668 0.0078125
1 0.4973958333333333 0.4453125 0.0234375 0.0078125
1 0.4778645833333333 0.5520833333333334 0.028645833333333332 0.010416666666666666
1 0.5911458333333334 0.48046875 0.026041666666666668 0.010416666666666666
1 0.4973958333333333 0.4661458333333333 0.018229166666666668 0.015625
1 0.4075520833333333 0.4908854166666667 0.033854166666666664 0.010416666666666666
1 0.48046875 0.546875 0.026041666666666668 0.0078125
1 0.4309895833333333 0.5221354166666666 0.020833333333333332 0.015625
1 0.5520833333333334 0.4856770833333333 0.018229166666666668 0.013020833333333334
1 0.5169270833333334 0.390625 0.026041666666666668 0.018229166666666668
1 0.5143229166666666 0.6119791666666666 0.03125 0.013020833333333334
1 0.5026041666666666 0.6158854166666666 0.028645833333333332 0.013020833333333334
1 0.546875 0.51171875 0.018229166666666668 0.013020833333333334
1 0.5546875 0.5716145833333334 0.010416666666666666 0.018229166666666668
1 0.5651041666666666 0.5611979166666666 0.028645833333333332 0.0078125
1 0.4713541666666667 0.5729166666666666 0.03125 0.013020833333333334
1 0.5286458333333334 0.3815104166666667 0.020833333333333332 0.018229166666666668
1 0.53125 0.3268229166666667 0.010416666666666666 0.015625
1 0.4986979166666667 0.515625 0.010416666666666666 0.013020833333333334
1 0.4934895833333333 0.4791666666666667 0.0234375 0.0078125
1 0.53515625 0.4609375 0.020833333333333332 0.010416666666666666
1 0.4583333333333333 0.5104166666666666 0.026041666666666668 0.010416666666666666
1 0.5794270833333334 0.4544270833333333 0.026041666666666668 0.010416666666666666
1 0.5104166666666666 0.55078125 0.020833333333333332 0.015625
1 0.4895833333333333 0.4427083333333333 0.013020833333333334 0.020833333333333332
1 0.6927083333333334 0.4453125 0.03125 0.013020833333333334
1 0.5416666666666666 0.63671875 0.03125 0.013020833333333334
1 0.4544270833333333 0.5559895833333334 0.028645833333333332 0.015625
1 0.54296875 0.30859375 0.020833333333333332 0.015625
1 0.4817708333333333 0.55859375 0.0234375 0.013020833333333334
1 0.6119791666666666 0.5013020833333334 0.036458333333333336 0.010416666666666666
1 0.546875 0.4713541666666667 0.026041666666666668 0.013020833333333334
1 0.4895833333333333 0.5299479166666666 0.015625 0.013020833333333334
1 0.5690104166666666 0.4856770833333333 0.020833333333333332 0.010416666666666666
1 0.6510416666666666 0.4518229166666667 0.015625 0.015625
1 0.5169270833333334 0.5260416666666666 0.026041666666666668 0.013020833333333334
1 0.4778645833333333 0.4674479166666667 0.03125 0.0078125
1 0.5924479166666666 0.42578125 0.03125 0.0078125
1 0.4674479166666667 0.5247395833333334 0.028645833333333332 0.010416666666666666
1 0.578125 0.4466145833333333 0.026041666666666668 0.013020833333333334
1 0.6549479166666666 0.4609375 0.018229166666666668 0.015625
1 0.5221354166666666 0.5091145833333334 0.0234375 0.010416666666666666
1 0.43359375 0.4505208333333333 0.018229166666666668 0.013020833333333334
1 0.5 0.59765625 0.015625 0.013020833333333334
1 0.5403645833333334 0.55859375 0.020833333333333332 0.013020833333333334
1 0.5078125 0.53515625 0.018229166666666668 0.013020833333333334
1 0.6393229166666666 0.4596354166666667 0.020833333333333332 0.013020833333333334
1 0.6341145833333334 0.4895833333333333 0.020833333333333332 0.013020833333333334
1 0.46484375 0.5377604166666666 0.015625 0.013020833333333334
1 0.5559895833333334 0.5 0.0234375 0.0078125
1 0.5286458333333334 0.4401041666666667 0.0234375 0.013020833333333334
1 0.5950520833333334 0.4166666666666667 0.03125 0.013020833333333334
1 0.5013020833333334 0.5807291666666666 0.020833333333333332 0.015625
1 0.5611979166666666 0.5546875 0.0234375 0.010416666666666666
1 0.53515625 0.4921875 0.015625 0.015625
1 0.4908854166666667 0.5729166666666666 0.015625 0.015625
1 0.6080729166666666 0.4348958333333333 0.026041666666666668 0.010416666666666666
1 0.609375 0.4479166666666667 0.018229166666666668 0.015625
1 0.64453125 0.4817708333333333 0.028645833333333332 0.010416666666666666
1 0.6171875 0.4296875 0.026041666666666668 0.015625
1 0.4466145833333333 0.44921875 0.028645833333333332 0.013020833333333334
1 0.51953125 0.4036458333333333 0.033854166666666664 0.010416666666666666
1 0.4986979166666667 0.6223958333333334 0.0234375 0.010416666666666666
1 0.6158854166666666 0.484375 0.020833333333333332 0.013020833333333334
1 0.5390625 0.5247395833333334 0.028645833333333332 0.013020833333333334
1 0.5703125 0.4296875 0.028645833333333332 0.010416666666666666
1 0.5377604166666666 0.33984375 0.03125 0.013020833333333334
1 0.54296875 0.5729166666666666 0.015625 0.018229166666666668
1 0.4270833333333333 0.4973958333333333 0.03125 0.010416666666666666
1 0.4388020833333333 0.4934895833333333 0.020833333333333332 0.010416666666666666
1 0.51953125 0.4791666666666667 0.018229166666666668 0.015625
1 0.5911458333333334 0.4661458333333333 0.026041666666666668 0.013020833333333334
1 0.4348958333333333 0.4622395833333333 0.018229166666666668 0.013020833333333334
1 0.5833333333333334 0.4921875 0.015625 0.013020833333333334
1 0.4778645833333333 0.5872395833333334 0.026041666666666668 0.0078125
1 0.5013020833333334 0.484375 0.020833333333333332 0.015625
1 0.4557291666666667 0.4674479166666667 0.026041666666666668 0.0078125
1 0.5 0.4505208333333333 0.018229166666666668 0.015625
1 0.5690104166666666 0.5104166666666666 0.033854166666666664 0.0078125
1 0.5143229166666666 0.3424479166666667 0.026041666666666668 0.010416666666666666
1 0.5338541666666666 0.4309895833333333 0.026041666666666668 0.013020833333333334
1 0.4908854166666667 0.4192708333333333 0.018229166666666668 0.018229166666666668
1 0.4322916666666667 0.5052083333333334 0.018229166666666668 0.015625
1 0.5091145833333334 0.5963541666666666 0.0234375 0.015625
1 0.640625 0.4348958333333333 0.028645833333333332 0.010416666666666666
1 0.4947916666666667 0.5520833333333334 0.020833333333333332 0.018229166666666668
1 0.55859375 0.4401041666666667 0.033854166666666664 0.0078125
1 0.4674479166666667 0.5807291666666666 0.028645833333333332 0.0078125
1 0.4986979166666667 0.5677083333333334 0.015625 0.018229166666666668
1 0.5091145833333334 0.41796875 0.018229166666666668 0.018229166666666668
1 0.4596354166666667 0.546875 0.026041666666666668 0.005208333333333333
1 0.65625 0.4739583333333333 0.026041666666666668 0.010416666666666666
1 0.4765625 0.4231770833333333 0.020833333333333332 0.015625
1 0.55078125 0.4466145833333333 0.028645833333333332 0.0078125
1 0.4505208333333333 0.5 0.018229166666666668 0.013020833333333334
1 0.4518229166666667 0.5286458333333334 0.015625 0.018229166666666668
1 0.5208333333333334 0.4635416666666667 0.015625 0.013020833333333334
1 0.6158854166666666 0.4661458333333333 0.015625 0.015625
1 0.453125 0.4791666666666667 0.020833333333333332 0.013020833333333334