0 0.5729166666666666 0.8619791666666666 0.10677083333333333 0.21614583333333334
0 0.4401041666666667 0.7565104166666666 0.13802083333333334 0.1953125
0 0.3723958333333333 0.7317708333333334 0.0859375 0.1875
0 0.3502604166666667 0.89453125 0.13020833333333334 0.18489583333333334
0 0.09244791666666667 0.10286458333333333 0.12239583333333333 0.1328125
0 0.41796875 0.3020833333333333 0.125 0.1640625
0 0.3216145833333333 0.3059895833333333 0.16145833333333334 0.16145833333333334
0 0.19791666666666666 0.5143229166666666 0.1328125 0.16145833333333334
0 0.2942708333333333 0.5729166666666666 0.1015625 0.17708333333333334
0 0.4166666666666667 0.4518229166666667 0.13541666666666666 0.19010416666666666
0 0.80859375 0.5885416666666666 0.09635416666666667 0.1796875
0 0.5963541666666666 0.6184895833333334 0.10416666666666667 0.21614583333333334
0 0.6106770833333334 0.9114583333333334 0.12239583333333333 0.17708333333333334