1 0.4947916666666667 0.1953125 0.0234375 0.046875
1 0.1640625 0.7369791666666666 0.036458333333333336 0.059895833333333336
1 0.29296875 0.5494791666666666 0.041666666666666664 0.06770833333333333
1 0.3971354166666667 0.16536458333333334 0.026041666666666668 0.041666666666666664
1 0.5143229166666666 0.14973958333333334 0.033854166666666664 0.052083333333333336
1 0.5221354166666666 0.29296875 0.026041666666666668 0.033854166666666664
1 0.3255208333333333 0.18229166666666666 0.033854166666666664 0.052083333333333336
1 0.2981770833333333 0.4466145833333333 0.033854166666666664 0.052083333333333336
1 0.17057291666666666 0.5625 0.0390625 0.033854166666666664
1 0.24739583333333334 0.578125 0.0390625 0.0390625
1 0.24869791666666666 0.59375 0.0390625 0.044270833333333336
1 0.2669270833333333 0.56640625 0.033854166666666664 0.033854166666666664
1 0.16796875 0.5442708333333334 0.036458333333333336 0.033854166666666664
1 0.23697916666666666 0.33203125 0.0234375 0.044270833333333336
1 0.3098958333333333 0.2682291666666667 0.03125 0.046875
1 0.2864583333333333 0.2838541666666667 0.033854166666666664 0.046875
1 0.5221354166666666 0.4518229166666667 0.046875 0.0625
1 0.234375 0.55078125 0.03125 0.044270833333333336
1 0.3932291666666667 0.19140625 0.028645833333333332 0.0546875
1 0.43359375 0.2526041666666667 0.033854166666666664 0.057291666666666664
1 0.3736979166666667 0.3684895833333333 0.0390625 0.052083333333333336
1 0.2421875 0.2942708333333333 0.0390625 0.046875
1 0.20182291666666666 0.3736979166666667 0.028645833333333332 0.0546875
1 0.2916666666666667 0.6471354166666666 0.033854166666666664 0.044270833333333336
1 0.14322916666666666 0.8216145833333334 0.03125 0.044270833333333336
1 0.2591145833333333 0.23567708333333334 0.033854166666666664 0.057291666666666664
1 0.3111979166666667 0.18880208333333334 0.0390625 0.033854166666666664
1 0.4296875 0.203125 0.033854166666666664 0.028645833333333332
1 0.3658854166666667 0.4752604166666667 0.028645833333333332 0.0546875
1 0.3958333333333333 0.35546875 0.026041666666666668 0.041666666666666664
1 0.30859375 0.3294270833333333 0.0234375 0.046875
1 0.515625 0.4049479166666667 0.041666666666666664 0.0390625
1 0.2877604166666667 0.48046875 0.03125 0.059895833333333336
1 0.21744791666666666 0.3359375 0.033854166666666664 0.03125
1 0.3580729166666667 0.6119791666666666 0.03125 0.0546875
1 0.2630208333333333 0.7044270833333334 0.028645833333333332 0.049479166666666664
1 0.20963541666666666 0.8151041666666666 0.0390625 0.044270833333333336
1 0.3294270833333333 0.54296875 0.046875 0.057291666666666664
1 0.3346354166666667 0.4153645833333333 0.03125 0.036458333333333336
1 0.4635416666666667 0.47265625 0.033854166666666664 0.0546875
1 0.41796875 0.4127604166666667 0.033854166666666664 0.059895833333333336
1 0.4088541666666667 0.2786458333333333 0.033854166666666664 0.036458333333333336
1 0.3138020833333333 0.3958333333333333 0.026041666666666668 0.028645833333333332
1 0.3463541666666667 0.15234375 0.036458333333333336 0.049479166666666664
1 0.39453125 0.3255208333333333 0.0390625 0.046875
1 0.24869791666666666 0.4192708333333333 0.036458333333333336 0.049479166666666664
1 0.23828125 0.5091145833333334 0.0390625 0.041666666666666664
1 0.3802083333333333 0.63671875 0.036458333333333336 0.049479166666666664
1 0.3515625 0.50390625 0.0390625 0.0390625
1 0.3828125 0.4817708333333333 0.03125 0.059895833333333336
1 0.25 0.734375 0.033854166666666664 0.0625
1 0.3541666666666667 0.12239583333333333 0.036458333333333336 0.0390625
1 0.54296875 0.2747395833333333 0.044270833333333336 0.041666666666666664
1 0.2838541666666667 0.6653645833333334 0.033854166666666664 0.052083333333333336
1 0.24739583333333334 0.2552083333333333 0.020833333333333332 0.041666666666666664
1 0.3580729166666667 0.21223958333333334 0.0234375 0.044270833333333336
1 0.3723958333333333 0.17708333333333334 0.0390625 0.059895833333333336
1 0.21354166666666666 0.3958333333333333 0.033854166666666664 0.049479166666666664
1 0.23828125 0.4036458333333333 0.033854166666666664 0.036458333333333336
1 0.23958333333333334 0.48828125 0.028645833333333332 0.044270833333333336
1 0.3997395833333333 0.5911458333333334 0.036458333333333336 0.057291666666666664
1 0.3971354166666667 0.5638020833333334 0.044270833333333336 0.041666666666666664
1 0.4856770833333333 0.1953125 0.0234375 0.049479166666666664
1 0.4986979166666667 0.4283854166666667 0.033854166666666664 0.03125
1 0.3802083333333333 0.3893229166666667 0.03125 0.059895833333333336
1 0.3463541666666667 0.3932291666666667 0.041666666666666664 0.0390625
1 0.3177083333333333 0.3346354166666667 0.03125 0.049479166666666664
1 0.19010416666666666 0.5325520833333334 0.036458333333333336 0.0546875
1 0.24479166666666666 0.53125 0.028645833333333332 0.046875
1 0.3815104166666667 0.59765625 0.028645833333333332 0.049479166666666664
1 0.42578125 0.4440104166666667 0.033854166666666664 0.059895833333333336
1 0.5143229166666666 0.2109375 0.0390625 0.059895833333333336
1 0.39453125 0.38671875 0.033854166666666664 0.06510416666666667
1 0.3515625 0.2760416666666667 0.03125 0.049479166666666664
1 0.24088541666666666 0.6744791666666666 0.033854166666666664 0.0625
1 0.3502604166666667 0.4700520833333333 0.028645833333333332 0.03125
1 0.4453125 0.2578125 0.036458333333333336 0.06510416666666667
1 0.24088541666666666 0.3450520833333333 0.0234375 0.020833333333333332