1 0.29296875 0.3697916666666667 0.08333333333333333 0.046875
1 0.7096354166666666 0.21354166666666666 0.059895833333333336 0.057291666666666664
1 0.6380208333333334 0.45703125 0.06770833333333333 0.0390625
1 0.4505208333333333 0.64453125 0.0625 0.049479166666666664
1 0.3111979166666667 0.5559895833333334 0.044270833333333336 0.0546875
1 0.75 0.18359375 0.052083333333333336 0.049479166666666664
1 0.64453125 0.5260416666666666 0.0390625 0.03125
1 0.3502604166666667 0.6471354166666666 0.06770833333333333 0.0390625
1 0.66796875 0.2578125 0.044270833333333336 0.044270833333333336
1 0.7721354166666666 0.4739583333333333 0.044270833333333336 0.041666666666666664
1 0.6354166666666666 0.6640625 0.0546875 0.046875
1 0.2682291666666667 0.4127604166666667 0.07291666666666667 0.041666666666666664
1 0.5104166666666666 0.6263020833333334 0.07291666666666667 0.036458333333333336
1 0.62890625 0.5247395833333334 0.046875 0.020833333333333332
1 0.3489583333333333 0.2916666666666667 0.07291666666666667 0.052083333333333336
1 0.359375 0.4153645833333333 0.044270833333333336 0.052083333333333336
1 0.5403645833333334 0.68359375 0.0625 0.041666666666666664
1 0.5859375 0.2760416666666667 0.057291666666666664 0.052083333333333336
1 0.62109375 0.18619791666666666 0.0546875 0.049479166666666664
1 0.5716145833333334 0.5859375 0.046875 0.052083333333333336
1 0.5677083333333334 0.18359375 0.06510416666666667 0.046875
1 0.7630208333333334 0.21614583333333334 0.0625 0.033854166666666664