1 0.4283854166666667 0.6393229166666666 0.08333333333333333 0.0546875
1 0.66015625 0.4505208333333333 0.08072916666666667 0.059895833333333336
1 0.24479166666666666 0.58984375 0.09375 0.046875
1 0.72265625 0.02734375 0.057291666666666664 0.0546875
1 0.7890625 0.4544270833333333 0.020833333333333332 0.028645833333333332
1 0.3997395833333333 0.8359375 0.08854166666666667 0.0703125
1 0.6549479166666666 0.7265625 0.10416666666666667 0.0625
1 0.49609375 0.68359375 0.07291666666666667 0.044270833333333336
1 0.20833333333333334 0.6106770833333334 0.109375 0.041666666666666664
1 0.3671875 0.3372395833333333 0.08854166666666667 0.046875
1 0.4947916666666667 0.5859375 0.10416666666666667 0.07291666666666667
1 0.5286458333333334 0.4921875 0.08854166666666667 0.09375
1 0.7669270833333334 0.76953125 0.09895833333333333 0.0625
1 0.62109375 0.5755208333333334 0.078125 0.057291666666666664
1 0.38671875 0.4309895833333333 0.09375 0.06510416666666667
1 0.625 0.6315104166666666 0.078125 0.06510416666666667
1 0.8333333333333334 0.7786458333333334 0.044270833333333336 0.0625
1 0.5416666666666666 0.2981770833333333 0.0625 0.059895833333333336
1 0.5299479166666666 0.6627604166666666 0.07291666666666667 0.033854166666666664
1 0.5950520833333334 0.7330729166666666 0.057291666666666664 0.06510416666666667
1 0.6705729166666666 0.62109375 0.06770833333333333 0.052083333333333336
1 0.8151041666666666 0.44921875 0.057291666666666664 0.046875
1 0.9140625 0.41015625 0.0703125 0.0703125
1 0.44921875 0.9348958333333334 0.09375 0.052083333333333336
1 0.640625 0.4908854166666667 0.08854166666666667 0.052083333333333336
1 0.4088541666666667 0.75 0.08854166666666667 0.057291666666666664
1 0.7916666666666666 0.81640625 0.09895833333333333 0.052083333333333336
1 0.43359375 0.71484375 0.08854166666666667 0.0546875
1 0.13802083333333334 0.48046875 0.046875 0.06510416666666667
1 0.62890625 0.7708333333333334 0.09114583333333333 0.059895833333333336
1 0.62109375 0.8072916666666666 0.06770833333333333 0.046875
1 0.4934895833333333 0.6080729166666666 0.08333333333333333 0.06770833333333333
1 0.6041666666666666 0.765625 0.08072916666666667 0.0546875
1 0.39453125 0.890625 0.0703125 0.033854166666666664
1 0.6067708333333334 0.68359375 0.06770833333333333 0.057291666666666664
1 0.4088541666666667 0.6575520833333334 0.08072916666666667 0.0625