1 0.4934895833333333 0.4244791666666667 0.03125 0.06770833333333333
1 0.5963541666666666 0.6328125 0.049479166666666664 0.026041666666666668
1 0.5078125 0.55859375 0.0546875 0.041666666666666664
1 0.59765625 0.15755208333333334 0.028645833333333332 0.07291666666666667
1 0.5755208333333334 0.4596354166666667 0.0234375 0.08333333333333333
1 0.4778645833333333 0.4752604166666667 0.026041666666666668 0.057291666666666664
1 0.4921875 0.4765625 0.026041666666666668 0.041666666666666664
1 0.5364583333333334 0.6627604166666666 0.044270833333333336 0.036458333333333336
1 0.5091145833333334 0.4309895833333333 0.026041666666666668 0.0625
1 0.5403645833333334 0.62890625 0.046875 0.044270833333333336
1 0.5052083333333334 0.5026041666666666 0.0546875 0.036458333333333336
1 0.59375 0.6510416666666666 0.052083333333333336 0.0390625
1 0.5625 0.609375 0.0546875 0.0390625
1 0.46875 0.6953125 0.041666666666666664 0.059895833333333336
1 0.54296875 0.4596354166666667 0.033854166666666664 0.06510416666666667
1 0.46875 0.44921875 0.03125 0.06770833333333333
1 0.5911458333333334 0.6145833333333334 0.049479166666666664 0.03125
1 0.5442708333333334 0.3828125 0.026041666666666668 0.078125