1 0.2994791666666667 0.7721354166666666 0.057291666666666664 0.03125
1 0.41796875 0.8072916666666666 0.057291666666666664 0.018229166666666668
1 0.3671875 0.6236979166666666 0.059895833333333336 0.0234375
1 0.3919270833333333 0.66015625 0.059895833333333336 0.033854166666666664
1 0.4713541666666667 0.53515625 0.052083333333333336 0.0390625
1 0.328125 0.8125 0.026041666666666668 0.044270833333333336
1 0.3880208333333333 0.59375 0.033854166666666664 0.0390625
1 0.5963541666666666 0.6458333333333334 0.057291666666666664 0.033854166666666664
1 0.3046875 0.7552083333333334 0.0546875 0.033854166666666664
1 0.4283854166666667 0.6223958333333334 0.044270833333333336 0.0390625
1 0.3580729166666667 0.8046875 0.03125 0.041666666666666664