1 0.3424479166666667 0.6315104166666666 0.03125 0.036458333333333336
1 0.5078125 0.5533854166666666 0.0234375 0.020833333333333332
1 0.5065104166666666 0.5234375 0.015625 0.046875
1 0.4036458333333333 0.4817708333333333 0.0234375 0.028645833333333332
1 0.3854166666666667 0.52734375 0.015625 0.036458333333333336
1 0.4309895833333333 0.5572916666666666 0.026041666666666668 0.036458333333333336
1 0.4752604166666667 0.5572916666666666 0.03125 0.015625
1 0.421875 0.48828125 0.026041666666666668 0.052083333333333336
1 0.3580729166666667 0.578125 0.020833333333333332 0.03125
1 0.3658854166666667 0.62890625 0.0234375 0.03125
1 0.3567708333333333 0.5182291666666666 0.028645833333333332 0.0390625
1 0.4544270833333333 0.5572916666666666 0.026041666666666668 0.036458333333333336
1 0.2838541666666667 0.6263020833333334 0.026041666666666668 0.052083333333333336
1 0.4661458333333333 0.61328125 0.026041666666666668 0.046875
1 0.71484375 0.6341145833333334 0.033854166666666664 0.0234375
1 0.30859375 0.5494791666666666 0.03125 0.020833333333333332
1 0.42578125 0.52734375 0.03125 0.03125
1 0.4700520833333333 0.5260416666666666 0.028645833333333332 0.026041666666666668
1 0.3072916666666667 0.5 0.020833333333333332 0.049479166666666664
1 0.4973958333333333 0.625 0.026041666666666668 0.046875
1 0.30859375 0.5807291666666666 0.015625 0.044270833333333336
1 0.5520833333333334 0.6145833333333334 0.015625 0.046875
1 0.3736979166666667 0.4544270833333333 0.0234375 0.052083333333333336
1 0.5703125 0.6184895833333334 0.028645833333333332 0.028645833333333332
1 0.3372395833333333 0.5065104166666666 0.033854166666666664 0.0234375
1 0.3268229166666667 0.5234375 0.033854166666666664 0.013020833333333334
1 0.4036458333333333 0.5625 0.03125 0.028645833333333332
1 0.5208333333333334 0.59765625 0.028645833333333332 0.0234375
1 0.2708333333333333 0.6341145833333334 0.015625 0.041666666666666664
1 0.2994791666666667 0.5221354166666666 0.015625 0.041666666666666664
1 0.4817708333333333 0.5755208333333334 0.0234375 0.026041666666666668
1 0.4283854166666667 0.6184895833333334 0.0390625 0.018229166666666668
1 0.40234375 0.51171875 0.026041666666666668 0.026041666666666668
1 0.4049479166666667 0.5481770833333334 0.036458333333333336 0.0234375
1 0.4908854166666667 0.5221354166666666 0.03125 0.036458333333333336
1 0.3958333333333333 0.5911458333333334 0.026041666666666668 0.049479166666666664
1 0.4166666666666667 0.59765625 0.03125 0.026041666666666668
1 0.4466145833333333 0.5794270833333334 0.018229166666666668 0.013020833333333334
1 0.375 0.5846354166666666 0.018229166666666668 0.041666666666666664
1 0.44140625 0.6028645833333334 0.026041666666666668 0.018229166666666668
1 0.4544270833333333 0.52734375 0.026041666666666668 0.044270833333333336
1 0.4908854166666667 0.54296875 0.033854166666666664 0.018229166666666668
1 0.3333333333333333 0.5950520833333334 0.018229166666666668 0.036458333333333336
1 0.4049479166666667 0.4596354166666667 0.0390625 0.020833333333333332
1 0.42578125 0.5859375 0.041666666666666664 0.0234375
1 0.5481770833333334 0.5546875 0.0390625 0.03125
1 0.5 0.58984375 0.020833333333333332 0.041666666666666664
1 0.4713541666666667 0.5690104166666666 0.028645833333333332 0.018229166666666668
1 0.4479166666666667 0.4713541666666667 0.0390625 0.028645833333333332
1 0.3971354166666667 0.4466145833333333 0.036458333333333336 0.020833333333333332
1 0.4622395833333333 0.4947916666666667 0.0234375 0.046875
1 0.2682291666666667 0.6119791666666666 0.015625 0.036458333333333336
1 0.4544270833333333 0.6236979166666666 0.020833333333333332 0.026041666666666668
1 0.5182291666666666 0.53125 0.0234375 0.0390625
1 0.3776041666666667 0.48828125 0.036458333333333336 0.020833333333333332
1 0.5716145833333334 0.58984375 0.026041666666666668 0.044270833333333336
1 0.53125 0.55859375 0.03125 0.026041666666666668
1 0.4661458333333333 0.5911458333333334 0.020833333333333332 0.036458333333333336
1 0.5950520833333334 0.58984375 0.018229166666666668 0.046875
1 0.6236979166666666 0.6315104166666666 0.036458333333333336 0.020833333333333332
1 0.4817708333333333 0.6028645833333334 0.020833333333333332 0.046875
1 0.4986979166666667 0.5690104166666666 0.015625 0.036458333333333336
1 0.3229166666666667 0.5611979166666666 0.018229166666666668 0.036458333333333336
1 0.4479166666666667 0.5143229166666666 0.020833333333333332 0.033854166666666664
1 0.3255208333333333 0.6315104166666666 0.020833333333333332 0.0390625
1 0.5416666666666666 0.6380208333333334 0.013020833333333334 0.0390625
1 0.6028645833333334 0.6197916666666666 0.033854166666666664 0.026041666666666668
1 0.53515625 0.58203125 0.0390625 0.0234375
1 0.3046875 0.6171875 0.028645833333333332 0.020833333333333332
1 0.3736979166666667 0.53515625 0.015625 0.03125
1 0.3411458333333333 0.6028645833333334 0.026041666666666668 0.0390625
1 0.33203125 0.5338541666666666 0.0234375 0.018229166666666668
1 0.3411458333333333 0.4817708333333333 0.0234375 0.028645833333333332
1 0.4127604166666667 0.5598958333333334 0.020833333333333332 0.015625
1 0.51953125 0.61328125 0.028645833333333332 0.036458333333333336
1 0.3958333333333333 0.6302083333333334 0.03125 0.03125
1 0.5234375 0.56640625 0.033854166666666664 0.018229166666666668
1 0.34375 0.5572916666666666 0.0234375 0.044270833333333336
1 0.5846354166666666 0.6041666666666666 0.015625 0.046875
1 0.3255208333333333 0.4908854166666667 0.03125 0.041666666666666664
1 0.7552083333333334 0.6354166666666666 0.028645833333333332 0.010416666666666666
1 0.40234375 0.60546875 0.041666666666666664 0.0234375
1 0.4127604166666667 0.5221354166666666 0.03125 0.036458333333333336
1 0.3580729166666667 0.5572916666666666 0.0234375 0.046875
1 0.3815104166666667 0.6171875 0.015625 0.0234375
1 0.3645833333333333 0.51953125 0.015625 0.018229166666666668
1 0.5182291666666666 0.6302083333333334 0.028645833333333332 0.020833333333333332