1 0.41015625 0.3997395833333333 0.018229166666666668 0.036458333333333336
1 0.4388020833333333 0.3841145833333333 0.0234375 0.015625
1 0.4947916666666667 0.3489583333333333 0.020833333333333332 0.026041666666666668
1 0.3763020833333333 0.3854166666666667 0.020833333333333332 0.018229166666666668
1 0.4921875 0.3984375 0.020833333333333332 0.018229166666666668
1 0.4817708333333333 0.1640625 0.0234375 0.018229166666666668
1 0.5807291666666666 0.3190104166666667 0.020833333333333332 0.020833333333333332
1 0.6315104166666666 0.3997395833333333 0.020833333333333332 0.03125
1 0.4934895833333333 0.17708333333333334 0.026041666666666668 0.03125
1 0.5377604166666666 0.3776041666666667 0.0234375 0.015625
1 0.5572916666666666 0.4231770833333333 0.020833333333333332 0.010416666666666666
1 0.5052083333333334 0.3841145833333333 0.018229166666666668 0.020833333333333332
1 0.3684895833333333 0.31640625 0.020833333333333332 0.020833333333333332
1 0.20052083333333334 0.3385416666666667 0.018229166666666668 0.0234375
1 0.6223958333333334 0.5130208333333334 0.020833333333333332 0.036458333333333336
1 0.4778645833333333 0.21744791666666666 0.0234375 0.0234375
1 0.390625 0.2760416666666667 0.015625 0.03125
1 0.44140625 0.17578125 0.018229166666666668 0.028645833333333332
1 0.5143229166666666 0.40234375 0.015625 0.026041666666666668
1 0.421875 0.2825520833333333 0.0234375 0.015625
1 0.4348958333333333 0.3645833333333333 0.013020833333333334 0.03125
1 0.3411458333333333 0.3111979166666667 0.0234375 0.041666666666666664
1 0.5807291666666666 0.4375 0.018229166666666668 0.026041666666666668
1 0.5221354166666666 0.3346354166666667 0.015625 0.028645833333333332
1 0.5494791666666666 0.3463541666666667 0.020833333333333332 0.026041666666666668
1 0.6236979166666666 0.3841145833333333 0.018229166666666668 0.03125
1 0.4908854166666667 0.4205729166666667 0.0234375 0.03125
1 0.4388020833333333 0.265625 0.020833333333333332 0.028645833333333332
1 0.5768229166666666 0.3372395833333333 0.018229166666666668 0.018229166666666668
1 0.4401041666666667 0.3971354166666667 0.020833333333333332 0.015625
1 0.4752604166666667 0.3763020833333333 0.020833333333333332 0.013020833333333334
1 0.34375 0.26171875 0.0234375 0.028645833333333332
1 0.4049479166666667 0.28515625 0.013020833333333334 0.028645833333333332
1 0.5286458333333334 0.3125 0.013020833333333334 0.028645833333333332
1 0.5846354166666666 0.3333333333333333 0.020833333333333332 0.018229166666666668
1 0.5859375 0.5182291666666666 0.0234375 0.0234375
1 0.515625 0.37109375 0.020833333333333332 0.03125
1 0.4518229166666667 0.3190104166666667 0.018229166666666668 0.018229166666666668
1 0.5885416666666666 0.5052083333333334 0.020833333333333332 0.03125
1 0.5390625 0.2890625 0.018229166666666668 0.028645833333333332
1 0.4635416666666667 0.3385416666666667 0.013020833333333334 0.026041666666666668
1 0.484375 0.390625 0.020833333333333332 0.018229166666666668
1 0.4713541666666667 0.2265625 0.03125 0.013020833333333334
1 0.5364583333333334 0.23046875 0.020833333333333332 0.03125
1 0.59375 0.41015625 0.0234375 0.028645833333333332
1 0.43359375 0.3268229166666667 0.0234375 0.028645833333333332
1 0.4453125 0.3268229166666667 0.0234375 0.015625
1 0.44921875 0.3463541666666667 0.018229166666666668 0.013020833333333334
1 0.453125 0.18229166666666666 0.013020833333333334 0.028645833333333332
1 0.4661458333333333 0.484375 0.028645833333333332 0.018229166666666668
1 0.49609375 0.3723958333333333 0.018229166666666668 0.026041666666666668
1 0.3567708333333333 0.3880208333333333 0.013020833333333334 0.026041666666666668
1 0.4973958333333333 0.4440104166666667 0.018229166666666668 0.026041666666666668
1 0.51171875 0.3229166666666667 0.026041666666666668 0.015625
1 0.4140625 0.296875 0.015625 0.026041666666666668
1 0.62109375 0.34375 0.018229166666666668 0.0234375
1 0.5963541666666666 0.4921875 0.015625 0.028645833333333332
1 0.4427083333333333 0.234375 0.018229166666666668 0.028645833333333332
1 0.4908854166666667 0.28125 0.026041666666666668 0.028645833333333332
1 0.64453125 0.4049479166666667 0.018229166666666668 0.020833333333333332
1 0.41796875 0.3255208333333333 0.018229166666666668 0.03125
1 0.59375 0.32421875 0.0234375 0.028645833333333332
1 0.4856770833333333 0.4739583333333333 0.013020833333333334 0.026041666666666668
1 0.3880208333333333 0.3020833333333333 0.0234375 0.015625
1 0.4739583333333333 0.5208333333333334 0.018229166666666668 0.036458333333333336
1 0.5208333333333334 0.4231770833333333 0.020833333333333332 0.026041666666666668
1 0.49609375 0.4895833333333333 0.015625 0.03125
1 0.57421875 0.4791666666666667 0.020833333333333332 0.020833333333333332
1 0.5065104166666666 0.26953125 0.020833333333333332 0.028645833333333332
1 0.6354166666666666 0.421875 0.018229166666666668 0.026041666666666668
1 0.4270833333333333 0.3125 0.018229166666666668 0.026041666666666668
1 0.4752604166666667 0.40625 0.018229166666666668 0.0234375
1 0.484375 0.3333333333333333 0.015625 0.026041666666666668
1 0.6145833333333334 0.4205729166666667 0.0234375 0.013020833333333334
1 0.4270833333333333 0.3958333333333333 0.013020833333333334 0.033854166666666664
1 0.4830729166666667 0.5065104166666666 0.015625 0.026041666666666668
1 0.5221354166666666 0.2552083333333333 0.0234375 0.015625
1 0.57421875 0.41796875 0.018229166666666668 0.0234375
1 0.48828125 0.30859375 0.013020833333333334 0.03125
1 0.5651041666666666 0.4505208333333333 0.013020833333333334 0.036458333333333336
1 0.421875 0.4075520833333333 0.013020833333333334 0.028645833333333332
1 0.6158854166666666 0.42578125 0.018229166666666668 0.010416666666666666
1 0.5546875 0.4544270833333333 0.018229166666666668 0.028645833333333332