1 0.3815104166666667 0.5260416666666666 0.046875 0.036458333333333336
1 0.4908854166666667 0.89453125 0.049479166666666664 0.0625
1 0.4401041666666667 0.4231770833333333 0.044270833333333336 0.036458333333333336
1 0.34375 0.2916666666666667 0.052083333333333336 0.08333333333333333
1 0.48046875 0.5690104166666666 0.046875 0.044270833333333336
1 0.44140625 0.4010416666666667 0.052083333333333336 0.046875
1 0.37890625 0.3919270833333333 0.0546875 0.049479166666666664
1 0.6471354166666666 0.5091145833333334 0.033854166666666664 0.057291666666666664
1 0.609375 0.5260416666666666 0.041666666666666664 0.041666666666666664
1 0.5807291666666666 0.3697916666666667 0.049479166666666664 0.049479166666666664
1 0.41015625 0.5091145833333334 0.026041666666666668 0.0234375
1 0.5638020833333334 0.84375 0.0546875 0.07291666666666667
1 0.6510416666666666 0.5859375 0.044270833333333336 0.052083333333333336
1 0.5872395833333334 0.9205729166666666 0.052083333333333336 0.08072916666666667
1 0.6197916666666666 0.4388020833333333 0.0546875 0.06510416666666667
1 0.4622395833333333 0.5260416666666666 0.03125 0.046875
1 0.4270833333333333 0.3268229166666667 0.036458333333333336 0.0625
1 0.66796875 0.6432291666666666 0.036458333333333336 0.059895833333333336
1 0.5078125 0.5651041666666666 0.0390625 0.0703125
1 0.5963541666666666 0.46484375 0.0390625 0.041666666666666664
1 0.6705729166666666 0.50390625 0.046875 0.06510416666666667
1 0.4661458333333333 0.640625 0.041666666666666664 0.06510416666666667
1 0.21875 0.6119791666666666 0.0625 0.06510416666666667
1 0.3424479166666667 0.5286458333333334 0.052083333333333336 0.057291666666666664
1 0.5885416666666666 0.4127604166666667 0.041666666666666664 0.06510416666666667