1 0.68359375 0.6458333333333334 0.0390625 0.036458333333333336
1 0.4869791666666667 0.4505208333333333 0.036458333333333336 0.044270833333333336
1 0.3958333333333333 0.5677083333333334 0.028645833333333332 0.052083333333333336
1 0.7291666666666666 0.5338541666666666 0.036458333333333336 0.033854166666666664
1 0.6953125 0.6380208333333334 0.0390625 0.036458333333333336
1 0.4830729166666667 0.4830729166666667 0.03125 0.0390625
1 0.4752604166666667 0.5755208333333334 0.03125 0.0390625
1 0.5286458333333334 0.4674479166666667 0.036458333333333336 0.044270833333333336
1 0.4895833333333333 0.5794270833333334 0.026041666666666668 0.036458333333333336
1 0.6979166666666666 0.5052083333333334 0.049479166666666664 0.03125
1 0.671875 0.6263020833333334 0.028645833333333332 0.033854166666666664
1 0.6979166666666666 0.6223958333333334 0.0390625 0.0234375
1 0.6809895833333334 0.6575520833333334 0.03125 0.028645833333333332
1 0.5872395833333334 0.5638020833333334 0.036458333333333336 0.026041666666666668
1 0.41796875 0.61328125 0.033854166666666664 0.020833333333333332
1 0.5598958333333334 0.5755208333333334 0.018229166666666668 0.046875
1 0.4817708333333333 0.5611979166666666 0.033854166666666664 0.020833333333333332
1 0.7291666666666666 0.5169270833333334 0.0390625 0.0234375