1 0.5416666666666666 0.60546875 0.03125 0.0546875
1 0.55078125 0.4036458333333333 0.028645833333333332 0.052083333333333336
1 0.4114583333333333 0.38671875 0.041666666666666664 0.052083333333333336
1 0.5325520833333334 0.5013020833333334 0.041666666666666664 0.033854166666666664
1 0.4427083333333333 0.7838541666666666 0.046875 0.052083333333333336
1 0.51953125 0.6861979166666666 0.0390625 0.049479166666666664
1 0.3072916666666667 0.3255208333333333 0.044270833333333336 0.0546875
1 0.5091145833333334 0.5481770833333334 0.028645833333333332 0.0390625
1 0.59765625 0.28515625 0.033854166666666664 0.0625
1 0.4088541666666667 0.4622395833333333 0.041666666666666664 0.0390625
1 0.6158854166666666 0.2760416666666667 0.026041666666666668 0.044270833333333336
1 0.41015625 0.6627604166666666 0.041666666666666664 0.03125
1 0.4440104166666667 0.5963541666666666 0.026041666666666668 0.0390625