1 0.6653645833333334 0.5690104166666666 0.015625 0.0390625
1 0.6614583333333334 0.3072916666666667 0.028645833333333332 0.0234375
1 0.5703125 0.4283854166666667 0.0234375 0.026041666666666668
1 0.4088541666666667 0.3841145833333333 0.0234375 0.036458333333333336
1 0.7591145833333334 0.3268229166666667 0.03125 0.0390625
1 0.6822916666666666 0.57421875 0.0234375 0.033854166666666664
1 0.7018229166666666 0.6432291666666666 0.013020833333333334 0.03125
1 0.5026041666666666 0.4518229166666667 0.033854166666666664 0.0234375
1 0.60546875 0.4544270833333333 0.026041666666666668 0.036458333333333336
1 0.7291666666666666 0.5768229166666666 0.0234375 0.028645833333333332
1 0.64453125 0.32421875 0.015625 0.026041666666666668
1 0.5651041666666666 0.3020833333333333 0.0234375 0.020833333333333332
1 0.4375 0.4375 0.018229166666666668 0.03125
1 0.5481770833333334 0.40234375 0.0234375 0.0390625
1 0.4765625 0.3958333333333333 0.018229166666666668 0.015625
1 0.5442708333333334 0.3723958333333333 0.010416666666666666 0.026041666666666668
1 0.55078125 0.6015625 0.018229166666666668 0.028645833333333332
1 0.7903645833333334 0.63671875 0.015625 0.03125
1 0.4973958333333333 0.3489583333333333 0.015625 0.0390625
1 0.69140625 0.3841145833333333 0.018229166666666668 0.0234375
1 0.421875 0.5963541666666666 0.020833333333333332 0.020833333333333332
1 0.6653645833333334 0.6028645833333334 0.0234375 0.020833333333333332
1 0.7356770833333334 0.46875 0.0234375 0.018229166666666668
1 0.46875 0.3216145833333333 0.018229166666666668 0.041666666666666664
1 0.76953125 0.3658854166666667 0.026041666666666668 0.028645833333333332
1 0.5572916666666666 0.6549479166666666 0.0234375 0.052083333333333336
1 0.6302083333333334 0.4036458333333333 0.028645833333333332 0.020833333333333332
1 0.7786458333333334 0.5833333333333334 0.0234375 0.033854166666666664
1 0.5104166666666666 0.6002604166666666 0.020833333333333332 0.03125
1 0.8372395833333334 0.33203125 0.0234375 0.036458333333333336
1 0.5794270833333334 0.38671875 0.018229166666666668 0.026041666666666668
1 0.6354166666666666 0.2630208333333333 0.028645833333333332 0.026041666666666668
1 0.6666666666666666 0.375 0.0234375 0.0234375
1 0.5364583333333334 0.4479166666666667 0.026041666666666668 0.028645833333333332
1 0.5807291666666666 0.2682291666666667 0.015625 0.0390625
1 0.4947916666666667 0.3997395833333333 0.018229166666666668 0.0234375
1 0.47265625 0.359375 0.0234375 0.026041666666666668
1 0.4778645833333333 0.4348958333333333 0.028645833333333332 0.0234375
1 0.4544270833333333 0.359375 0.020833333333333332 0.026041666666666668
1 0.7122395833333334 0.4518229166666667 0.028645833333333332 0.026041666666666668
1 0.6940104166666666 0.28515625 0.020833333333333332 0.028645833333333332
1 0.6432291666666666 0.62109375 0.018229166666666668 0.03125
1 0.5130208333333334 0.3828125 0.026041666666666668 0.033854166666666664
1 0.6236979166666666 0.6236979166666666 0.020833333333333332 0.0234375
1 0.58203125 0.4518229166666667 0.020833333333333332 0.049479166666666664
1 0.7213541666666666 0.2955729166666667 0.033854166666666664 0.033854166666666664
1 0.609375 0.26953125 0.018229166666666668 0.03125
1 0.7369791666666666 0.6119791666666666 0.015625 0.033854166666666664
1 0.4075520833333333 0.5442708333333334 0.0234375 0.026041666666666668
1 0.5572916666666666 0.4661458333333333 0.026041666666666668 0.03125
1 0.6315104166666666 0.6510416666666666 0.026041666666666668 0.036458333333333336
1 0.7473958333333334 0.6666666666666666 0.015625 0.0234375
1 0.5442708333333334 0.21354166666666666 0.028645833333333332 0.026041666666666668
1 0.5950520833333334 0.3463541666666667 0.013020833333333334 0.0234375
1 0.5703125 0.5651041666666666 0.018229166666666668 0.028645833333333332
1 0.7890625 0.3268229166666667 0.026041666666666668 0.041666666666666664
1 0.7513020833333334 0.58984375 0.018229166666666668 0.03125
1 0.5924479166666666 0.30078125 0.018229166666666668 0.013020833333333334
1 0.4205729166666667 0.4075520833333333 0.018229166666666668 0.033854166666666664
1 0.5494791666666666 0.3138020833333333 0.018229166666666668 0.0390625
1 0.61328125 0.4817708333333333 0.020833333333333332 0.026041666666666668
1 0.54296875 0.5455729166666666 0.020833333333333332 0.0234375
1 0.7317708333333334 0.3736979166666667 0.036458333333333336 0.0234375
1 0.5911458333333334 0.5104166666666666 0.013020833333333334 0.03125
1 0.3932291666666667 0.4505208333333333 0.020833333333333332 0.052083333333333336
1 0.4713541666666667 0.4622395833333333 0.03125 0.026041666666666668
1 0.57421875 0.2265625 0.028645833333333332 0.020833333333333332
1 0.51953125 0.4153645833333333 0.026041666666666668 0.0234375
1 0.69140625 0.609375 0.0234375 0.033854166666666664
1 0.4049479166666667 0.4388020833333333 0.020833333333333332 0.033854166666666664
1 0.46875 0.50390625 0.0234375 0.03125
1 0.625 0.3359375 0.020833333333333332 0.026041666666666668
1 0.4270833333333333 0.3255208333333333 0.013020833333333334 0.041666666666666664
1 0.703125 0.4921875 0.0234375 0.0234375
1 0.45703125 0.42578125 0.020833333333333332 0.026041666666666668
1 0.4596354166666667 0.5442708333333334 0.020833333333333332 0.028645833333333332
1 0.515625 0.5520833333333334 0.020833333333333332 0.026041666666666668
1 0.4388020833333333 0.39453125 0.015625 0.046875
1 0.78125 0.640625 0.020833333333333332 0.03125
1 0.7473958333333334 0.43359375 0.018229166666666668 0.036458333333333336
1 0.4466145833333333 0.31640625 0.015625 0.044270833333333336
1 0.5872395833333334 0.23958333333333334 0.028645833333333332 0.018229166666666668
1 0.546875 0.3580729166666667 0.0234375 0.03125
1 0.7486979166666666 0.4856770833333333 0.028645833333333332 0.026041666666666668
1 0.6549479166666666 0.4895833333333333 0.020833333333333332 0.026041666666666668
1 0.4296875 0.4505208333333333 0.020833333333333332 0.041666666666666664
1 0.59375 0.20442708333333334 0.018229166666666668 0.036458333333333336
1 0.4440104166666667 0.5963541666666666 0.020833333333333332 0.020833333333333332
1 0.4114583333333333 0.4075520833333333 0.020833333333333332 0.028645833333333332
1 0.70703125 0.5416666666666666 0.026041666666666668 0.026041666666666668
1 0.7434895833333334 0.55859375 0.013020833333333334 0.033854166666666664