1 0.4934895833333333 0.5559895833333334 0.033854166666666664 0.020833333333333332
1 0.6223958333333334 0.6796875 0.028645833333333332 0.0625
1 0.34375 0.6354166666666666 0.026041666666666668 0.049479166666666664
1 0.4830729166666667 0.6809895833333334 0.026041666666666668 0.041666666666666664
1 0.49609375 0.5325520833333334 0.018229166666666668 0.033854166666666664
1 0.4973958333333333 0.65625 0.033854166666666664 0.041666666666666664
1 0.55859375 0.5598958333333334 0.044270833333333336 0.0234375
1 0.2630208333333333 0.67578125 0.026041666666666668 0.0625
1 0.87109375 0.625 0.049479166666666664 0.0390625
1 0.9596354166666666 0.5013020833333334 0.052083333333333336 0.041666666666666664
1 0.51171875 0.80078125 0.041666666666666664 0.046875
1 0.3684895833333333 0.3255208333333333 0.041666666666666664 0.044270833333333336
1 0.4856770833333333 0.7682291666666666 0.033854166666666664 0.08333333333333333
1 0.48046875 0.6380208333333334 0.049479166666666664 0.0390625
1 0.7434895833333334 0.7317708333333334 0.044270833333333336 0.057291666666666664
1 0.453125 0.4778645833333333 0.026041666666666668 0.07552083333333333
1 0.11067708333333333 0.2643229166666667 0.028645833333333332 0.052083333333333336
1 0.7604166666666666 0.51953125 0.036458333333333336 0.0390625