1 0.28125 0.5651041666666666 0.0234375 0.0234375
1 0.4440104166666667 0.6549479166666666 0.020833333333333332 0.036458333333333336
1 0.48046875 0.7278645833333334 0.0234375 0.036458333333333336
1 0.2526041666666667 0.5833333333333334 0.03125 0.033854166666666664
1 0.4596354166666667 0.65234375 0.028645833333333332 0.020833333333333332
1 0.3958333333333333 0.4010416666666667 0.020833333333333332 0.03125
1 0.3723958333333333 0.4765625 0.03125 0.03125
1 0.265625 0.4674479166666667 0.026041666666666668 0.049479166666666664
1 0.3736979166666667 0.453125 0.0234375 0.028645833333333332
1 0.5247395833333334 0.76171875 0.028645833333333332 0.020833333333333332
1 0.64453125 0.6002604166666666 0.020833333333333332 0.03125
1 0.8033854166666666 0.4270833333333333 0.026041666666666668 0.033854166666666664
1 0.6848958333333334 0.33984375 0.020833333333333332 0.044270833333333336
1 0.70703125 0.4479166666666667 0.0234375 0.036458333333333336
1 0.5950520833333334 0.3385416666666667 0.0234375 0.026041666666666668
1 0.43359375 0.3177083333333333 0.020833333333333332 0.03125
1 0.5078125 0.359375 0.015625 0.026041666666666668
1 0.3919270833333333 0.3346354166666667 0.028645833333333332 0.033854166666666664
1 0.3776041666666667 0.296875 0.026041666666666668 0.028645833333333332
1 0.2526041666666667 0.3919270833333333 0.026041666666666668 0.028645833333333332
1 0.7578125 0.6458333333333334 0.015625 0.028645833333333332
1 0.7330729166666666 0.6692708333333334 0.0234375 0.028645833333333332
1 0.3802083333333333 0.6184895833333334 0.0390625 0.03125
1 0.3645833333333333 0.6966145833333334 0.020833333333333332 0.015625
1 0.5807291666666666 0.71484375 0.026041666666666668 0.0390625
1 0.6953125 0.7513020833333334 0.03125 0.020833333333333332
1 0.5416666666666666 0.8567708333333334 0.0234375 0.036458333333333336
1 0.4778645833333333 0.50390625 0.015625 0.015625
1 0.3463541666666667 0.6848958333333334 0.018229166666666668 0.033854166666666664
1 0.484375 0.31640625 0.044270833333333336 0.03125
1 0.421875 0.4661458333333333 0.03125 0.0234375
1 0.4583333333333333 0.5234375 0.03125 0.041666666666666664
1 0.51953125 0.4596354166666667 0.020833333333333332 0.015625
1 0.3059895833333333 0.4934895833333333 0.033854166666666664 0.044270833333333336
1 0.2942708333333333 0.3932291666666667 0.018229166666666668 0.041666666666666664
1 0.78515625 0.5924479166666666 0.0234375 0.026041666666666668
1 0.5846354166666666 0.4544270833333333 0.026041666666666668 0.026041666666666668
1 0.6341145833333334 0.3880208333333333 0.015625 0.026041666666666668
1 0.8229166666666666 0.5911458333333334 0.033854166666666664 0.03125
1 0.7122395833333334 0.5338541666666666 0.020833333333333332 0.028645833333333332
1 0.72265625 0.6276041666666666 0.026041666666666668 0.03125
1 0.4908854166666667 0.56640625 0.028645833333333332 0.0390625
1 0.3489583333333333 0.2669270833333333 0.028645833333333332 0.036458333333333336
1 0.3763020833333333 0.2604166666666667 0.0234375 0.0390625
1 0.40234375 0.2421875 0.03125 0.044270833333333336
1 0.7044270833333334 0.3489583333333333 0.028645833333333332 0.018229166666666668
1 0.7526041666666666 0.6015625 0.018229166666666668 0.020833333333333332
1 0.18098958333333334 0.4192708333333333 0.028645833333333332 0.046875
1 0.23567708333333334 0.6145833333333334 0.0234375 0.041666666666666664
1 0.5559895833333334 0.6822916666666666 0.020833333333333332 0.033854166666666664
1 0.25 0.60546875 0.026041666666666668 0.03125
1 0.19401041666666666 0.49609375 0.028645833333333332 0.03125
1 0.3736979166666667 0.6484375 0.020833333333333332 0.03125
1 0.8658854166666666 0.5546875 0.03125 0.028645833333333332
1 0.58984375 0.7877604166666666 0.033854166666666664 0.026041666666666668
1 0.4388020833333333 0.6276041666666666 0.018229166666666668 0.03125
1 0.3450520833333333 0.7174479166666666 0.03125 0.026041666666666668
1 0.40234375 0.5911458333333334 0.03125 0.020833333333333332
1 0.46875 0.4739583333333333 0.033854166666666664 0.03125
1 0.24869791666666666 0.3424479166666667 0.0234375 0.028645833333333332
1 0.2421875 0.5299479166666666 0.0234375 0.03125
1 0.4609375 0.7317708333333334 0.018229166666666668 0.033854166666666664
1 0.3958333333333333 0.4322916666666667 0.0390625 0.028645833333333332
1 0.734375 0.4791666666666667 0.0234375 0.026041666666666668
1 0.8046875 0.5651041666666666 0.028645833333333332 0.028645833333333332
1 0.6666666666666666 0.5833333333333334 0.028645833333333332 0.015625
1 0.5520833333333334 0.3541666666666667 0.03125 0.036458333333333336
1 0.828125 0.44140625 0.018229166666666668 0.033854166666666664
1 0.59765625 0.6731770833333334 0.0234375 0.018229166666666668
1 0.7135416666666666 0.69140625 0.03125 0.020833333333333332
1 0.7018229166666666 0.609375 0.028645833333333332 0.028645833333333332
1 0.3424479166666667 0.4192708333333333 0.033854166666666664 0.0234375
1 0.3736979166666667 0.55859375 0.028645833333333332 0.028645833333333332
1 0.5807291666666666 0.4361979166666667 0.013020833333333334 0.028645833333333332
1 0.3828125 0.23046875 0.026041666666666668 0.0390625
1 0.8151041666666666 0.3854166666666667 0.03125 0.033854166666666664
1 0.5833333333333334 0.4244791666666667 0.020833333333333332 0.026041666666666668
1 0.4088541666666667 0.3932291666666667 0.026041666666666668 0.020833333333333332
1 0.73828125 0.6041666666666666 0.0234375 0.018229166666666668
1 0.3125 0.5390625 0.0390625 0.041666666666666664
1 0.3203125 0.6979166666666666 0.03125 0.028645833333333332
1 0.24348958333333334 0.5794270833333334 0.018229166666666668 0.0390625
1 0.4778645833333333 0.7526041666666666 0.0234375 0.0234375
1 0.4270833333333333 0.7083333333333334 0.0234375 0.049479166666666664
1 0.4700520833333333 0.7669270833333334 0.028645833333333332 0.041666666666666664
1 0.5377604166666666 0.734375 0.020833333333333332 0.036458333333333336
1 0.4010416666666667 0.6263020833333334 0.015625 0.028645833333333332
1 0.3463541666666667 0.75390625 0.041666666666666664 0.028645833333333332
1 0.3111979166666667 0.6041666666666666 0.028645833333333332 0.0390625
1 0.6940104166666666 0.66796875 0.03125 0.03125
1 0.59765625 0.30078125 0.036458333333333336 0.0390625
1 0.6588541666666666 0.5494791666666666 0.026041666666666668 0.036458333333333336
1 0.5234375 0.3828125 0.028645833333333332 0.015625
1 0.66796875 0.4765625 0.020833333333333332 0.018229166666666668
1 0.3671875 0.2604166666666667 0.0234375 0.036458333333333336
1 0.5638020833333334 0.48046875 0.03125 0.028645833333333332
1 0.6770833333333334 0.6783854166666666 0.026041666666666668 0.026041666666666668
1 0.3151041666666667 0.2903645833333333 0.033854166666666664 0.041666666666666664
1 0.6940104166666666 0.3372395833333333 0.0234375 0.044270833333333336
1 0.8151041666666666 0.5234375 0.015625 0.033854166666666664
1 0.73828125 0.4622395833333333 0.018229166666666668 0.020833333333333332
1 0.5533854166666666 0.9192708333333334 0.0234375 0.041666666666666664
1 0.2825520833333333 0.6145833333333334 0.044270833333333336 0.03125
1 0.19140625 0.3919270833333333 0.020833333333333332 0.036458333333333336
1 0.5403645833333334 0.74609375 0.03125 0.03125
1 0.4049479166666667 0.4895833333333333 0.026041666666666668 0.044270833333333336
1 0.5026041666666666 0.7473958333333334 0.0234375 0.036458333333333336
1 0.4361979166666667 0.703125 0.020833333333333332 0.041666666666666664
1 0.3307291666666667 0.6653645833333334 0.0234375 0.020833333333333332
1 0.57421875 0.6809895833333334 0.0234375 0.028645833333333332
1 0.6119791666666666 0.765625 0.033854166666666664 0.028645833333333332
1 0.3125 0.4205729166666667 0.033854166666666664 0.026041666666666668
1 0.21354166666666666 0.3984375 0.03125 0.0546875
1 0.6940104166666666 0.8125 0.028645833333333332 0.041666666666666664
1 0.265625 0.5390625 0.026041666666666668 0.0390625
1 0.7109375 0.5078125 0.0234375 0.018229166666666668
1 0.6236979166666666 0.578125 0.03125 0.033854166666666664
1 0.73828125 0.4322916666666667 0.0234375 0.020833333333333332
1 0.6627604166666666 0.3424479166666667 0.028645833333333332 0.033854166666666664
1 0.6953125 0.38671875 0.0234375 0.036458333333333336
1 0.6015625 0.4270833333333333 0.028645833333333332 0.03125
1 0.7955729166666666 0.46484375 0.026041666666666668 0.018229166666666668
1 0.7018229166666666 0.4205729166666667 0.026041666666666668 0.026041666666666668
1 0.4375 0.2630208333333333 0.020833333333333332 0.036458333333333336
1 0.5377604166666666 0.4205729166666667 0.028645833333333332 0.026041666666666668
1 0.6315104166666666 0.484375 0.0390625 0.026041666666666668
1 0.8372395833333334 0.53125 0.028645833333333332 0.0234375
1 0.5794270833333334 0.3763020833333333 0.0234375 0.018229166666666668
1 0.4765625 0.2942708333333333 0.015625 0.0234375
1 0.72265625 0.7161458333333334 0.033854166666666664 0.026041666666666668
1 0.7513020833333334 0.6171875 0.026041666666666668 0.018229166666666668
1 0.7408854166666666 0.6536458333333334 0.0234375 0.033854166666666664
1 0.23046875 0.35546875 0.03125 0.036458333333333336
1 0.4609375 0.7096354166666666 0.026041666666666668 0.0390625
1 0.2838541666666667 0.5807291666666666 0.0234375 0.0234375
1 0.6888020833333334 0.7356770833333334 0.0234375 0.0234375
1 0.63671875 0.7096354166666666 0.028645833333333332 0.018229166666666668
1 0.2708333333333333 0.375 0.0234375 0.018229166666666668
1 0.34375 0.5911458333333334 0.041666666666666664 0.0234375
1 0.5078125 0.7213541666666666 0.028645833333333332 0.020833333333333332
1 0.22786458333333334 0.5768229166666666 0.0234375 0.041666666666666664
1 0.5052083333333334 0.7747395833333334 0.03125 0.036458333333333336
1 0.640625 0.69921875 0.03125 0.033854166666666664
1 0.24609375 0.4908854166666667 0.028645833333333332 0.0546875
1 0.390625 0.484375 0.020833333333333332 0.03125
1 0.66015625 0.6575520833333334 0.036458333333333336 0.036458333333333336
1 0.6393229166666666 0.3385416666666667 0.026041666666666668 0.036458333333333336
1 0.7825520833333334 0.6458333333333334 0.0234375 0.036458333333333336
1 0.7916666666666666 0.3736979166666667 0.03125 0.033854166666666664
1 0.48046875 0.3567708333333333 0.028645833333333332 0.028645833333333332
1 0.62109375 0.35546875 0.03125 0.0234375
1 0.51953125 0.4088541666666667 0.033854166666666664 0.026041666666666668
1 0.59765625 0.5872395833333334 0.026041666666666668 0.036458333333333336
1 0.390625 0.4609375 0.03125 0.020833333333333332
1 0.6341145833333334 0.67578125 0.03125 0.028645833333333332
1 0.2109375 0.5598958333333334 0.018229166666666668 0.033854166666666664
1 0.3971354166666667 0.6692708333333334 0.03125 0.03125
1 0.72265625 0.7578125 0.026041666666666668 0.018229166666666668
1 0.3020833333333333 0.6471354166666666 0.028645833333333332 0.028645833333333332
1 0.2734375 0.4088541666666667 0.028645833333333332 0.0546875
1 0.48046875 0.6263020833333334 0.013020833333333334 0.028645833333333332
1 0.3893229166666667 0.3619791666666667 0.036458333333333336 0.041666666666666664
1 0.4830729166666667 0.6028645833333334 0.018229166666666668 0.036458333333333336
1 0.8138020833333334 0.4830729166666667 0.03125 0.026041666666666668
1 0.7578125 0.5390625 0.015625 0.026041666666666668
1 0.7942708333333334 0.671875 0.028645833333333332 0.020833333333333332
1 0.7526041666666666 0.4908854166666667 0.033854166666666664 0.0234375
1 0.5520833333333334 0.3098958333333333 0.0390625 0.026041666666666668
1 0.6927083333333334 0.47265625 0.026041666666666668 0.0390625
1 0.66015625 0.4283854166666667 0.03125 0.020833333333333332
1 0.7291666666666666 0.5572916666666666 0.03125 0.0234375
1 0.546875 0.6028645833333334 0.020833333333333332 0.018229166666666668
1 0.5364583333333334 0.29296875 0.026041666666666668 0.03125
1 0.3072916666666667 0.3190104166666667 0.015625 0.020833333333333332
1 0.51953125 0.5690104166666666 0.03125 0.033854166666666664
1 0.3619791666666667 0.3177083333333333 0.020833333333333332 0.033854166666666664
1 0.2526041666666667 0.3684895833333333 0.033854166666666664 0.0234375
1 0.76171875 0.6263020833333334 0.028645833333333332 0.018229166666666668
1 0.7278645833333334 0.6783854166666666 0.0234375 0.03125
1 0.4856770833333333 0.6705729166666666 0.020833333333333332 0.03125
1 0.2682291666666667 0.5078125 0.033854166666666664 0.046875
1 0.36328125 0.6783854166666666 0.0234375 0.03125
1 0.5690104166666666 0.8294270833333334 0.03125 0.033854166666666664
1 0.4947916666666667 0.45703125 0.03125 0.03125
1 0.4361979166666667 0.4244791666666667 0.028645833333333332 0.033854166666666664
1 0.4791666666666667 0.6966145833333334 0.0234375 0.03125
1 0.24348958333333334 0.4401041666666667 0.036458333333333336 0.028645833333333332
1 0.3619791666666667 0.7317708333333334 0.033854166666666664 0.036458333333333336
1 0.3763020833333333 0.66796875 0.0234375 0.0390625
1 0.3619791666666667 0.5013020833333334 0.026041666666666668 0.020833333333333332
1 0.4973958333333333 0.5 0.020833333333333332 0.028645833333333332
1 0.19140625 0.53125 0.020833333333333332 0.044270833333333336
1 0.4596354166666667 0.4153645833333333 0.028645833333333332 0.036458333333333336
1 0.60546875 0.3880208333333333 0.041666666666666664 0.028645833333333332
1 0.3294270833333333 0.2526041666666667 0.033854166666666664 0.03125
1 0.3125 0.3059895833333333 0.028645833333333332 0.018229166666666668
1 0.7565104166666666 0.4375 0.0234375 0.046875
1 0.7864583333333334 0.62109375 0.026041666666666668 0.0234375
1 0.6627604166666666 0.5 0.026041666666666668 0.0234375
1 0.5559895833333334 0.5611979166666666 0.0234375 0.033854166666666664
1 0.56640625 0.3020833333333333 0.033854166666666664 0.028645833333333332
1 0.6080729166666666 0.6536458333333334 0.041666666666666664 0.026041666666666668
1 0.75390625 0.5729166666666666 0.026041666666666668 0.036458333333333336
1 0.5651041666666666 0.4192708333333333 0.020833333333333332 0.020833333333333332
1 0.4375 0.2864583333333333 0.020833333333333332 0.03125
1 0.4075520833333333 0.32421875 0.028645833333333332 0.0234375
1 0.4635416666666667 0.3020833333333333 0.018229166666666668 0.013020833333333334
1 0.4088541666666667 0.4518229166666667 0.018229166666666668 0.020833333333333332
1 0.7356770833333334 0.7265625 0.028645833333333332 0.020833333333333332