1 0.3984375 0.546875 0.046875 0.057291666666666664
1 0.51171875 0.4596354166666667 0.0390625 0.044270833333333336
1 0.4518229166666667 0.5755208333333334 0.03125 0.028645833333333332
1 0.44921875 0.55859375 0.03125 0.0234375
1 0.5208333333333334 0.4947916666666667 0.03125 0.049479166666666664
1 0.4231770833333333 0.5807291666666666 0.0390625 0.049479166666666664
1 0.5 0.4401041666666667 0.033854166666666664 0.028645833333333332
1 0.4322916666666667 0.6041666666666666 0.0390625 0.033854166666666664
1 0.5013020833333334 0.515625 0.036458333333333336 0.049479166666666664
1 0.5677083333333334 0.4153645833333333 0.046875 0.0390625
1 0.4140625 0.6471354166666666 0.046875 0.057291666666666664
1 0.4479166666666667 0.5872395833333334 0.033854166666666664 0.026041666666666668
1 0.33984375 0.4544270833333333 0.049479166666666664 0.059895833333333336
1 0.4765625 0.5625 0.033854166666666664 0.057291666666666664
1 0.4296875 0.5416666666666666 0.03125 0.03125
1 0.4518229166666667 0.62109375 0.0234375 0.033854166666666664
1 0.4817708333333333 0.6002604166666666 0.044270833333333336 0.03125
1 0.4947916666666667 0.45703125 0.026041666666666668 0.018229166666666668
1 0.5169270833333334 0.4309895833333333 0.03125 0.028645833333333332
1 0.5260416666666666 0.5091145833333334 0.03125 0.049479166666666664
1 0.4973958333333333 0.5442708333333334 0.0234375 0.03125
1 0.4674479166666667 0.54296875 0.0390625 0.059895833333333336
1 0.546875 0.4049479166666667 0.046875 0.059895833333333336
1 0.4518229166666667 0.53515625 0.0390625 0.046875
1 0.4791666666666667 0.484375 0.026041666666666668 0.046875
1 0.37890625 0.7486979166666666 0.044270833333333336 0.041666666666666664
1 0.5208333333333334 0.390625 0.028645833333333332 0.0546875
1 0.4791666666666667 0.75390625 0.046875 0.0546875
1 0.5390625 0.45703125 0.044270833333333336 0.044270833333333336