0 0.5794270833333334 0.8359375 0.13802083333333334 0.17447916666666666
0 0.6263020833333334 0.6653645833333334 0.16145833333333334 0.1484375
0 0.3229166666666667 0.2526041666666667 0.13541666666666666 0.15625
0 0.5169270833333334 0.4674479166666667 0.140625 0.22395833333333334
0 0.58984375 0.328125 0.19270833333333334 0.171875
0 0.68359375 0.5169270833333334 0.11979166666666667 0.203125
0 0.5247395833333334 0.8372395833333334 0.12760416666666666 0.18229166666666666
0 0.578125 0.5989583333333334 0.16666666666666666 0.16666666666666666
0 0.3645833333333333 0.4283854166666667 0.17708333333333334 0.203125
0 0.25 0.35546875 0.13541666666666666 0.18489583333333334
0 0.4947916666666667 0.2916666666666667 0.15885416666666666 0.18489583333333334
0 0.625 0.7890625 0.13802083333333334 0.2109375
0 0.41796875 0.3645833333333333 0.1484375 0.14583333333333334
0 0.4401041666666667 0.5208333333333334 0.13541666666666666 0.1875