1 0.5533854166666666 0.6640625 0.057291666666666664 0.059895833333333336
1 0.4778645833333333 0.73828125 0.049479166666666664 0.06510416666666667
1 0.5846354166666666 0.49609375 0.0546875 0.052083333333333336
1 0.8216145833333334 0.7005208333333334 0.06510416666666667 0.057291666666666664
1 0.4713541666666667 0.6354166666666666 0.057291666666666664 0.059895833333333336
1 0.6041666666666666 0.6015625 0.046875 0.08072916666666667
1 0.4674479166666667 0.5729166666666666 0.057291666666666664 0.07291666666666667
1 0.5911458333333334 0.38671875 0.0390625 0.06510416666666667
1 0.5833333333333334 0.765625 0.041666666666666664 0.07291666666666667
1 0.4700520833333333 0.5338541666666666 0.057291666666666664 0.07552083333333333
1 0.6158854166666666 0.4049479166666667 0.044270833333333336 0.049479166666666664
1 0.51171875 0.3098958333333333 0.036458333333333336 0.07552083333333333
1 0.4908854166666667 0.2981770833333333 0.0234375 0.044270833333333336
1 0.7981770833333334 0.484375 0.044270833333333336 0.078125