1 0.38671875 0.671875 0.052083333333333336 0.07552083333333333
1 0.37109375 0.2981770833333333 0.0859375 0.08333333333333333
1 0.4309895833333333 0.3541666666666667 0.059895833333333336 0.09375
1 0.3880208333333333 0.5091145833333334 0.0703125 0.049479166666666664
1 0.4270833333333333 0.21223958333333334 0.10677083333333333 0.09635416666666667
1 0.3346354166666667 0.4778645833333333 0.078125 0.078125
1 0.4635416666666667 0.6536458333333334 0.078125 0.0703125
1 0.32421875 0.59375 0.07552083333333333 0.06510416666666667
1 0.4244791666666667 0.13671875 0.09635416666666667 0.11197916666666667
1 0.11588541666666667 0.546875 0.08333333333333333 0.049479166666666664
1 0.4036458333333333 0.546875 0.08072916666666667 0.07291666666666667
1 0.25 0.3359375 0.08072916666666667 0.0625
1 0.4661458333333333 0.61328125 0.09895833333333333 0.07291666666666667
1 0.6744791666666666 0.4479166666666667 0.08072916666666667 0.07552083333333333
1 0.39453125 0.3645833333333333 0.07552083333333333 0.09375