1 0.19921875 0.4908854166666667 0.041666666666666664 0.052083333333333336
1 0.3489583333333333 0.41015625 0.046875 0.049479166666666664
1 0.3671875 0.50390625 0.052083333333333336 0.0703125
1 0.4270833333333333 0.7174479166666666 0.046875 0.08072916666666667
1 0.53515625 0.7122395833333334 0.0546875 0.052083333333333336
1 0.53125 0.75390625 0.0546875 0.0390625
1 0.4453125 0.20833333333333334 0.041666666666666664 0.0546875
1 0.5013020833333334 0.20182291666666666 0.03125 0.0625
1 0.5442708333333334 0.20052083333333334 0.044270833333333336 0.0625
1 0.5872395833333334 0.2955729166666667 0.052083333333333336 0.041666666666666664
1 0.6041666666666666 0.2591145833333333 0.0546875 0.057291666666666664
1 0.6276041666666666 0.20703125 0.033854166666666664 0.0625
1 0.6458333333333334 0.29296875 0.057291666666666664 0.044270833333333336
1 0.6705729166666666 0.20703125 0.052083333333333336 0.07291666666666667
1 0.7356770833333334 0.3802083333333333 0.046875 0.0390625
1 0.81640625 0.421875 0.041666666666666664 0.07291666666666667
1 0.8138020833333334 0.5052083333333334 0.033854166666666664 0.06510416666666667
1 0.8841145833333334 0.64453125 0.0546875 0.049479166666666664
1 0.2994791666666667 0.36328125 0.044270833333333336 0.06510416666666667
1 0.3307291666666667 0.4635416666666667 0.059895833333333336 0.0546875
1 0.50390625 0.48828125 0.049479166666666664 0.0703125
1 0.4869791666666667 0.7200520833333334 0.057291666666666664 0.041666666666666664
1 0.5520833333333334 0.69921875 0.0546875 0.06770833333333333
1 0.6666666666666666 0.75390625 0.046875 0.07552083333333333
1 0.4583333333333333 0.3072916666666667 0.052083333333333336 0.041666666666666664
1 0.3385416666666667 0.1953125 0.0390625 0.03125
1 0.4036458333333333 0.26171875 0.059895833333333336 0.049479166666666664
1 0.453125 0.22526041666666666 0.0390625 0.059895833333333336
1 0.5403645833333334 0.16276041666666666 0.036458333333333336 0.07552083333333333
1 0.69921875 0.26953125 0.049479166666666664 0.06770833333333333
1 0.7161458333333334 0.2916666666666667 0.036458333333333336 0.057291666666666664
1 0.7994791666666666 0.4401041666666667 0.049479166666666664 0.06770833333333333
1 0.8059895833333334 0.6354166666666666 0.049479166666666664 0.049479166666666664
1 0.4765625 0.19791666666666666 0.041666666666666664 0.052083333333333336
1 0.3971354166666667 0.55859375 0.028645833333333332 0.06510416666666667
1 0.4166666666666667 0.4375 0.059895833333333336 0.0546875
1 0.4479166666666667 0.6861979166666666 0.049479166666666664 0.07552083333333333
1 0.5911458333333334 0.5377604166666666 0.057291666666666664 0.07552083333333333
1 0.6588541666666666 0.47265625 0.057291666666666664 0.0625
1 0.5690104166666666 0.4466145833333333 0.046875 0.0625
1 0.34765625 0.23697916666666666 0.049479166666666664 0.044270833333333336
1 0.5598958333333334 0.1796875 0.044270833333333336 0.07291666666666667
1 0.7291666666666666 0.24348958333333334 0.046875 0.059895833333333336
1 0.8346354166666666 0.3151041666666667 0.046875 0.041666666666666664
1 0.859375 0.4166666666666667 0.049479166666666664 0.0546875
1 0.83984375 0.53515625 0.0546875 0.036458333333333336
1 0.3177083333333333 0.34375 0.0390625 0.0703125
1 0.3763020833333333 0.4348958333333333 0.033854166666666664 0.0625
1 0.5221354166666666 0.5859375 0.041666666666666664 0.06770833333333333
1 0.4934895833333333 0.6028645833333334 0.0546875 0.052083333333333336
1 0.4869791666666667 0.640625 0.052083333333333336 0.044270833333333336
1 0.64453125 0.5963541666666666 0.0625 0.059895833333333336
1 0.72265625 0.5546875 0.049479166666666664 0.0625
1 0.6575520833333334 0.5169270833333334 0.059895833333333336 0.057291666666666664
1 0.5794270833333334 0.4114583333333333 0.0546875 0.059895833333333336
1 0.5911458333333334 0.3893229166666667 0.0546875 0.059895833333333336
1 0.5104166666666666 0.29296875 0.041666666666666664 0.0703125
1 0.42578125 0.22786458333333334 0.049479166666666664 0.07291666666666667
1 0.5703125 0.21614583333333334 0.0390625 0.0546875
1 0.8072916666666666 0.3333333333333333 0.046875 0.059895833333333336
1 0.7942708333333334 0.48828125 0.044270833333333336 0.0703125
1 0.7903645833333334 0.58984375 0.046875 0.0625
1 0.7447916666666666 0.23958333333333334 0.044270833333333336 0.0546875
1 0.22916666666666666 0.63671875 0.052083333333333336 0.0625
1 0.20703125 0.38671875 0.0625 0.078125
1 0.24088541666666666 0.3125 0.049479166666666664 0.057291666666666664
1 0.5364583333333334 0.484375 0.052083333333333336 0.057291666666666664
1 0.42578125 0.61328125 0.044270833333333336 0.0546875
1 0.4088541666666667 0.6848958333333334 0.057291666666666664 0.08072916666666667
1 0.4661458333333333 0.6731770833333334 0.057291666666666664 0.06510416666666667
1 0.5 0.73828125 0.059895833333333336 0.044270833333333336
1 0.5520833333333334 0.42578125 0.033854166666666664 0.059895833333333336
1 0.3294270833333333 0.296875 0.052083333333333336 0.036458333333333336
1 0.5494791666666666 0.3151041666666667 0.052083333333333336 0.06510416666666667
1 0.7291666666666666 0.2877604166666667 0.046875 0.052083333333333336
1 0.8268229166666666 0.484375 0.0390625 0.057291666666666664
1 0.859375 0.6145833333333334 0.057291666666666664 0.078125
1 0.2942708333333333 0.6666666666666666 0.0625 0.057291666666666664
1 0.5520833333333334 0.5026041666666666 0.049479166666666664 0.057291666666666664
1 0.4765625 0.7018229166666666 0.0546875 0.046875
1 0.5677083333333334 0.7434895833333334 0.046875 0.03125
1 0.6627604166666666 0.6692708333333334 0.059895833333333336 0.057291666666666664
1 0.6927083333333334 0.4244791666666667 0.049479166666666664 0.049479166666666664
1 0.4973958333333333 0.16015625 0.049479166666666664 0.036458333333333336
1 0.703125 0.3671875 0.044270833333333336 0.0625
1 0.7278645833333334 0.4140625 0.046875 0.0625
1 0.7682291666666666 0.4583333333333333 0.046875 0.078125
1 0.84375 0.7018229166666666 0.0703125 0.052083333333333336
1 0.19270833333333334 0.3138020833333333 0.057291666666666664 0.044270833333333336
1 0.3763020833333333 0.3893229166666667 0.0390625 0.049479166666666664
1 0.3893229166666667 0.4322916666666667 0.03125 0.057291666666666664
1 0.390625 0.4765625 0.057291666666666664 0.046875
1 0.35546875 0.5325520833333334 0.041666666666666664 0.06510416666666667
1 0.4765625 0.4791666666666667 0.046875 0.0703125
1 0.3997395833333333 0.6263020833333334 0.0390625 0.06510416666666667
1 0.4947916666666667 0.6783854166666666 0.036458333333333336 0.0703125
1 0.703125 0.4635416666666667 0.0390625 0.06510416666666667
1 0.3203125 0.2565104166666667 0.0390625 0.059895833333333336
1 0.3671875 0.19921875 0.059895833333333336 0.044270833333333336
1 0.6953125 0.3190104166666667 0.052083333333333336 0.044270833333333336
1 0.85546875 0.55859375 0.059895833333333336 0.0390625
1 0.6015625 0.16796875 0.049479166666666664 0.0546875
1 0.3606770833333333 0.4348958333333333 0.03125 0.0625
1 0.3815104166666667 0.5677083333333334 0.044270833333333336 0.08072916666666667
1 0.4440104166666667 0.4973958333333333 0.06510416666666667 0.08333333333333333
1 0.5052083333333334 0.5638020833333334 0.057291666666666664 0.059895833333333336
1 0.44140625 0.6236979166666666 0.0390625 0.06510416666666667
1 0.6692708333333334 0.7044270833333334 0.057291666666666664 0.0390625
1 0.6276041666666666 0.7200520833333334 0.0546875 0.08854166666666667
1 0.5950520833333334 0.50390625 0.0546875 0.046875
1 0.6302083333333334 0.5260416666666666 0.057291666666666664 0.0625
1 0.6393229166666666 0.4635416666666667 0.052083333333333336 0.0625
1 0.5846354166666666 0.4609375 0.057291666666666664 0.059895833333333336
1 0.5234375 0.3828125 0.052083333333333336 0.046875
1 0.4986979166666667 0.40625 0.036458333333333336 0.0703125
1 0.484375 0.3606770833333333 0.057291666666666664 0.057291666666666664
1 0.4036458333333333 0.19791666666666666 0.057291666666666664 0.0390625
1 0.61328125 0.31640625 0.0546875 0.0390625
1 0.7096354166666666 0.3372395833333333 0.0390625 0.057291666666666664
1 0.7864583333333334 0.3671875 0.049479166666666664 0.057291666666666664
1 0.75 0.4114583333333333 0.052083333333333336 0.049479166666666664
1 0.8854166666666666 0.5963541666666666 0.052083333333333336 0.06510416666666667