1 0.3606770833333333 0.4049479166666667 0.0234375 0.044270833333333336
1 0.2578125 0.4544270833333333 0.046875 0.018229166666666668
1 0.296875 0.4908854166666667 0.03125 0.0234375
1 0.58203125 0.5299479166666666 0.033854166666666664 0.0234375
1 0.5989583333333334 0.5104166666666666 0.03125 0.010416666666666666
1 0.609375 0.46875 0.033854166666666664 0.020833333333333332
1 0.7109375 0.4622395833333333 0.013020833333333334 0.036458333333333336
1 0.50390625 0.3515625 0.036458333333333336 0.026041666666666668
1 0.54296875 0.3723958333333333 0.044270833333333336 0.018229166666666668
1 0.5455729166666666 0.3307291666666667 0.028645833333333332 0.020833333333333332
1 0.6731770833333334 0.3515625 0.0390625 0.018229166666666668
1 0.7174479166666666 0.2578125 0.028645833333333332 0.044270833333333336
1 0.62890625 0.5169270833333334 0.010416666666666666 0.028645833333333332
1 0.3177083333333333 0.3984375 0.036458333333333336 0.036458333333333336
1 0.34375 0.44921875 0.036458333333333336 0.036458333333333336
1 0.4674479166666667 0.53125 0.018229166666666668 0.046875
1 0.33984375 0.58984375 0.018229166666666668 0.036458333333333336
1 0.4127604166666667 0.4661458333333333 0.03125 0.052083333333333336
1 0.4544270833333333 0.4401041666666667 0.028645833333333332 0.033854166666666664
1 0.4622395833333333 0.3828125 0.03125 0.03125
1 0.54296875 0.28125 0.026041666666666668 0.041666666666666664
1 0.5065104166666666 0.3020833333333333 0.036458333333333336 0.015625
1 0.4388020833333333 0.4309895833333333 0.028645833333333332 0.020833333333333332
1 0.6666666666666666 0.2864583333333333 0.026041666666666668 0.028645833333333332
1 0.5703125 0.22135416666666666 0.041666666666666664 0.033854166666666664
1 0.5833333333333334 0.2109375 0.044270833333333336 0.0234375
1 0.4049479166666667 0.4153645833333333 0.013020833333333334 0.044270833333333336
1 0.390625 0.59375 0.041666666666666664 0.018229166666666668
1 0.5963541666666666 0.71484375 0.036458333333333336 0.036458333333333336
1 0.5208333333333334 0.44921875 0.020833333333333332 0.041666666666666664
1 0.4934895833333333 0.4388020833333333 0.0390625 0.015625
1 0.5846354166666666 0.4140625 0.020833333333333332 0.033854166666666664
1 0.5924479166666666 0.48828125 0.015625 0.033854166666666664
1 0.74609375 0.3932291666666667 0.018229166666666668 0.0390625
1 0.7356770833333334 0.3619791666666667 0.010416666666666666 0.036458333333333336
1 0.7356770833333334 0.3880208333333333 0.036458333333333336 0.013020833333333334
1 0.3671875 0.3502604166666667 0.015625 0.033854166666666664
1 0.6875 0.3880208333333333 0.028645833333333332 0.026041666666666668
1 0.5065104166666666 0.3815104166666667 0.033854166666666664 0.013020833333333334
1 0.68359375 0.453125 0.046875 0.0234375
1 0.3190104166666667 0.4283854166666667 0.041666666666666664 0.018229166666666668
1 0.2786458333333333 0.4635416666666667 0.026041666666666668 0.020833333333333332
1 0.3359375 0.5455729166666666 0.018229166666666668 0.03125
1 0.4934895833333333 0.5390625 0.033854166666666664 0.015625
1 0.5052083333333334 0.5182291666666666 0.018229166666666668 0.036458333333333336
1 0.5455729166666666 0.40625 0.026041666666666668 0.033854166666666664
1 0.57421875 0.3619791666666667 0.028645833333333332 0.033854166666666664
1 0.54296875 0.3893229166666667 0.03125 0.026041666666666668
1 0.5598958333333334 0.3385416666666667 0.03125 0.03125
1 0.4752604166666667 0.2955729166666667 0.028645833333333332 0.0390625
1 0.6171875 0.2578125 0.044270833333333336 0.036458333333333336
1 0.7395833333333334 0.3020833333333333 0.0390625 0.044270833333333336
1 0.3802083333333333 0.3658854166666667 0.0234375 0.033854166666666664
1 0.052083333333333336 0.5130208333333334 0.049479166666666664 0.033854166666666664
1 0.2721354166666667 0.4479166666666667 0.0546875 0.03125
1 0.21875 0.6158854166666666 0.044270833333333336 0.0234375
1 0.5872395833333334 0.5533854166666666 0.036458333333333336 0.028645833333333332
1 0.6145833333333334 0.5260416666666666 0.020833333333333332 0.033854166666666664
1 0.6263020833333334 0.4674479166666667 0.020833333333333332 0.028645833333333332
1 0.7161458333333334 0.3763020833333333 0.033854166666666664 0.028645833333333332
1 0.4557291666666667 0.40625 0.041666666666666664 0.020833333333333332
1 0.5130208333333334 0.2877604166666667 0.041666666666666664 0.015625
1 0.6575520833333334 0.2682291666666667 0.033854166666666664 0.0390625
1 0.7083333333333334 0.16276041666666666 0.044270833333333336 0.041666666666666664
1 0.6354166666666666 0.5572916666666666 0.028645833333333332 0.0234375
1 0.5130208333333334 0.4088541666666667 0.015625 0.028645833333333332
1 0.7356770833333334 0.24739583333333334 0.026041666666666668 0.03125
1 0.26953125 0.4778645833333333 0.010416666666666666 0.03125
1 0.2825520833333333 0.4973958333333333 0.0234375 0.0390625
1 0.38671875 0.6184895833333334 0.044270833333333336 0.0234375
1 0.4388020833333333 0.6002604166666666 0.03125 0.033854166666666664
1 0.5247395833333334 0.578125 0.0390625 0.03125
1 0.5807291666666666 0.5442708333333334 0.028645833333333332 0.026041666666666668
1 0.5598958333333334 0.53125 0.015625 0.03125
1 0.4635416666666667 0.4557291666666667 0.026041666666666668 0.036458333333333336
1 0.5716145833333334 0.47265625 0.044270833333333336 0.026041666666666668
1 0.56640625 0.4986979166666667 0.020833333333333332 0.033854166666666664
1 0.640625 0.4622395833333333 0.015625 0.036458333333333336
1 0.50390625 0.3997395833333333 0.0234375 0.0234375
1 0.5143229166666666 0.26953125 0.044270833333333336 0.018229166666666668
1 0.5625 0.2864583333333333 0.03125 0.0390625
1 0.3372395833333333 0.3736979166666667 0.028645833333333332 0.052083333333333336
1 0.3580729166666667 0.4361979166666667 0.028645833333333332 0.028645833333333332
1 0.20963541666666666 0.4635416666666667 0.049479166666666664 0.0390625
1 0.31640625 0.4752604166666667 0.028645833333333332 0.041666666666666664
1 0.3020833333333333 0.4609375 0.026041666666666668 0.041666666666666664
1 0.328125 0.484375 0.044270833333333336 0.036458333333333336
1 0.359375 0.5611979166666666 0.036458333333333336 0.026041666666666668
1 0.35546875 0.5364583333333334 0.028645833333333332 0.046875
1 0.4127604166666667 0.5104166666666666 0.020833333333333332 0.0390625
1 0.4453125 0.48828125 0.033854166666666664 0.036458333333333336
1 0.4296875 0.5169270833333334 0.033854166666666664 0.03125
1 0.453125 0.5234375 0.0234375 0.033854166666666664
1 0.6080729166666666 0.5559895833333334 0.015625 0.026041666666666668
1 0.6106770833333334 0.4921875 0.028645833333333332 0.0234375
1 0.38671875 0.46875 0.026041666666666668 0.03125
1 0.3997395833333333 0.45703125 0.0234375 0.033854166666666664
1 0.5611979166666666 0.4296875 0.036458333333333336 0.020833333333333332
1 0.7994791666666666 0.3919270833333333 0.036458333333333336 0.03125
1 0.67578125 0.40625 0.036458333333333336 0.015625
1 0.5169270833333334 0.2552083333333333 0.0390625 0.020833333333333332
1 0.421875 0.4375 0.015625 0.044270833333333336
1 0.3450520833333333 0.5208333333333334 0.018229166666666668 0.0390625
1 0.3997395833333333 0.5533854166666666 0.03125 0.044270833333333336
1 0.4388020833333333 0.5703125 0.020833333333333332 0.0390625
1 0.3411458333333333 0.64453125 0.046875 0.036458333333333336
1 0.4947916666666667 0.5625 0.026041666666666668 0.03125
1 0.5208333333333334 0.4778645833333333 0.033854166666666664 0.018229166666666668
1 0.7096354166666666 0.3997395833333333 0.036458333333333336 0.0234375
1 0.65234375 0.3893229166666667 0.0390625 0.028645833333333332