1 0.5013020833333334 0.5052083333333334 0.0234375 0.044270833333333336
1 0.4739583333333333 0.3919270833333333 0.028645833333333332 0.044270833333333336
1 0.57421875 0.3932291666666667 0.033854166666666664 0.041666666666666664
1 0.5130208333333334 0.4348958333333333 0.041666666666666664 0.026041666666666668
1 0.5013020833333334 0.39453125 0.033854166666666664 0.03125
1 0.5703125 0.2734375 0.033854166666666664 0.041666666666666664
1 0.5611979166666666 0.3697916666666667 0.028645833333333332 0.041666666666666664
1 0.5091145833333334 0.4231770833333333 0.033854166666666664 0.018229166666666668
1 0.4908854166666667 0.4296875 0.041666666666666664 0.033854166666666664
1 0.4544270833333333 0.39453125 0.026041666666666668 0.028645833333333332
1 0.5026041666666666 0.4635416666666667 0.036458333333333336 0.041666666666666664
1 0.5833333333333334 0.6666666666666666 0.036458333333333336 0.0234375
1 0.38671875 0.3723958333333333 0.041666666666666664 0.026041666666666668
1 0.50390625 0.6223958333333334 0.0390625 0.020833333333333332
1 0.4830729166666667 0.4674479166666667 0.041666666666666664 0.03125
1 0.5338541666666666 0.3424479166666667 0.026041666666666668 0.044270833333333336