1 0.375 0.22916666666666666 0.026041666666666668 0.036458333333333336
1 0.7369791666666666 0.31640625 0.028645833333333332 0.0234375
1 0.6458333333333334 0.46484375 0.026041666666666668 0.026041666666666668
1 0.4427083333333333 0.19270833333333334 0.03125 0.028645833333333332
1 0.3658854166666667 0.6119791666666666 0.0234375 0.041666666666666664
1 0.3763020833333333 0.7265625 0.026041666666666668 0.041666666666666664
1 0.3841145833333333 0.23828125 0.028645833333333332 0.0390625
1 0.8203125 0.3203125 0.03125 0.028645833333333332
1 0.5885416666666666 0.6263020833333334 0.028645833333333332 0.041666666666666664
1 0.62890625 0.40234375 0.018229166666666668 0.033854166666666664
1 0.5716145833333334 0.2838541666666667 0.0234375 0.03125
1 0.4986979166666667 0.765625 0.0234375 0.036458333333333336
1 0.6640625 0.578125 0.0234375 0.0390625
1 0.7565104166666666 0.34765625 0.0390625 0.036458333333333336
1 0.3567708333333333 0.4635416666666667 0.020833333333333332 0.036458333333333336
1 0.3606770833333333 0.3958333333333333 0.03125 0.033854166666666664
1 0.40234375 0.359375 0.028645833333333332 0.028645833333333332
1 0.7265625 0.3815104166666667 0.0390625 0.028645833333333332
1 0.6236979166666666 0.7005208333333334 0.03125 0.0390625
1 0.9479166666666666 0.6497395833333334 0.026041666666666668 0.041666666666666664
1 0.359375 0.3541666666666667 0.028645833333333332 0.0390625
1 0.3984375 0.3111979166666667 0.036458333333333336 0.041666666666666664
1 0.3919270833333333 0.53515625 0.028645833333333332 0.0234375
1 0.69140625 0.55859375 0.036458333333333336 0.0546875
1 0.7903645833333334 0.33203125 0.0390625 0.028645833333333332
1 0.7734375 0.3528645833333333 0.0234375 0.044270833333333336
1 0.6458333333333334 0.48046875 0.033854166666666664 0.033854166666666664
1 0.5807291666666666 0.46484375 0.03125 0.033854166666666664
1 0.3828125 0.60546875 0.0234375 0.041666666666666664
1 0.5052083333333334 0.7356770833333334 0.0234375 0.033854166666666664
1 0.5481770833333334 0.7174479166666666 0.0234375 0.041666666666666664
1 0.2942708333333333 0.39453125 0.03125 0.036458333333333336
1 0.4622395833333333 0.21223958333333334 0.03125 0.046875
1 0.36328125 0.953125 0.026041666666666668 0.046875
1 0.6692708333333334 0.47265625 0.033854166666666664 0.0390625
1 0.6510416666666666 0.6158854166666666 0.036458333333333336 0.046875
1 0.38671875 0.70703125 0.026041666666666668 0.028645833333333332
1 0.7708333333333334 0.3958333333333333 0.0390625 0.041666666666666664