1 0.20963541666666666 0.5494791666666666 0.036458333333333336 0.057291666666666664
1 0.7083333333333334 0.6328125 0.0390625 0.059895833333333336
1 0.23307291666666666 0.421875 0.044270833333333336 0.0546875
1 0.6197916666666666 0.2682291666666667 0.03125 0.0546875
1 0.7578125 0.6927083333333334 0.0390625 0.046875
1 0.5911458333333334 0.8268229166666666 0.049479166666666664 0.0390625
1 0.515625 0.72265625 0.052083333333333336 0.059895833333333336
1 0.4765625 0.75390625 0.033854166666666664 0.06770833333333333
1 0.5729166666666666 0.5690104166666666 0.041666666666666664 0.036458333333333336
1 0.6145833333333334 0.5559895833333334 0.026041666666666668 0.052083333333333336
1 0.66015625 0.3671875 0.033854166666666664 0.059895833333333336
1 0.65234375 0.3411458333333333 0.036458333333333336 0.052083333333333336
1 0.5611979166666666 0.7682291666666666 0.033854166666666664 0.052083333333333336
1 0.5872395833333334 0.296875 0.0390625 0.0390625
1 0.66015625 0.6875 0.036458333333333336 0.057291666666666664
1 0.5299479166666666 0.5651041666666666 0.03125 0.057291666666666664
1 0.7239583333333334 0.3515625 0.033854166666666664 0.057291666666666664
1 0.6692708333333334 0.3072916666666667 0.036458333333333336 0.036458333333333336
1 0.6432291666666666 0.46875 0.036458333333333336 0.044270833333333336
1 0.5872395833333334 0.7669270833333334 0.036458333333333336 0.036458333333333336
1 0.65625 0.4518229166666667 0.0390625 0.036458333333333336
1 0.64453125 0.296875 0.033854166666666664 0.0390625