1 0.5052083333333334 0.8177083333333334 0.0546875 0.041666666666666664
1 0.5390625 0.3059895833333333 0.08072916666666667 0.028645833333333332
1 0.5091145833333334 0.3671875 0.06510416666666667 0.0234375
1 0.7200520833333334 0.61328125 0.0703125 0.03125
1 0.34765625 0.4791666666666667 0.07552083333333333 0.0234375
1 0.6328125 0.5416666666666666 0.06510416666666667 0.028645833333333332
1 0.57421875 0.4674479166666667 0.044270833333333336 0.026041666666666668
1 0.03125 0.3020833333333333 0.0546875 0.0234375
1 0.7473958333333334 0.4401041666666667 0.049479166666666664 0.033854166666666664
1 0.4778645833333333 0.67578125 0.0546875 0.03125
1 0.4778645833333333 0.53125 0.033854166666666664 0.03125
1 0.546875 0.46484375 0.041666666666666664 0.028645833333333332
1 0.62890625 0.7252604166666666 0.044270833333333336 0.0390625
1 0.4583333333333333 0.48828125 0.026041666666666668 0.028645833333333332
1 0.59765625 0.4505208333333333 0.046875 0.020833333333333332
1 0.6979166666666666 0.4296875 0.0625 0.020833333333333332
1 0.15885416666666666 0.4583333333333333 0.0546875 0.033854166666666664