1 0.4544270833333333 0.4049479166666667 0.046875 0.044270833333333336
1 0.5716145833333334 0.453125 0.06510416666666667 0.08854166666666667
1 0.4166666666666667 0.9075520833333334 0.0546875 0.06510416666666667
1 0.8606770833333334 0.5078125 0.046875 0.041666666666666664
1 0.4036458333333333 0.3463541666666667 0.07552083333333333 0.0703125
1 0.328125 0.4739583333333333 0.078125 0.09375
1 0.5208333333333334 0.2864583333333333 0.08072916666666667 0.09635416666666667
1 0.6458333333333334 0.2890625 0.049479166666666664 0.046875
1 0.6614583333333334 0.3072916666666667 0.0390625 0.06510416666666667
1 0.39453125 0.6549479166666666 0.0625 0.07291666666666667
1 0.5494791666666666 0.5989583333333334 0.0859375 0.06510416666666667