1 0.4153645833333333 0.6315104166666666 0.08072916666666667 0.046875
1 0.6640625 0.4674479166666667 0.078125 0.052083333333333336
1 0.23567708333333334 0.5625 0.09114583333333333 0.036458333333333336
1 0.7708333333333334 0.053385416666666664 0.052083333333333336 0.049479166666666664
1 0.79296875 0.484375 0.018229166666666668 0.026041666666666668
1 0.3645833333333333 0.82421875 0.0859375 0.0625
1 0.6315104166666666 0.7421875 0.1015625 0.0546875
1 0.4765625 0.6822916666666666 0.0703125 0.036458333333333336
1 0.19791666666666666 0.5794270833333334 0.109375 0.03125
1 0.3854166666666667 0.32421875 0.0859375 0.0390625
1 0.4856770833333333 0.5846354166666666 0.1015625 0.06510416666666667
1 0.5299479166666666 0.4947916666666667 0.08333333333333333 0.0859375
1 0.7369791666666666 0.7955729166666666 0.09635416666666667 0.0546875
1 0.6119791666666666 0.5885416666666666 0.07552083333333333 0.052083333333333336
1 0.39453125 0.4192708333333333 0.08854166666666667 0.057291666666666664
1 0.6106770833333334 0.6432291666666666 0.07291666666666667 0.057291666666666664
1 0.8020833333333334 0.8125 0.0390625 0.059895833333333336
1 0.5625 0.3033854166666667 0.059895833333333336 0.0546875
1 0.5130208333333334 0.6653645833333334 0.0703125 0.026041666666666668
1 0.5690104166666666 0.7421875 0.052083333333333336 0.059895833333333336
1 0.6575520833333334 0.6380208333333334 0.06510416666666667 0.046875
1 0.8190104166666666 0.4830729166666667 0.0546875 0.041666666666666664
1 0.9205729166666666 0.4544270833333333 0.06510416666666667 0.0625
1 0.4036458333333333 0.9270833333333334 0.09114583333333333 0.041666666666666664
1 0.640625 0.5065104166666666 0.0859375 0.044270833333333336
1 0.3841145833333333 0.73828125 0.0859375 0.049479166666666664
1 0.7578125 0.8450520833333334 0.09635416666666667 0.041666666666666664
1 0.4114583333333333 0.70703125 0.0859375 0.046875
1 0.14192708333333334 0.4427083333333333 0.0390625 0.0625
1 0.6002604166666666 0.7825520833333334 0.0859375 0.052083333333333336
1 0.5885416666666666 0.8177083333333334 0.06510416666666667 0.041666666666666664
1 0.4817708333333333 0.6067708333333334 0.08072916666666667 0.059895833333333336
1 0.5768229166666666 0.7760416666666666 0.07552083333333333 0.046875
1 0.3541666666666667 0.8776041666666666 0.0703125 0.028645833333333332
1 0.5872395833333334 0.6940104166666666 0.0625 0.052083333333333336
1 0.3932291666666667 0.6471354166666666 0.078125 0.0546875