1 0.3125 0.59765625 0.03125 0.052083333333333336
1 0.32421875 0.2786458333333333 0.026041666666666668 0.0546875
1 0.5872395833333334 0.3203125 0.041666666666666664 0.020833333333333332
1 0.6432291666666666 0.375 0.044270833333333336 0.026041666666666668
1 0.6861979166666666 0.4739583333333333 0.036458333333333336 0.026041666666666668
1 0.67578125 0.4921875 0.036458333333333336 0.033854166666666664
1 0.58984375 0.5807291666666666 0.028645833333333332 0.041666666666666664
1 0.5651041666666666 0.6106770833333334 0.0234375 0.0546875
1 0.22786458333333334 0.4466145833333333 0.036458333333333336 0.041666666666666664
1 0.2916666666666667 0.3932291666666667 0.0390625 0.026041666666666668
1 0.5221354166666666 0.3984375 0.0390625 0.041666666666666664
1 0.7213541666666666 0.5950520833333334 0.028645833333333332 0.044270833333333336
1 0.6067708333333334 0.52734375 0.026041666666666668 0.052083333333333336
1 0.53125 0.5520833333333334 0.0390625 0.028645833333333332
1 0.49609375 0.6002604166666666 0.041666666666666664 0.028645833333333332
1 0.4947916666666667 0.6184895833333334 0.0390625 0.028645833333333332
1 0.55078125 0.6041666666666666 0.028645833333333332 0.046875
1 0.2760416666666667 0.3372395833333333 0.036458333333333336 0.0234375
1 0.390625 0.4127604166666667 0.020833333333333332 0.052083333333333336
1 0.5794270833333334 0.26171875 0.0390625 0.033854166666666664
1 0.69921875 0.37890625 0.026041666666666668 0.0546875
1 0.6119791666666666 0.5572916666666666 0.018229166666666668 0.059895833333333336
1 0.5234375 0.5924479166666666 0.0390625 0.036458333333333336
1 0.3984375 0.5286458333333334 0.0390625 0.0234375
1 0.28515625 0.4375 0.041666666666666664 0.041666666666666664
1 0.29296875 0.30859375 0.0390625 0.041666666666666664
1 0.3619791666666667 0.375 0.0234375 0.046875
1 0.3606770833333333 0.234375 0.0390625 0.049479166666666664
1 0.3854166666666667 0.30078125 0.03125 0.033854166666666664
1 0.4401041666666667 0.3255208333333333 0.0390625 0.0390625
1 0.6197916666666666 0.3020833333333333 0.036458333333333336 0.0390625
1 0.3111979166666667 0.5598958333333334 0.044270833333333336 0.0390625
1 0.46875 0.5768229166666666 0.033854166666666664 0.03125
1 0.5130208333333334 0.5182291666666666 0.033854166666666664 0.033854166666666664
1 0.5182291666666666 0.4908854166666667 0.033854166666666664 0.044270833333333336
1 0.3151041666666667 0.328125 0.026041666666666668 0.0703125
1 0.5130208333333334 0.3411458333333333 0.026041666666666668 0.0546875
1 0.5338541666666666 0.3111979166666667 0.020833333333333332 0.052083333333333336
1 0.6041666666666666 0.3138020833333333 0.0390625 0.020833333333333332
1 0.671875 0.3268229166666667 0.0234375 0.049479166666666664
1 0.6510416666666666 0.33203125 0.026041666666666668 0.052083333333333336
1 0.66015625 0.3580729166666667 0.028645833333333332 0.020833333333333332
1 0.69140625 0.40625 0.036458333333333336 0.046875
1 0.7122395833333334 0.4049479166666667 0.028645833333333332 0.046875
1 0.6822916666666666 0.4296875 0.036458333333333336 0.028645833333333332
1 0.66015625 0.5169270833333334 0.036458333333333336 0.0390625
1 0.4609375 0.5221354166666666 0.046875 0.03125
1 0.3619791666666667 0.5651041666666666 0.0234375 0.052083333333333336
1 0.2981770833333333 0.3385416666666667 0.026041666666666668 0.0390625
1 0.3255208333333333 0.4075520833333333 0.028645833333333332 0.044270833333333336
1 0.39453125 0.3684895833333333 0.0234375 0.036458333333333336
1 0.4856770833333333 0.3346354166666667 0.041666666666666664 0.046875
1 0.5611979166666666 0.24348958333333334 0.044270833333333336 0.03125
1 0.5559895833333334 0.3072916666666667 0.03125 0.052083333333333336
1 0.6236979166666666 0.3385416666666667 0.0234375 0.033854166666666664
1 0.7096354166666666 0.4596354166666667 0.0390625 0.020833333333333332
1 0.6471354166666666 0.54296875 0.03125 0.041666666666666664
1 0.171875 0.5833333333333334 0.03125 0.041666666666666664
1 0.6236979166666666 0.5651041666666666 0.020833333333333332 0.044270833333333336
1 0.40234375 0.5559895833333334 0.0234375 0.044270833333333336
1 0.22005208333333334 0.3372395833333333 0.03125 0.036458333333333336
1 0.3125 0.4622395833333333 0.03125 0.044270833333333336
1 0.1953125 0.4778645833333333 0.03125 0.057291666666666664
1 0.3229166666666667 0.30859375 0.020833333333333332 0.0390625
1 0.3528645833333333 0.3385416666666667 0.036458333333333336 0.044270833333333336
1 0.46875 0.2916666666666667 0.028645833333333332 0.049479166666666664
1 0.4817708333333333 0.3528645833333333 0.036458333333333336 0.03125
1 0.578125 0.3333333333333333 0.036458333333333336 0.0234375
1 0.71484375 0.3619791666666667 0.03125 0.041666666666666664
1 0.7239583333333334 0.5208333333333334 0.0546875 0.033854166666666664
1 0.46484375 0.6041666666666666 0.028645833333333332 0.036458333333333336
1 0.4322916666666667 0.5221354166666666 0.041666666666666664 0.020833333333333332
1 0.4440104166666667 0.5703125 0.018229166666666668 0.044270833333333336
1 0.3333333333333333 0.4661458333333333 0.03125 0.028645833333333332
1 0.17057291666666666 0.4127604166666667 0.03125 0.052083333333333336
1 0.265625 0.46875 0.020833333333333332 0.041666666666666664
1 0.25 0.3671875 0.046875 0.020833333333333332
1 0.2786458333333333 0.3841145833333333 0.033854166666666664 0.046875
1 0.3932291666666667 0.3359375 0.03125 0.041666666666666664
1 0.4375 0.3606770833333333 0.026041666666666668 0.018229166666666668
1 0.4661458333333333 0.3255208333333333 0.028645833333333332 0.052083333333333336
1 0.5807291666666666 0.2864583333333333 0.0390625 0.0234375
1 0.5859375 0.2981770833333333 0.0390625 0.033854166666666664
1 0.7057291666666666 0.4348958333333333 0.0390625 0.041666666666666664
1 0.6705729166666666 0.5989583333333334 0.052083333333333336 0.028645833333333332
1 0.8567708333333334 0.4309895833333333 0.0390625 0.0546875