1 0.8307291666666666 0.4440104166666667 0.0390625 0.033854166666666664
1 0.3997395833333333 0.48046875 0.0234375 0.03125
1 0.4440104166666667 0.51953125 0.028645833333333332 0.026041666666666668
1 0.55078125 0.6614583333333334 0.044270833333333336 0.041666666666666664
1 0.5559895833333334 0.5989583333333334 0.033854166666666664 0.046875
1 0.7174479166666666 0.4518229166666667 0.041666666666666664 0.033854166666666664
1 0.7369791666666666 0.40625 0.0390625 0.046875
1 0.24479166666666666 0.46484375 0.0390625 0.020833333333333332
1 0.60546875 0.7877604166666666 0.033854166666666664 0.049479166666666664
1 0.4895833333333333 0.5768229166666666 0.036458333333333336 0.046875
1 0.58203125 0.5182291666666666 0.036458333333333336 0.028645833333333332
1 0.46875 0.53125 0.026041666666666668 0.026041666666666668
1 0.7044270833333334 0.4921875 0.036458333333333336 0.036458333333333336
1 0.6536458333333334 0.4869791666666667 0.041666666666666664 0.03125
1 0.546875 0.47265625 0.036458333333333336 0.028645833333333332
1 0.5859375 0.5442708333333334 0.033854166666666664 0.049479166666666664
1 0.42578125 0.52734375 0.0234375 0.018229166666666668
1 0.53125 0.5026041666666666 0.020833333333333332 0.03125
1 0.54296875 0.53125 0.028645833333333332 0.041666666666666664
1 0.2591145833333333 0.4518229166666667 0.0390625 0.03125
1 0.4309895833333333 0.5 0.0234375 0.018229166666666668
1 0.55859375 0.5026041666666666 0.026041666666666668 0.03125
1 0.75 0.42578125 0.028645833333333332 0.0546875
1 0.5533854166666666 0.63671875 0.036458333333333336 0.033854166666666664
1 0.5338541666666666 0.69140625 0.036458333333333336 0.028645833333333332
1 0.3815104166666667 0.5169270833333334 0.028645833333333332 0.033854166666666664
1 0.3033854166666667 0.4817708333333333 0.041666666666666664 0.028645833333333332
1 0.76953125 0.4192708333333333 0.03125 0.044270833333333336
1 0.62109375 0.6953125 0.033854166666666664 0.046875
1 0.7135416666666666 0.5859375 0.049479166666666664 0.044270833333333336
1 0.22916666666666666 0.4466145833333333 0.033854166666666664 0.028645833333333332
1 0.6380208333333334 0.6458333333333334 0.036458333333333336 0.026041666666666668
1 0.5950520833333334 0.4192708333333333 0.0390625 0.036458333333333336
1 0.7721354166666666 0.4518229166666667 0.0390625 0.0390625
1 0.6692708333333334 0.53125 0.033854166666666664 0.044270833333333336
1 0.7265625 0.3736979166666667 0.052083333333333336 0.03125
1 0.4361979166666667 0.4127604166666667 0.026041666666666668 0.0390625
1 0.54296875 0.4973958333333333 0.0234375 0.033854166666666664
1 0.7265625 0.4817708333333333 0.041666666666666664 0.033854166666666664
1 0.5169270833333334 0.5598958333333334 0.026041666666666668 0.036458333333333336
1 0.6731770833333334 0.5065104166666666 0.03125 0.052083333333333336
1 0.5026041666666666 0.4908854166666667 0.026041666666666668 0.044270833333333336
1 0.6276041666666666 0.67578125 0.046875 0.049479166666666664
1 0.4518229166666667 0.5377604166666666 0.018229166666666668 0.018229166666666668
1 0.53515625 0.6028645833333334 0.036458333333333336 0.026041666666666668
1 0.19661458333333334 0.4388020833333333 0.044270833333333336 0.0390625
1 0.3971354166666667 0.4375 0.036458333333333336 0.041666666666666664
1 0.3997395833333333 0.46875 0.026041666666666668 0.033854166666666664
1 0.2799479166666667 0.47265625 0.033854166666666664 0.026041666666666668
1 0.5104166666666666 0.5247395833333334 0.036458333333333336 0.026041666666666668
1 0.4049479166666667 0.5247395833333334 0.03125 0.03125
1 0.6979166666666666 0.515625 0.028645833333333332 0.03125
1 0.5533854166666666 0.453125 0.033854166666666664 0.033854166666666664
1 0.4388020833333333 0.5130208333333334 0.036458333333333336 0.0234375
1 0.6979166666666666 0.4283854166666667 0.0390625 0.046875
1 0.6354166666666666 0.51171875 0.0390625 0.03125
1 0.3932291666666667 0.5052083333333334 0.020833333333333332 0.0390625
1 0.4361979166666667 0.48046875 0.036458333333333336 0.03125
1 0.4127604166666667 0.48828125 0.015625 0.026041666666666668
1 0.37890625 0.4583333333333333 0.03125 0.044270833333333336
1 0.8515625 0.484375 0.033854166666666664 0.052083333333333336
1 0.5013020833333334 0.70703125 0.036458333333333336 0.041666666666666664
1 0.8463541666666666 0.37890625 0.052083333333333336 0.036458333333333336
1 0.7395833333333334 0.57421875 0.028645833333333332 0.049479166666666664
1 0.5716145833333334 0.4869791666666667 0.0390625 0.026041666666666668
1 0.5338541666666666 0.66796875 0.03125 0.046875
1 0.5169270833333334 0.5091145833333334 0.036458333333333336 0.026041666666666668
1 0.3828125 0.4921875 0.026041666666666668 0.0234375
1 0.7252604166666666 0.39453125 0.046875 0.0390625
1 0.4674479166666667 0.5716145833333334 0.036458333333333336 0.036458333333333336
1 0.80859375 0.421875 0.041666666666666664 0.03125