1 0.2682291666666667 0.3776041666666667 0.044270833333333336 0.059895833333333336
1 0.3658854166666667 0.5716145833333334 0.044270833333333336 0.044270833333333336
1 0.5247395833333334 0.5182291666666666 0.041666666666666664 0.052083333333333336
1 0.546875 0.4856770833333333 0.041666666666666664 0.06770833333333333
1 0.6236979166666666 0.3854166666666667 0.046875 0.0625
1 0.34765625 0.1171875 0.0625 0.06770833333333333
1 0.5989583333333334 0.4127604166666667 0.052083333333333336 0.0703125
1 0.3619791666666667 0.5130208333333334 0.0546875 0.049479166666666664
1 0.4283854166666667 0.15885416666666666 0.06510416666666667 0.059895833333333336
1 0.3411458333333333 0.3294270833333333 0.06510416666666667 0.08333333333333333
1 0.3411458333333333 0.6640625 0.0703125 0.07291666666666667
1 0.4440104166666667 0.2760416666666667 0.0390625 0.0703125
1 0.4674479166666667 0.5299479166666666 0.041666666666666664 0.06510416666666667
1 0.4791666666666667 0.6041666666666666 0.0390625 0.07552083333333333