1 0.4986979166666667 0.66796875 0.026041666666666668 0.0546875
1 0.62109375 0.5442708333333334 0.028645833333333332 0.057291666666666664
1 0.5247395833333334 0.5026041666666666 0.046875 0.0390625
1 0.7122395833333334 0.7200520833333334 0.033854166666666664 0.033854166666666664
1 0.4765625 0.6848958333333334 0.033854166666666664 0.0234375
1 0.5104166666666666 0.5690104166666666 0.026041666666666668 0.028645833333333332
1 0.6770833333333334 0.7604166666666666 0.036458333333333336 0.057291666666666664
1 0.4505208333333333 0.4270833333333333 0.03125 0.028645833333333332
1 0.5716145833333334 0.4114583333333333 0.036458333333333336 0.03125
1 0.4401041666666667 0.3815104166666667 0.026041666666666668 0.044270833333333336
1 0.46484375 0.3919270833333333 0.03125 0.041666666666666664
1 0.4466145833333333 0.5013020833333334 0.03125 0.049479166666666664
1 0.5611979166666666 0.5065104166666666 0.03125 0.049479166666666664
1 0.5598958333333334 0.5690104166666666 0.028645833333333332 0.036458333333333336
1 0.6197916666666666 0.7252604166666666 0.026041666666666668 0.041666666666666664
1 0.57421875 0.4440104166666667 0.028645833333333332 0.057291666666666664
1 0.5989583333333334 0.38671875 0.0234375 0.049479166666666664
1 0.5078125 0.5364583333333334 0.0390625 0.03125
1 0.57421875 0.6419270833333334 0.020833333333333332 0.03125
1 0.515625 0.71875 0.036458333333333336 0.059895833333333336
1 0.390625 0.6848958333333334 0.026041666666666668 0.044270833333333336
1 0.5625 0.6888020833333334 0.026041666666666668 0.052083333333333336
1 0.5377604166666666 0.6640625 0.0390625 0.0234375
1 0.5598958333333334 0.5390625 0.03125 0.026041666666666668
1 0.5143229166666666 0.4205729166666667 0.028645833333333332 0.0234375
1 0.5052083333333334 0.4479166666666667 0.0390625 0.033854166666666664
1 0.4674479166666667 0.44921875 0.033854166666666664 0.026041666666666668
1 0.5299479166666666 0.390625 0.028645833333333332 0.044270833333333336
1 0.6028645833333334 0.4479166666666667 0.026041666666666668 0.044270833333333336
1 0.5286458333333334 0.453125 0.0390625 0.028645833333333332
1 0.6067708333333334 0.5703125 0.028645833333333332 0.03125
1 0.6080729166666666 0.6653645833333334 0.026041666666666668 0.026041666666666668
1 0.5690104166666666 0.3828125 0.03125 0.046875
1 0.3528645833333333 0.4817708333333333 0.049479166666666664 0.03125
1 0.5169270833333334 0.6080729166666666 0.03125 0.028645833333333332
1 0.4869791666666667 0.46484375 0.026041666666666668 0.036458333333333336
1 0.56640625 0.6106770833333334 0.028645833333333332 0.028645833333333332
1 0.6223958333333334 0.67578125 0.033854166666666664 0.03125
1 0.53125 0.5455729166666666 0.033854166666666664 0.033854166666666664
1 0.484375 0.3802083333333333 0.026041666666666668 0.0390625
1 0.4127604166666667 0.2981770833333333 0.028645833333333332 0.057291666666666664
1 0.546875 0.6015625 0.033854166666666664 0.03125
1 0.4283854166666667 0.5052083333333334 0.03125 0.028645833333333332
1 0.4934895833333333 0.5026041666666666 0.026041666666666668 0.0390625
1 0.4231770833333333 0.4700520833333333 0.020833333333333332 0.046875
1 0.5755208333333334 0.74609375 0.033854166666666664 0.03125
1 0.5026041666666666 0.390625 0.018229166666666668 0.026041666666666668
1 0.5325520833333334 0.7083333333333334 0.036458333333333336 0.044270833333333336
1 0.4856770833333333 0.7565104166666666 0.041666666666666664 0.0390625
1 0.4921875 0.6158854166666666 0.026041666666666668 0.0390625
1 0.6640625 0.5182291666666666 0.03125 0.0546875
1 0.6744791666666666 0.73046875 0.03125 0.052083333333333336
1 0.4466145833333333 0.4088541666666667 0.046875 0.033854166666666664
1 0.5247395833333334 0.484375 0.03125 0.026041666666666668
1 0.65234375 0.69921875 0.03125 0.044270833333333336
1 0.58203125 0.5442708333333334 0.020833333333333332 0.046875
1 0.5390625 0.6302083333333334 0.0234375 0.0390625
1 0.5494791666666666 0.6419270833333334 0.028645833333333332 0.036458333333333336
1 0.6393229166666666 0.7265625 0.020833333333333332 0.052083333333333336
1 0.7122395833333334 0.62890625 0.036458333333333336 0.052083333333333336
1 0.5390625 0.4153645833333333 0.026041666666666668 0.044270833333333336
1 0.4427083333333333 0.7591145833333334 0.03125 0.041666666666666664
1 0.6380208333333334 0.6549479166666666 0.041666666666666664 0.033854166666666664
1 0.4505208333333333 0.4700520833333333 0.036458333333333336 0.0390625
1 0.6796875 0.6432291666666666 0.0390625 0.033854166666666664
1 0.4934895833333333 0.4153645833333333 0.028645833333333332 0.0390625
1 0.6328125 0.62890625 0.041666666666666664 0.036458333333333336
1 0.4661458333333333 0.3463541666666667 0.036458333333333336 0.03125
1 0.3932291666666667 0.4557291666666667 0.041666666666666664 0.049479166666666664
1 0.6197916666666666 0.4283854166666667 0.036458333333333336 0.0625
1 0.5559895833333334 0.4466145833333333 0.026041666666666668 0.046875
1 0.5911458333333334 0.6953125 0.033854166666666664 0.041666666666666664
1 0.4309895833333333 0.31640625 0.028645833333333332 0.057291666666666664
1 0.41015625 0.4244791666666667 0.028645833333333332 0.052083333333333336
1 0.4752604166666667 0.6497395833333334 0.018229166666666668 0.0390625
1 0.5377604166666666 0.68359375 0.0390625 0.03125
1 0.4700520833333333 0.4283854166666667 0.033854166666666664 0.046875
1 0.5520833333333334 0.4830729166666667 0.033854166666666664 0.036458333333333336
1 0.6041666666666666 0.7486979166666666 0.03125 0.049479166666666664
1 0.3984375 0.3815104166666667 0.0390625 0.044270833333333336