1 0.5442708333333334 0.6536458333333334 0.03125 0.020833333333333332
1 0.62109375 0.6510416666666666 0.020833333333333332 0.03125
1 0.546875 0.5794270833333334 0.020833333333333332 0.03125
1 0.546875 0.6067708333333334 0.020833333333333332 0.036458333333333336
1 0.48828125 0.55859375 0.028645833333333332 0.03125
1 0.5559895833333334 0.60546875 0.015625 0.033854166666666664
1 0.6341145833333334 0.6276041666666666 0.026041666666666668 0.0234375
1 0.6315104166666666 0.5325520833333334 0.026041666666666668 0.0234375
1 0.6041666666666666 0.5768229166666666 0.018229166666666668 0.033854166666666664
1 0.5911458333333334 0.5013020833333334 0.015625 0.015625
1 0.6015625 0.5104166666666666 0.020833333333333332 0.0234375
1 0.5690104166666666 0.5924479166666666 0.03125 0.036458333333333336
1 0.5768229166666666 0.49609375 0.018229166666666668 0.020833333333333332
1 0.5885416666666666 0.53125 0.0234375 0.03125
1 0.4518229166666667 0.6197916666666666 0.018229166666666668 0.0234375
1 0.6744791666666666 0.63671875 0.028645833333333332 0.0234375
1 0.5729166666666666 0.5247395833333334 0.028645833333333332 0.0390625
1 0.6627604166666666 0.5924479166666666 0.013020833333333334 0.020833333333333332
1 0.6484375 0.5677083333333334 0.026041666666666668 0.03125
1 0.5416666666666666 0.5520833333333334 0.015625 0.026041666666666668
1 0.6940104166666666 0.6341145833333334 0.020833333333333332 0.03125
1 0.6028645833333334 0.5247395833333334 0.0234375 0.020833333333333332
1 0.62890625 0.546875 0.0234375 0.028645833333333332
1 0.6145833333333334 0.6575520833333334 0.018229166666666668 0.0234375
1 0.5807291666666666 0.58203125 0.013020833333333334 0.020833333333333332
1 0.6432291666666666 0.5794270833333334 0.0234375 0.028645833333333332
1 0.6145833333333334 0.60546875 0.026041666666666668 0.033854166666666664
1 0.5520833333333334 0.71484375 0.0234375 0.020833333333333332
1 0.6263020833333334 0.6796875 0.013020833333333334 0.0234375
1 0.4244791666666667 0.6458333333333334 0.020833333333333332 0.020833333333333332
1 0.6354166666666666 0.6770833333333334 0.018229166666666668 0.0234375