1 0.27734375 0.3151041666666667 0.041666666666666664 0.057291666666666664
1 0.4348958333333333 0.13671875 0.057291666666666664 0.0546875
1 0.6888020833333334 0.3541666666666667 0.049479166666666664 0.06510416666666667
1 0.3489583333333333 0.5950520833333334 0.036458333333333336 0.06510416666666667
1 0.47265625 0.4088541666666667 0.049479166666666664 0.0859375
1 0.6380208333333334 0.22526041666666666 0.049479166666666664 0.044270833333333336
1 0.5546875 0.5833333333333334 0.049479166666666664 0.057291666666666664
1 0.4309895833333333 0.17317708333333334 0.057291666666666664 0.059895833333333336
1 0.390625 0.4609375 0.052083333333333336 0.046875
1 0.6588541666666666 0.6419270833333334 0.057291666666666664 0.0859375
1 0.55859375 0.7994791666666666 0.052083333333333336 0.0703125
1 0.3424479166666667 0.71875 0.044270833333333336 0.0625
1 0.5794270833333334 0.5182291666666666 0.041666666666666664 0.0703125
1 0.7018229166666666 0.5325520833333334 0.0546875 0.078125
1 0.7213541666666666 0.3671875 0.057291666666666664 0.078125