1 0.47265625 0.32421875 0.020833333333333332 0.046875
1 0.5950520833333334 0.4713541666666667 0.026041666666666668 0.046875
1 0.5559895833333334 0.3255208333333333 0.044270833333333336 0.036458333333333336
1 0.52734375 0.4205729166666667 0.018229166666666668 0.041666666666666664
1 0.6822916666666666 0.7096354166666666 0.026041666666666668 0.028645833333333332
1 0.6966145833333334 0.4296875 0.028645833333333332 0.036458333333333336
1 0.59765625 0.3059895833333333 0.03125 0.028645833333333332
1 0.59375 0.7096354166666666 0.028645833333333332 0.041666666666666664
1 0.48828125 0.4778645833333333 0.028645833333333332 0.036458333333333336
1 0.6158854166666666 0.66796875 0.026041666666666668 0.0390625
1 0.5026041666666666 0.6197916666666666 0.020833333333333332 0.033854166666666664
1 0.6588541666666666 0.5013020833333334 0.015625 0.03125
1 0.4153645833333333 0.7096354166666666 0.028645833333333332 0.052083333333333336