1 0.4973958333333333 0.4947916666666667 0.018229166666666668 0.044270833333333336
1 0.5572916666666666 0.5950520833333334 0.0234375 0.044270833333333336
1 0.4596354166666667 0.6236979166666666 0.03125 0.0390625
1 0.5065104166666666 0.56640625 0.041666666666666664 0.0234375
1 0.5299479166666666 0.6002604166666666 0.03125 0.026041666666666668
1 0.4986979166666667 0.7369791666666666 0.028645833333333332 0.0390625
1 0.48046875 0.6432291666666666 0.0234375 0.041666666666666664
1 0.5130208333333334 0.5755208333333334 0.03125 0.015625
1 0.5286458333333334 0.5638020833333334 0.0390625 0.03125
1 0.57421875 0.5872395833333334 0.0234375 0.026041666666666668
1 0.5078125 0.5364583333333334 0.03125 0.0390625
1 0.3723958333333333 0.3645833333333333 0.033854166666666664 0.020833333333333332
1 0.6458333333333334 0.5885416666666666 0.041666666666666664 0.0234375
1 0.4609375 0.3841145833333333 0.036458333333333336 0.018229166666666668
1 0.5260416666666666 0.5260416666666666 0.0390625 0.026041666666666668
1 0.5143229166666666 0.6614583333333334 0.020833333333333332 0.041666666666666664