1 0.3489583333333333 0.6015625 0.08072916666666667 0.0625
1 0.4661458333333333 0.5729166666666666 0.07291666666666667 0.041666666666666664
1 0.39453125 0.6028645833333334 0.044270833333333336 0.06770833333333333
1 0.4973958333333333 0.5494791666666666 0.07552083333333333 0.044270833333333336
1 0.6106770833333334 0.4270833333333333 0.09114583333333333 0.09114583333333333
1 0.3893229166666667 0.5638020833333334 0.07552083333333333 0.052083333333333336
1 0.59765625 0.546875 0.0859375 0.0703125
1 0.7669270833333334 0.5963541666666666 0.0703125 0.052083333333333336
1 0.6263020833333334 0.5286458333333334 0.078125 0.044270833333333336
1 0.5377604166666666 0.515625 0.07291666666666667 0.052083333333333336
1 0.3841145833333333 0.7916666666666666 0.052083333333333336 0.028645833333333332