1 0.5338541666666666 0.4817708333333333 0.033854166666666664 0.049479166666666664
1 0.56640625 0.6575520833333334 0.046875 0.0625
1 0.55078125 0.6041666666666666 0.049479166666666664 0.057291666666666664
1 0.5924479166666666 0.3828125 0.06510416666666667 0.057291666666666664
1 0.54296875 0.7265625 0.033854166666666664 0.052083333333333336
1 0.4921875 0.4088541666666667 0.044270833333333336 0.046875
1 0.5716145833333334 0.5989583333333334 0.0546875 0.057291666666666664
1 0.5377604166666666 0.6705729166666666 0.044270833333333336 0.057291666666666664
1 0.5846354166666666 0.6575520833333334 0.046875 0.059895833333333336
1 0.5286458333333334 0.62890625 0.033854166666666664 0.052083333333333336
1 0.4296875 0.6145833333333334 0.041666666666666664 0.0859375
1 0.41796875 0.6276041666666666 0.044270833333333336 0.08072916666666667
1 0.1796875 0.66015625 0.06510416666666667 0.049479166666666664
1 0.5234375 0.5716145833333334 0.046875 0.041666666666666664