1 0.34375 0.4388020833333333 0.03125 0.046875
1 0.2526041666666667 0.5104166666666666 0.046875 0.026041666666666668
1 0.30078125 0.5377604166666666 0.036458333333333336 0.028645833333333332
1 0.5859375 0.5104166666666666 0.036458333333333336 0.028645833333333332
1 0.5989583333333334 0.48828125 0.03125 0.015625
1 0.6002604166666666 0.4453125 0.036458333333333336 0.028645833333333332
1 0.6966145833333334 0.4153645833333333 0.020833333333333332 0.0390625
1 0.4700520833333333 0.3541666666666667 0.0390625 0.033854166666666664
1 0.5130208333333334 0.3658854166666667 0.044270833333333336 0.026041666666666668
1 0.5065104166666666 0.32421875 0.03125 0.026041666666666668
1 0.6354166666666666 0.31640625 0.041666666666666664 0.0234375
1 0.6575520833333334 0.21484375 0.036458333333333336 0.046875
1 0.62890625 0.4869791666666667 0.015625 0.028645833333333332
1 0.2994791666666667 0.44140625 0.041666666666666664 0.044270833333333336
1 0.3359375 0.4856770833333333 0.044270833333333336 0.041666666666666664
1 0.4752604166666667 0.5377604166666666 0.026041666666666668 0.049479166666666664
1 0.36328125 0.6236979166666666 0.026041666666666668 0.0390625
1 0.4075520833333333 0.4856770833333333 0.0390625 0.0546875
1 0.44140625 0.4518229166666667 0.033854166666666664 0.0390625
1 0.4361979166666667 0.39453125 0.036458333333333336 0.036458333333333336
1 0.4921875 0.2760416666666667 0.033854166666666664 0.046875
1 0.4609375 0.3059895833333333 0.036458333333333336 0.020833333333333332
1 0.4244791666666667 0.4466145833333333 0.03125 0.026041666666666668
1 0.6145833333333334 0.2552083333333333 0.03125 0.033854166666666664
1 0.5052083333333334 0.21223958333333334 0.046875 0.041666666666666664
1 0.515625 0.19921875 0.046875 0.03125
1 0.3880208333333333 0.4388020833333333 0.020833333333333332 0.046875
1 0.4140625 0.6158854166666666 0.044270833333333336 0.026041666666666668
1 0.6419270833333334 0.6875 0.044270833333333336 0.044270833333333336
1 0.5091145833333334 0.4466145833333333 0.028645833333333332 0.044270833333333336
1 0.4791666666666667 0.44140625 0.0390625 0.020833333333333332
1 0.5638020833333334 0.3971354166666667 0.026041666666666668 0.036458333333333336
1 0.5872395833333334 0.4674479166666667 0.020833333333333332 0.033854166666666664
1 0.7161458333333334 0.3411458333333333 0.026041666666666668 0.041666666666666664
1 0.6979166666666666 0.3125 0.018229166666666668 0.036458333333333336
1 0.7044270833333334 0.3385416666666667 0.036458333333333336 0.020833333333333332
1 0.3372395833333333 0.3841145833333333 0.0234375 0.036458333333333336
1 0.6575520833333334 0.3489583333333333 0.03125 0.028645833333333332
1 0.4791666666666667 0.3828125 0.036458333333333336 0.020833333333333332
1 0.66796875 0.4140625 0.049479166666666664 0.03125
1 0.3072916666666667 0.4700520833333333 0.044270833333333336 0.026041666666666668
1 0.27734375 0.5143229166666666 0.028645833333333332 0.0234375
1 0.3502604166666667 0.5807291666666666 0.0234375 0.033854166666666664
1 0.5026041666666666 0.5390625 0.036458333333333336 0.0234375
1 0.5091145833333334 0.5169270833333334 0.0234375 0.0390625
1 0.5234375 0.3984375 0.03125 0.0390625
1 0.5416666666666666 0.3489583333333333 0.033854166666666664 0.0390625
1 0.5169270833333334 0.3815104166666667 0.036458333333333336 0.03125
1 0.5221354166666666 0.3294270833333333 0.036458333333333336 0.036458333333333336
1 0.4296875 0.3059895833333333 0.036458333333333336 0.044270833333333336
1 0.5598958333333334 0.23697916666666666 0.049479166666666664 0.044270833333333336
1 0.6888020833333334 0.25390625 0.046875 0.049479166666666664
1 0.3528645833333333 0.3971354166666667 0.028645833333333332 0.036458333333333336
1 0.06640625 0.61328125 0.0546875 0.041666666666666664
1 0.265625 0.5 0.057291666666666664 0.041666666666666664
1 0.2526041666666667 0.67578125 0.046875 0.03125
1 0.59765625 0.5325520833333334 0.0390625 0.033854166666666664
1 0.6171875 0.4986979166666667 0.026041666666666668 0.036458333333333336
1 0.6158854166666666 0.4388020833333333 0.026041666666666668 0.03125
1 0.6822916666666666 0.3307291666666667 0.0390625 0.033854166666666664
1 0.4361979166666667 0.4192708333333333 0.044270833333333336 0.028645833333333332
1 0.46484375 0.2903645833333333 0.041666666666666664 0.0234375
1 0.6015625 0.23828125 0.041666666666666664 0.044270833333333336
1 0.6263020833333334 0.12369791666666667 0.049479166666666664 0.049479166666666664
1 0.64453125 0.5247395833333334 0.033854166666666664 0.028645833333333332
1 0.4921875 0.4088541666666667 0.020833333333333332 0.028645833333333332
1 0.6731770833333334 0.20052083333333334 0.03125 0.036458333333333336
1 0.2708333333333333 0.5299479166666666 0.015625 0.03125
1 0.2877604166666667 0.546875 0.028645833333333332 0.041666666666666664
1 0.4166666666666667 0.640625 0.046875 0.03125
1 0.4622395833333333 0.6119791666666666 0.036458333333333336 0.0390625
1 0.5416666666666666 0.5716145833333334 0.044270833333333336 0.0390625
1 0.5885416666666666 0.5247395833333334 0.03125 0.028645833333333332
1 0.5651041666666666 0.5169270833333334 0.020833333333333332 0.033854166666666664
1 0.4544270833333333 0.4661458333333333 0.033854166666666664 0.041666666666666664
1 0.5638020833333334 0.45703125 0.049479166666666664 0.033854166666666664
1 0.5638020833333334 0.4830729166666667 0.026041666666666668 0.036458333333333336
1 0.6276041666666666 0.4309895833333333 0.0234375 0.0390625
1 0.4817708333333333 0.4010416666666667 0.028645833333333332 0.028645833333333332
1 0.4622395833333333 0.2721354166666667 0.046875 0.026041666666666668
1 0.5130208333333334 0.27734375 0.0390625 0.044270833333333336
1 0.3125 0.4127604166666667 0.036458333333333336 0.057291666666666664
1 0.34765625 0.4700520833333333 0.033854166666666664 0.033854166666666664
1 0.20963541666666666 0.5299479166666666 0.0546875 0.046875
1 0.31640625 0.5169270833333334 0.036458333333333336 0.044270833333333336
1 0.2994791666666667 0.5065104166666666 0.033854166666666664 0.044270833333333336
1 0.3294270833333333 0.5234375 0.049479166666666664 0.044270833333333336
1 0.3776041666666667 0.5911458333333334 0.0390625 0.033854166666666664
1 0.3684895833333333 0.5677083333333334 0.036458333333333336 0.049479166666666664
1 0.4166666666666667 0.5299479166666666 0.026041666666666668 0.041666666666666664
1 0.4440104166666667 0.5013020833333334 0.0390625 0.041666666666666664
1 0.4348958333333333 0.5325520833333334 0.0390625 0.036458333333333336
1 0.4596354166666667 0.5338541666666666 0.028645833333333332 0.036458333333333336
1 0.6184895833333334 0.53125 0.020833333333333332 0.028645833333333332
1 0.6067708333333334 0.4674479166666667 0.03125 0.028645833333333332
1 0.3828125 0.49609375 0.03125 0.036458333333333336
1 0.3919270833333333 0.48046875 0.028645833333333332 0.036458333333333336
1 0.5442708333333334 0.41796875 0.0390625 0.028645833333333332
1 0.7682291666666666 0.3268229166666667 0.041666666666666664 0.0390625
1 0.6510416666666666 0.3697916666666667 0.0390625 0.020833333333333332
1 0.4622395833333333 0.2578125 0.041666666666666664 0.026041666666666668
1 0.41015625 0.45703125 0.0234375 0.046875
1 0.3528645833333333 0.5546875 0.026041666666666668 0.041666666666666664
1 0.4140625 0.57421875 0.0390625 0.049479166666666664
1 0.4557291666666667 0.58203125 0.028645833333333332 0.041666666666666664
1 0.3776041666666667 0.67578125 0.0546875 0.044270833333333336
1 0.5091145833333334 0.5625 0.03125 0.033854166666666664
1 0.515625 0.4739583333333333 0.036458333333333336 0.026041666666666668
1 0.6822916666666666 0.3541666666666667 0.0390625 0.03125
1 0.6223958333333334 0.3580729166666667 0.044270833333333336 0.033854166666666664