1 0.4049479166666667 0.6041666666666666 0.078125 0.08333333333333333
1 0.5872395833333334 0.61328125 0.08333333333333333 0.078125
1 0.6145833333333334 0.41796875 0.10416666666666667 0.08072916666666667
1 0.4114583333333333 0.5325520833333334 0.08072916666666667 0.07291666666666667
1 0.5625 0.5598958333333334 0.09635416666666667 0.057291666666666664
1 0.625 0.6158854166666666 0.078125 0.078125
1 0.19791666666666666 0.50390625 0.078125 0.08333333333333333
1 0.4401041666666667 0.4947916666666667 0.09635416666666667 0.07291666666666667
1 0.5651041666666666 0.5286458333333334 0.09635416666666667 0.0546875
1 0.3059895833333333 0.5911458333333334 0.11197916666666667 0.0703125
1 0.3020833333333333 0.6744791666666666 0.13020833333333334 0.07552083333333333
1 0.48828125 0.26171875 0.06770833333333333 0.08333333333333333
1 0.36328125 0.5260416666666666 0.09375 0.06510416666666667
1 0.4622395833333333 0.6953125 0.09895833333333333 0.0625
1 0.3138020833333333 0.5390625 0.09635416666666667 0.0703125
1 0.5299479166666666 0.4453125 0.07291666666666667 0.08072916666666667
1 0.6393229166666666 0.5729166666666666 0.09895833333333333 0.0546875
1 0.5846354166666666 0.3125 0.10677083333333333 0.08333333333333333
1 0.3984375 0.6927083333333334 0.07552083333333333 0.0859375
1 0.24739583333333334 0.5598958333333334 0.11458333333333333 0.0859375
1 0.5377604166666666 0.6341145833333334 0.09635416666666667 0.08072916666666667