1 0.2903645833333333 0.5885416666666666 0.020833333333333332 0.057291666666666664
1 0.328125 0.3020833333333333 0.03125 0.041666666666666664
1 0.69140625 0.3828125 0.028645833333333332 0.0390625
1 0.4205729166666667 0.7265625 0.026041666666666668 0.03125
1 0.3684895833333333 0.8046875 0.018229166666666668 0.036458333333333336
1 0.7981770833333334 0.4609375 0.026041666666666668 0.020833333333333332
1 0.61328125 0.3059895833333333 0.015625 0.0390625
1 0.7083333333333334 0.37109375 0.020833333333333332 0.0390625
1 0.57421875 0.6067708333333334 0.020833333333333332 0.026041666666666668
1 0.8072916666666666 0.5052083333333334 0.03125 0.020833333333333332
1 0.6966145833333334 0.5026041666666666 0.013020833333333334 0.03125
1 0.4778645833333333 0.5338541666666666 0.026041666666666668 0.026041666666666668
1 0.58984375 0.75 0.015625 0.026041666666666668
1 0.20182291666666666 0.49609375 0.026041666666666668 0.036458333333333336
1 0.8177083333333334 0.4739583333333333 0.013020833333333334 0.0390625
1 0.37890625 0.6796875 0.0234375 0.0390625
1 0.37109375 0.8606770833333334 0.0234375 0.013020833333333334
1 0.42578125 0.6575520833333334 0.03125 0.028645833333333332
1 0.4518229166666667 0.4427083333333333 0.020833333333333332 0.0390625
1 0.5494791666666666 0.42578125 0.028645833333333332 0.026041666666666668
1 0.7252604166666666 0.359375 0.03125 0.036458333333333336
1 0.6809895833333334 0.3528645833333333 0.028645833333333332 0.041666666666666664
1 0.8059895833333334 0.3216145833333333 0.018229166666666668 0.0390625
1 0.60546875 0.6653645833333334 0.015625 0.0390625
1 0.2591145833333333 0.89453125 0.018229166666666668 0.046875
1 0.46875 0.62890625 0.0234375 0.0390625
1 0.7109375 0.5013020833333334 0.015625 0.015625
1 0.57421875 0.34375 0.03125 0.033854166666666664
1 0.41796875 0.76953125 0.020833333333333332 0.033854166666666664
1 0.24869791666666666 0.8151041666666666 0.020833333333333332 0.044270833333333336
1 0.20963541666666666 0.20703125 0.0234375 0.044270833333333336
1 0.2721354166666667 0.16536458333333334 0.044270833333333336 0.020833333333333332
1 0.6940104166666666 0.5794270833333334 0.018229166666666668 0.044270833333333336
1 0.7877604166666666 0.4856770833333333 0.015625 0.041666666666666664
1 0.6549479166666666 0.37890625 0.018229166666666668 0.036458333333333336
1 0.6315104166666666 0.3541666666666667 0.020833333333333332 0.057291666666666664
1 0.7096354166666666 0.41015625 0.033854166666666664 0.0390625
1 0.55859375 0.2890625 0.0234375 0.018229166666666668
1 0.2604166666666667 0.7239583333333334 0.018229166666666668 0.036458333333333336
1 0.2890625 0.18229166666666666 0.015625 0.044270833333333336
1 0.3372395833333333 0.2825520833333333 0.013020833333333334 0.044270833333333336
1 0.4674479166666667 0.6549479166666666 0.026041666666666668 0.028645833333333332
1 0.3736979166666667 0.3971354166666667 0.03125 0.044270833333333336
1 0.53125 0.2981770833333333 0.03125 0.020833333333333332
1 0.22135416666666666 0.35546875 0.033854166666666664 0.028645833333333332
1 0.33203125 0.203125 0.028645833333333332 0.044270833333333336
1 0.19661458333333334 0.20442708333333334 0.028645833333333332 0.046875
1 0.6627604166666666 0.3658854166666667 0.020833333333333332 0.0390625
1 0.48828125 0.3098958333333333 0.028645833333333332 0.036458333333333336
1 0.34765625 0.5104166666666666 0.020833333333333332 0.049479166666666664
1 0.62890625 0.4309895833333333 0.0390625 0.03125
1 0.6276041666666666 0.5546875 0.015625 0.036458333333333336
1 0.4986979166666667 0.5286458333333334 0.010416666666666666 0.0390625
1 0.80078125 0.4908854166666667 0.026041666666666668 0.036458333333333336