1 0.34765625 0.23567708333333334 0.0234375 0.046875
1 0.3216145833333333 0.87109375 0.036458333333333336 0.059895833333333336
1 0.3424479166666667 0.64453125 0.0390625 0.06770833333333333
1 0.24739583333333334 0.2565104166666667 0.0234375 0.041666666666666664
1 0.3424479166666667 0.18619791666666666 0.033854166666666664 0.052083333333333336
1 0.4192708333333333 0.30859375 0.026041666666666668 0.033854166666666664
1 0.19270833333333334 0.3072916666666667 0.03125 0.052083333333333336
1 0.2981770833333333 0.55078125 0.033854166666666664 0.052083333333333336
1 0.2421875 0.71484375 0.0390625 0.03125
1 0.31640625 0.6901041666666666 0.0390625 0.0390625
1 0.3255208333333333 0.7044270833333334 0.0390625 0.044270833333333336
1 0.328125 0.671875 0.033854166666666664 0.033854166666666664
1 0.23177083333333334 0.69921875 0.036458333333333336 0.03125
1 0.18880208333333334 0.48046875 0.0234375 0.044270833333333336
1 0.22135416666666666 0.3893229166666667 0.03125 0.046875
1 0.20833333333333334 0.4140625 0.033854166666666664 0.046875
1 0.49609375 0.4466145833333333 0.044270833333333336 0.059895833333333336
1 0.2916666666666667 0.6731770833333334 0.03125 0.044270833333333336
1 0.2565104166666667 0.28125 0.026041666666666668 0.0546875
1 0.3229166666666667 0.31640625 0.03125 0.057291666666666664
1 0.3255208333333333 0.4466145833333333 0.0390625 0.052083333333333336
1 0.17447916666666666 0.4453125 0.0390625 0.044270833333333336
1 0.17838541666666666 0.5338541666666666 0.028645833333333332 0.0546875
1 0.3893229166666667 0.7291666666666666 0.03125 0.044270833333333336
1 0.34375 0.9544270833333334 0.03125 0.044270833333333336
1 0.16145833333333334 0.3854166666666667 0.03125 0.057291666666666664
1 0.18359375 0.3203125 0.0390625 0.03125
1 0.2942708333333333 0.2747395833333333 0.033854166666666664 0.028645833333333332
1 0.37109375 0.54296875 0.028645833333333332 0.0546875
1 0.3385416666666667 0.4244791666666667 0.0234375 0.041666666666666664
1 0.25 0.4440104166666667 0.0234375 0.046875
1 0.4674479166666667 0.4088541666666667 0.041666666666666664 0.036458333333333336
1 0.3059895833333333 0.5859375 0.03125 0.059895833333333336
1 0.17317708333333334 0.4934895833333333 0.03125 0.03125
1 0.4296875 0.6666666666666666 0.03125 0.0546875
1 0.3919270833333333 0.7942708333333334 0.028645833333333332 0.049479166666666664
1 0.3984375 0.9166666666666666 0.0390625 0.044270833333333336
1 0.37109375 0.62109375 0.046875 0.057291666666666664
1 0.3138020833333333 0.5065104166666666 0.03125 0.036458333333333336
1 0.4557291666666667 0.4934895833333333 0.033854166666666664 0.052083333333333336
1 0.38671875 0.4635416666666667 0.033854166666666664 0.059895833333333336
1 0.3125 0.3502604166666667 0.033854166666666664 0.036458333333333336
1 0.2864583333333333 0.5 0.026041666666666668 0.028645833333333332
1 0.19791666666666666 0.2708333333333333 0.036458333333333336 0.049479166666666664
1 0.3229166666666667 0.3997395833333333 0.0390625 0.046875
1 0.24088541666666666 0.55078125 0.036458333333333336 0.049479166666666664
1 0.2760416666666667 0.6354166666666666 0.036458333333333336 0.041666666666666664
1 0.4609375 0.6770833333333334 0.036458333333333336 0.049479166666666664
1 0.3723958333333333 0.57421875 0.0390625 0.0390625
1 0.3880208333333333 0.5416666666666666 0.03125 0.059895833333333336
1 0.39453125 0.8268229166666666 0.033854166666666664 0.0625
1 0.19010416666666666 0.24088541666666666 0.036458333333333336 0.0390625
1 0.4283854166666667 0.28125 0.044270833333333336 0.041666666666666664
1 0.3919270833333333 0.75 0.03125 0.052083333333333336
1 0.16015625 0.4088541666666667 0.020833333333333332 0.041666666666666664
1 0.23697916666666666 0.3177083333333333 0.0234375 0.044270833333333336
1 0.23177083333333334 0.2799479166666667 0.036458333333333336 0.059895833333333336
1 0.19921875 0.5481770833333334 0.03125 0.049479166666666664
1 0.22395833333333334 0.5416666666666666 0.033854166666666664 0.036458333333333336
1 0.265625 0.6158854166666666 0.028645833333333332 0.044270833333333336
1 0.45703125 0.6276041666666666 0.033854166666666664 0.057291666666666664
1 0.4401041666666667 0.60546875 0.044270833333333336 0.041666666666666664
1 0.33984375 0.24088541666666666 0.0234375 0.049479166666666664
1 0.46484375 0.4375 0.033854166666666664 0.03125
1 0.3411458333333333 0.4622395833333333 0.03125 0.059895833333333336
1 0.3138020833333333 0.48046875 0.041666666666666664 0.0390625
1 0.2604166666666667 0.4440104166666667 0.03125 0.049479166666666664
1 0.24479166666666666 0.6783854166666666 0.033854166666666664 0.0546875
1 0.2916666666666667 0.6510416666666666 0.028645833333333332 0.046875
1 0.4427083333333333 0.6432291666666666 0.026041666666666668 0.049479166666666664
1 0.4075520833333333 0.4869791666666667 0.03125 0.059895833333333336
1 0.3723958333333333 0.24088541666666666 0.0390625 0.059895833333333336
1 0.3528645833333333 0.4518229166666667 0.03125 0.0625
1 0.2604166666666667 0.3763020833333333 0.03125 0.049479166666666664
1 0.3567708333333333 0.7786458333333334 0.033854166666666664 0.0625
1 0.3541666666666667 0.546875 0.028645833333333332 0.028645833333333332
1 0.3346354166666667 0.3151041666666667 0.036458333333333336 0.06510416666666667
1 0.19791666666666666 0.4908854166666667 0.0234375 0.020833333333333332