0 0.6953125 0.22135416666666666 0.13802083333333334 0.1796875
0 0.6393229166666666 0.76953125 0.16927083333333334 0.1640625
0 0.55078125 0.7552083333333334 0.13802083333333334 0.16927083333333334
0 0.5703125 0.6158854166666666 0.15104166666666666 0.1953125
0 0.5859375 0.3307291666666667 0.16927083333333334 0.19270833333333334
0 0.8216145833333334 0.95703125 0.1328125 0.0859375
0 0.7838541666666666 0.59375 0.13802083333333334 0.15885416666666666
0 0.6510416666666666 0.3671875 0.1015625 0.1796875
0 0.22916666666666666 0.4244791666666667 0.11458333333333333 0.17447916666666666
0 0.69921875 0.52734375 0.109375 0.17447916666666666
0 0.43359375 0.4348958333333333 0.125 0.21614583333333334
0 0.4869791666666667 0.21354166666666666 0.13541666666666666 0.203125
0 0.4622395833333333 0.14583333333333334 0.140625 0.20833333333333334