1 0.5690104166666666 0.8151041666666666 0.0390625 0.059895833333333336
1 0.26953125 0.7682291666666666 0.049479166666666664 0.036458333333333336
1 0.5260416666666666 0.6627604166666666 0.033854166666666664 0.049479166666666664
1 0.4075520833333333 0.4114583333333333 0.041666666666666664 0.0546875
1 0.3385416666666667 0.21354166666666666 0.0546875 0.041666666666666664
1 0.5924479166666666 0.09114583333333333 0.044270833333333336 0.057291666666666664
1 0.6080729166666666 0.17838541666666666 0.0390625 0.0625
1 0.7096354166666666 0.39453125 0.028645833333333332 0.059895833333333336
1 0.75390625 0.84375 0.036458333333333336 0.052083333333333336
1 0.80859375 0.828125 0.03125 0.049479166666666664
1 0.5794270833333334 0.34375 0.03125 0.06770833333333333
1 0.7161458333333334 0.8489583333333334 0.052083333333333336 0.028645833333333332
1 0.4986979166666667 0.44140625 0.033854166666666664 0.059895833333333336
1 0.3658854166666667 0.2760416666666667 0.041666666666666664 0.041666666666666664
1 0.56640625 0.19010416666666666 0.036458333333333336 0.044270833333333336
1 0.7421875 0.3216145833333333 0.03125 0.0703125
1 0.6966145833333334 0.5104166666666666 0.033854166666666664 0.06770833333333333
1 0.8046875 0.39453125 0.049479166666666664 0.033854166666666664
1 0.6458333333333334 0.8385416666666666 0.041666666666666664 0.028645833333333332
1 0.4778645833333333 0.76953125 0.033854166666666664 0.0625
1 0.7408854166666666 0.7005208333333334 0.052083333333333336 0.049479166666666664
1 0.7122395833333334 0.6510416666666666 0.049479166666666664 0.036458333333333336
1 0.8098958333333334 0.4505208333333333 0.03125 0.0625
1 0.4934895833333333 0.390625 0.036458333333333336 0.059895833333333336
1 0.296875 0.2565104166666667 0.03125 0.046875
1 0.8528645833333334 0.5338541666666666 0.049479166666666664 0.036458333333333336
1 0.5026041666666666 0.20572916666666666 0.033854166666666664 0.059895833333333336
1 0.59375 0.3424479166666667 0.026041666666666668 0.078125
1 0.6744791666666666 0.9049479166666666 0.03125 0.0546875
1 0.24609375 0.3424479166666667 0.044270833333333336 0.041666666666666664
1 0.2864583333333333 0.3125 0.036458333333333336 0.046875
1 0.390625 0.30859375 0.0546875 0.0390625
1 0.41015625 0.23958333333333334 0.044270833333333336 0.044270833333333336
1 0.3372395833333333 0.30078125 0.0234375 0.044270833333333336
1 0.5885416666666666 0.234375 0.046875 0.0625
1 0.61328125 0.19921875 0.041666666666666664 0.059895833333333336
1 0.5846354166666666 0.9479166666666666 0.044270833333333336 0.0546875
1 0.37890625 0.6627604166666666 0.028645833333333332 0.0546875
1 0.5625 0.6848958333333334 0.0234375 0.052083333333333336
1 0.6966145833333334 0.6276041666666666 0.033854166666666664 0.0625
1 0.19791666666666666 0.27734375 0.033854166666666664 0.0546875
1 0.39453125 0.2669270833333333 0.0234375 0.049479166666666664
1 0.5638020833333334 0.3203125 0.046875 0.044270833333333336
1 0.7356770833333334 0.4114583333333333 0.0390625 0.0625
1 0.8268229166666666 0.78515625 0.041666666666666664 0.057291666666666664
1 0.7786458333333334 0.8294270833333334 0.046875 0.033854166666666664
1 0.65234375 0.7643229166666666 0.046875 0.044270833333333336
1 0.53515625 0.7135416666666666 0.049479166666666664 0.041666666666666664
1 0.5 0.5091145833333334 0.033854166666666664 0.0703125
1 0.3567708333333333 0.84765625 0.0546875 0.044270833333333336
1 0.22916666666666666 0.8307291666666666 0.0390625 0.049479166666666664
1 0.30859375 0.76953125 0.0390625 0.041666666666666664
1 0.3111979166666667 0.2721354166666667 0.044270833333333336 0.0546875
1 0.359375 0.2526041666666667 0.049479166666666664 0.036458333333333336
1 0.5481770833333334 0.2578125 0.036458333333333336 0.052083333333333336
1 0.67578125 0.3190104166666667 0.041666666666666664 0.049479166666666664
1 0.7513020833333334 0.21484375 0.033854166666666664 0.052083333333333336
1 0.7916666666666666 0.84375 0.0390625 0.057291666666666664