1 0.3502604166666667 0.48828125 0.07291666666666667 0.07291666666666667
1 0.26953125 0.41796875 0.06510416666666667 0.11458333333333333
1 0.4973958333333333 0.3658854166666667 0.06510416666666667 0.0859375
1 0.6197916666666666 0.4361979166666667 0.08072916666666667 0.08072916666666667
1 0.44921875 0.51953125 0.06770833333333333 0.10677083333333333
1 0.54296875 0.5559895833333334 0.059895833333333336 0.1015625
1 0.5234375 0.51171875 0.07291666666666667 0.0859375
1 0.4153645833333333 0.33203125 0.0546875 0.10677083333333333
1 0.4674479166666667 0.296875 0.0703125 0.0859375
1 0.6393229166666666 0.66015625 0.08854166666666667 0.09114583333333333
1 0.5299479166666666 0.2994791666666667 0.057291666666666664 0.1015625
1 0.64453125 0.5 0.1015625 0.0859375
1 0.36328125 0.4453125 0.07291666666666667 0.06770833333333333