1 0.5 0.44140625 0.020833333333333332 0.044270833333333336
1 0.5065104166666666 0.41015625 0.06770833333333333 0.044270833333333336
1 0.5052083333333334 0.4635416666666667 0.036458333333333336 0.06510416666666667
1 0.5286458333333334 0.4635416666666667 0.041666666666666664 0.06510416666666667
1 0.58984375 0.47265625 0.033854166666666664 0.07291666666666667
1 0.41015625 0.4752604166666667 0.026041666666666668 0.06770833333333333
1 0.45703125 0.5013020833333334 0.049479166666666664 0.03125
1 0.4036458333333333 0.375 0.033854166666666664 0.08854166666666667
1 0.4427083333333333 0.4283854166666667 0.044270833333333336 0.033854166666666664
1 0.34375 0.4557291666666667 0.0625 0.041666666666666664
1 0.5625 0.4765625 0.0390625 0.078125
1 0.3828125 0.3567708333333333 0.0234375 0.08854166666666667
1 0.4166666666666667 0.5234375 0.041666666666666664 0.08072916666666667
1 0.3528645833333333 0.47265625 0.0390625 0.03125
1 0.39453125 0.4856770833333333 0.026041666666666668 0.0703125
1 0.4479166666666667 0.3111979166666667 0.044270833333333336 0.09114583333333333
1 0.6380208333333334 0.34375 0.03125 0.0703125
1 0.4557291666666667 0.453125 0.03125 0.036458333333333336
1 0.50390625 0.65234375 0.028645833333333332 0.049479166666666664
1 0.4166666666666667 0.30078125 0.026041666666666668 0.06770833333333333
1 0.3411458333333333 0.4348958333333333 0.07552083333333333 0.041666666666666664
1 0.375 0.4973958333333333 0.028645833333333332 0.09114583333333333
1 0.3671875 0.421875 0.0390625 0.06510416666666667
1 0.41796875 0.3997395833333333 0.041666666666666664 0.07552083333333333
1 0.4440104166666667 0.4700520833333333 0.033854166666666664 0.044270833333333336
1 0.47265625 0.3697916666666667 0.0546875 0.07552083333333333