1 0.34375 0.59375 0.08333333333333333 0.06510416666666667
1 0.4622395833333333 0.5716145833333334 0.07291666666666667 0.046875
1 0.3893229166666667 0.59765625 0.046875 0.0703125
1 0.4947916666666667 0.5494791666666666 0.07552083333333333 0.049479166666666664
1 0.6145833333333334 0.4322916666666667 0.09375 0.09375
1 0.38671875 0.55859375 0.078125 0.0546875
1 0.5950520833333334 0.55078125 0.08854166666666667 0.07552083333333333
1 0.76171875 0.609375 0.07291666666666667 0.0546875
1 0.6236979166666666 0.53515625 0.08072916666666667 0.049479166666666664
1 0.5377604166666666 0.5182291666666666 0.07291666666666667 0.0546875
1 0.3684895833333333 0.78515625 0.052083333333333336 0.03125