1 0.6705729166666666 0.3125 0.03125 0.044270833333333336
1 0.73046875 0.3515625 0.03125 0.046875
1 0.4114583333333333 0.4361979166666667 0.0390625 0.057291666666666664
1 0.3541666666666667 0.2955729166666667 0.0390625 0.026041666666666668
1 0.5481770833333334 0.3294270833333333 0.033854166666666664 0.044270833333333336
1 0.3502604166666667 0.390625 0.046875 0.041666666666666664
1 0.6315104166666666 0.3450520833333333 0.03125 0.046875
1 0.62109375 0.2864583333333333 0.0234375 0.046875
1 0.5768229166666666 0.27734375 0.036458333333333336 0.052083333333333336
1 0.5625 0.17447916666666666 0.0390625 0.049479166666666664
1 0.4440104166666667 0.4752604166666667 0.033854166666666664 0.0546875
1 0.3984375 0.2734375 0.049479166666666664 0.0390625
1 0.5286458333333334 0.3177083333333333 0.0390625 0.028645833333333332
1 0.390625 0.3033854166666667 0.041666666666666664 0.0390625
1 0.6145833333333334 0.3098958333333333 0.026041666666666668 0.018229166666666668
1 0.5221354166666666 0.4947916666666667 0.049479166666666664 0.052083333333333336
1 0.6354166666666666 0.3736979166666667 0.0234375 0.041666666666666664
1 0.5989583333333334 0.2604166666666667 0.0390625 0.052083333333333336
1 0.3658854166666667 0.3736979166666667 0.041666666666666664 0.028645833333333332
1 0.3736979166666667 0.4114583333333333 0.033854166666666664 0.052083333333333336
1 0.59765625 0.4713541666666667 0.03125 0.057291666666666664
1 0.6432291666666666 0.4375 0.033854166666666664 0.0625
1 0.5533854166666666 0.4908854166666667 0.03125 0.046875
1 0.5377604166666666 0.52734375 0.0234375 0.03125
1 0.56640625 0.21354166666666666 0.03125 0.041666666666666664
1 0.39453125 0.3802083333333333 0.033854166666666664 0.033854166666666664
1 0.6145833333333334 0.4192708333333333 0.036458333333333336 0.028645833333333332
1 0.6575520833333334 0.3359375 0.041666666666666664 0.0390625
1 0.5572916666666666 0.22265625 0.036458333333333336 0.049479166666666664
1 0.4700520833333333 0.4752604166666667 0.0390625 0.0546875
1 0.34765625 0.3125 0.020833333333333332 0.033854166666666664
1 0.3697916666666667 0.21875 0.041666666666666664 0.049479166666666664
1 0.5989583333333334 0.58203125 0.041666666666666664 0.0390625
1 0.5403645833333334 0.46484375 0.044270833333333336 0.049479166666666664
1 0.359375 0.24739583333333334 0.036458333333333336 0.044270833333333336
1 0.3138020833333333 0.31640625 0.03125 0.052083333333333336
1 0.5638020833333334 0.4466145833333333 0.026041666666666668 0.052083333333333336
1 0.6158854166666666 0.4348958333333333 0.0390625 0.041666666666666664
1 0.5833333333333334 0.22786458333333334 0.03125 0.041666666666666664
1 0.4700520833333333 0.2630208333333333 0.041666666666666664 0.03125
1 0.4986979166666667 0.3333333333333333 0.044270833333333336 0.044270833333333336