1 0.4505208333333333 0.640625 0.010416666666666666 0.0234375
1 0.44921875 0.4908854166666667 0.015625 0.028645833333333332
1 0.44921875 0.65234375 0.018229166666666668 0.020833333333333332
1 0.4557291666666667 0.6119791666666666 0.013020833333333334 0.028645833333333332
1 0.5260416666666666 0.5286458333333334 0.015625 0.020833333333333332
1 0.51171875 0.5403645833333334 0.020833333333333332 0.015625
1 0.484375 0.4661458333333333 0.013020833333333334 0.03125
1 0.4973958333333333 0.546875 0.020833333333333332 0.015625
1 0.4739583333333333 0.5234375 0.013020833333333334 0.0234375
1 0.4661458333333333 0.4908854166666667 0.020833333333333332 0.018229166666666668
1 0.5768229166666666 0.54296875 0.015625 0.028645833333333332
1 0.5677083333333334 0.5247395833333334 0.015625 0.026041666666666668