1 0.22916666666666666 0.3346354166666667 0.020833333333333332 0.059895833333333336
1 0.38671875 0.3020833333333333 0.0234375 0.052083333333333336
1 0.47265625 0.5872395833333334 0.020833333333333332 0.049479166666666664
1 0.4296875 0.4518229166666667 0.033854166666666664 0.06770833333333333
1 0.578125 0.4921875 0.033854166666666664 0.049479166666666664
1 0.5963541666666666 0.359375 0.015625 0.036458333333333336
1 0.6302083333333334 0.3059895833333333 0.0234375 0.033854166666666664
1 0.5846354166666666 0.4166666666666667 0.033854166666666664 0.044270833333333336
1 0.6028645833333334 0.3567708333333333 0.015625 0.0390625
1 0.5182291666666666 0.45703125 0.036458333333333336 0.07291666666666667
1 0.6276041666666666 0.2825520833333333 0.0234375 0.046875
1 0.64453125 0.3411458333333333 0.018229166666666668 0.036458333333333336
1 0.5299479166666666 0.5520833333333334 0.03125 0.028645833333333332
1 0.68359375 0.4622395833333333 0.028645833333333332 0.052083333333333336
1 0.33203125 0.6692708333333334 0.0390625 0.046875
1 0.6588541666666666 0.40625 0.028645833333333332 0.052083333333333336
1 0.34375 0.64453125 0.033854166666666664 0.046875
1 0.4166666666666667 0.6302083333333334 0.03125 0.036458333333333336
1 0.6263020833333334 0.32421875 0.028645833333333332 0.0234375
1 0.6510416666666666 0.3098958333333333 0.028645833333333332 0.036458333333333336
1 0.6380208333333334 0.3776041666666667 0.028645833333333332 0.033854166666666664
1 0.25 0.6861979166666666 0.033854166666666664 0.036458333333333336
1 0.25 0.3528645833333333 0.028645833333333332 0.052083333333333336
1 0.6263020833333334 0.3958333333333333 0.0234375 0.026041666666666668
1 0.63671875 0.3541666666666667 0.026041666666666668 0.041666666666666664
1 0.3567708333333333 0.3619791666666667 0.033854166666666664 0.0390625
1 0.4661458333333333 0.5520833333333334 0.0234375 0.0546875