1 0.5963541666666666 0.6015625 0.08072916666666667 0.0859375
1 0.4153645833333333 0.6145833333333334 0.0859375 0.08072916666666667
1 0.3841145833333333 0.4192708333333333 0.10416666666666667 0.08072916666666667
1 0.58984375 0.53125 0.08072916666666667 0.07552083333333333
1 0.4388020833333333 0.5611979166666666 0.09895833333333333 0.059895833333333336
1 0.3776041666666667 0.6184895833333334 0.078125 0.08072916666666667
1 0.8020833333333334 0.4986979166666667 0.08072916666666667 0.0859375
1 0.5598958333333334 0.4934895833333333 0.09635416666666667 0.07552083333333333
1 0.4361979166666667 0.5299479166666666 0.09635416666666667 0.057291666666666664
1 0.6953125 0.5872395833333334 0.11197916666666667 0.07291666666666667
1 0.7018229166666666 0.671875 0.13020833333333334 0.078125
1 0.5078125 0.26171875 0.0703125 0.08333333333333333
1 0.63671875 0.5247395833333334 0.09375 0.06770833333333333
1 0.5416666666666666 0.6953125 0.09895833333333333 0.06510416666666667
1 0.6875 0.5364583333333334 0.09635416666666667 0.0703125
1 0.4700520833333333 0.4453125 0.07552083333333333 0.08072916666666667
1 0.3619791666666667 0.5755208333333334 0.09895833333333333 0.0546875
1 0.4127604166666667 0.3138020833333333 0.10677083333333333 0.0859375
1 0.6041666666666666 0.69140625 0.078125 0.0859375
1 0.75390625 0.5546875 0.11458333333333333 0.08854166666666667
1 0.46484375 0.6354166666666666 0.09635416666666667 0.08072916666666667