1 0.6692708333333334 0.3385416666666667 0.041666666666666664 0.0390625
1 0.4908854166666667 0.55078125 0.0390625 0.046875
1 0.390625 0.4427083333333333 0.033854166666666664 0.0546875
1 0.7252604166666666 0.4453125 0.0390625 0.036458333333333336
1 0.6822916666666666 0.3463541666666667 0.041666666666666664 0.041666666666666664
1 0.484375 0.5182291666666666 0.033854166666666664 0.041666666666666664
1 0.46875 0.4270833333333333 0.036458333333333336 0.041666666666666664
1 0.53125 0.5299479166666666 0.0390625 0.046875
1 0.4830729166666667 0.421875 0.028645833333333332 0.036458333333333336
1 0.6966145833333334 0.4778645833333333 0.052083333333333336 0.036458333333333336
1 0.66015625 0.3580729166666667 0.03125 0.036458333333333336
1 0.6861979166666666 0.3606770833333333 0.0390625 0.026041666666666668
1 0.6666666666666666 0.3268229166666667 0.033854166666666664 0.03125
1 0.5807291666666666 0.4296875 0.0390625 0.028645833333333332
1 0.4075520833333333 0.39453125 0.033854166666666664 0.0234375
1 0.5533854166666666 0.4192708333333333 0.0234375 0.049479166666666664
1 0.4765625 0.4401041666666667 0.036458333333333336 0.0234375
1 0.7278645833333334 0.4622395833333333 0.0390625 0.026041666666666668