1 0.3880208333333333 0.4153645833333333 0.078125 0.06770833333333333
1 0.4778645833333333 0.4231770833333333 0.052083333333333336 0.07291666666666667
1 0.40234375 0.3880208333333333 0.06510416666666667 0.0546875
1 0.44140625 0.4140625 0.03125 0.026041666666666668
1 0.421875 0.5247395833333334 0.08072916666666667 0.06510416666666667
1 0.4036458333333333 0.4713541666666667 0.052083333333333336 0.08072916666666667
1 0.44921875 0.5013020833333334 0.046875 0.0625
1 0.5182291666666666 0.4908854166666667 0.052083333333333336 0.041666666666666664
1 0.4270833333333333 0.5611979166666666 0.0625 0.052083333333333336
1 0.3971354166666667 0.5169270833333334 0.059895833333333336 0.036458333333333336
1 0.4401041666666667 0.4427083333333333 0.059895833333333336 0.059895833333333336
1 0.5286458333333334 0.5338541666666666 0.044270833333333336 0.07291666666666667
1 0.4869791666666667 0.51953125 0.06510416666666667 0.059895833333333336
1 0.4583333333333333 0.3776041666666667 0.059895833333333336 0.08333333333333333
1 0.5065104166666666 0.5729166666666666 0.0625 0.052083333333333336
1 0.4791666666666667 0.5546875 0.06770833333333333 0.044270833333333336
1 0.4791666666666667 0.4609375 0.044270833333333336 0.0546875
1 0.5494791666666666 0.3736979166666667 0.09114583333333333 0.08072916666666667