1 0.5299479166666666 0.17838541666666666 0.046875 0.06510416666666667
1 0.23828125 0.26171875 0.052083333333333336 0.041666666666666664
1 0.5065104166666666 0.3346354166666667 0.0390625 0.052083333333333336
1 0.4192708333333333 0.5989583333333334 0.046875 0.057291666666666664
1 0.375 0.8033854166666666 0.059895833333333336 0.046875
1 0.640625 0.89453125 0.049479166666666664 0.0625
1 0.6471354166666666 0.8059895833333334 0.044270833333333336 0.06510416666666667
1 0.7213541666666666 0.578125 0.033854166666666664 0.0625
1 0.7109375 0.12890625 0.041666666666666664 0.0546875
1 0.7669270833333334 0.13671875 0.036458333333333336 0.052083333333333336
1 0.5989583333333334 0.6458333333333334 0.0390625 0.06770833333333333
1 0.671875 0.12760416666666666 0.0546875 0.036458333333333336
1 0.5065104166666666 0.55859375 0.041666666666666664 0.0625
1 0.39453125 0.73828125 0.046875 0.044270833333333336
1 0.6028645833333334 0.7994791666666666 0.041666666666666664 0.049479166666666664
1 0.7630208333333334 0.6484375 0.0390625 0.07291666666666667
1 0.6940104166666666 0.4661458333333333 0.041666666666666664 0.0703125
1 0.8151041666666666 0.5677083333333334 0.052083333333333336 0.041666666666666664
1 0.6028645833333334 0.14583333333333334 0.044270833333333336 0.033854166666666664
1 0.4453125 0.234375 0.0390625 0.06510416666666667
1 0.71484375 0.2721354166666667 0.057291666666666664 0.057291666666666664
1 0.6927083333333334 0.32421875 0.052083333333333336 0.041666666666666664
1 0.8138020833333334 0.5104166666666666 0.0390625 0.06510416666666667
1 0.5078125 0.609375 0.041666666666666664 0.0625
1 0.328125 0.7669270833333334 0.036458333333333336 0.049479166666666664
1 0.8463541666666666 0.4231770833333333 0.052083333333333336 0.041666666666666664
1 0.5377604166666666 0.7916666666666666 0.0390625 0.0625
1 0.61328125 0.6458333333333334 0.033854166666666664 0.08072916666666667
1 0.6236979166666666 0.07682291666666667 0.036458333333333336 0.057291666666666664
1 0.2669270833333333 0.6875 0.049479166666666664 0.046875
1 0.3111979166666667 0.7122395833333334 0.041666666666666664 0.049479166666666664
1 0.4140625 0.703125 0.059895833333333336 0.044270833333333336
1 0.4427083333333333 0.76953125 0.049479166666666664 0.049479166666666664
1 0.3619791666666667 0.7174479166666666 0.028645833333333332 0.046875
1 0.6197916666666666 0.7526041666666666 0.052083333333333336 0.06770833333333333
1 0.6497395833333334 0.7838541666666666 0.046875 0.0625
1 0.5299479166666666 0.045572916666666664 0.049479166666666664 0.059895833333333336
1 0.3606770833333333 0.3528645833333333 0.033854166666666664 0.057291666666666664
1 0.5390625 0.3098958333333333 0.028645833333333332 0.0546875
1 0.6796875 0.3489583333333333 0.0390625 0.06510416666666667
1 0.2265625 0.7578125 0.0390625 0.057291666666666664
1 0.4244791666666667 0.7447916666666666 0.028645833333333332 0.052083333333333336
1 0.5859375 0.6705729166666666 0.052083333333333336 0.049479166666666664
1 0.7447916666666666 0.55859375 0.044270833333333336 0.06510416666666667
1 0.7890625 0.17708333333333334 0.046875 0.0625
1 0.7369791666666666 0.13932291666666666 0.049479166666666664 0.0390625
1 0.6184895833333334 0.21875 0.052083333333333336 0.049479166666666664
1 0.5091145833333334 0.2838541666666667 0.052083333333333336 0.046875
1 0.4986979166666667 0.4908854166666667 0.041666666666666664 0.07291666666666667
1 0.3151041666666667 0.17317708333333334 0.057291666666666664 0.049479166666666664
1 0.19140625 0.20442708333333334 0.044270833333333336 0.052083333333333336
1 0.27734375 0.2565104166666667 0.044270833333333336 0.044270833333333336
1 0.33984375 0.7486979166666666 0.049479166666666664 0.057291666666666664
1 0.390625 0.7630208333333334 0.0546875 0.044270833333333336
1 0.5768229166666666 0.734375 0.041666666666666664 0.0546875
1 0.6966145833333334 0.6588541666666666 0.046875 0.0546875
1 0.7838541666666666 0.7526041666666666 0.0390625 0.0546875
1 0.7486979166666666 0.12369791666666667 0.044270833333333336 0.059895833333333336