1 0.4973958333333333 0.4895833333333333 0.0078125 0.013020833333333334
1 0.3463541666666667 0.4388020833333333 0.018229166666666668 0.020833333333333332
1 0.4283854166666667 0.48828125 0.018229166666666668 0.026041666666666668
1 0.4609375 0.41796875 0.015625 0.010416666666666666
1 0.4765625 0.5182291666666666 0.018229166666666668 0.0234375
1 0.5182291666666666 0.515625 0.015625 0.010416666666666666
1 0.4518229166666667 0.5052083333333334 0.013020833333333334 0.010416666666666666
1 0.4244791666666667 0.5104166666666666 0.015625 0.013020833333333334
1 0.3450520833333333 0.4557291666666667 0.020833333333333332 0.015625
1 0.44140625 0.4440104166666667 0.015625 0.0234375
1 0.4765625 0.44921875 0.013020833333333334 0.020833333333333332
1 0.4908854166666667 0.4505208333333333 0.013020833333333334 0.018229166666666668
1 0.3893229166666667 0.4856770833333333 0.018229166666666668 0.0234375
1 0.4127604166666667 0.4700520833333333 0.018229166666666668 0.020833333333333332
1 0.4296875 0.4140625 0.0078125 0.018229166666666668
1 0.46484375 0.46484375 0.015625 0.018229166666666668
1 0.4661458333333333 0.43359375 0.013020833333333334 0.020833333333333332
1 0.4622395833333333 0.47265625 0.013020833333333334 0.020833333333333332
1 0.46875 0.4869791666666667 0.020833333333333332 0.018229166666666668
1 0.4401041666666667 0.41015625 0.010416666666666666 0.015625
1 0.4713541666666667 0.4361979166666667 0.018229166666666668 0.020833333333333332
1 0.4557291666666667 0.4479166666666667 0.015625 0.015625
1 0.4440104166666667 0.5130208333333334 0.020833333333333332 0.015625
1 0.4401041666666667 0.46484375 0.013020833333333334 0.0078125
1 0.44921875 0.47265625 0.010416666666666666 0.015625
1 0.4440104166666667 0.453125 0.015625 0.018229166666666668
1 0.4401041666666667 0.4921875 0.013020833333333334 0.015625
1 0.40625 0.421875 0.018229166666666668 0.026041666666666668
1 0.3854166666666667 0.4114583333333333 0.015625 0.018229166666666668
1 0.3971354166666667 0.4361979166666667 0.018229166666666668 0.020833333333333332
1 0.3580729166666667 0.46484375 0.015625 0.0234375
1 0.4049479166666667 0.4908854166666667 0.018229166666666668 0.0234375
1 0.3645833333333333 0.4778645833333333 0.018229166666666668 0.028645833333333332
1 0.32421875 0.4479166666666667 0.015625 0.015625
1 0.4348958333333333 0.4440104166666667 0.013020833333333334 0.020833333333333332
1 0.4661458333333333 0.4791666666666667 0.015625 0.018229166666666668
1 0.4244791666666667 0.4700520833333333 0.013020833333333334 0.018229166666666668
1 0.4895833333333333 0.52734375 0.018229166666666668 0.020833333333333332
1 0.4244791666666667 0.4908854166666667 0.018229166666666668 0.018229166666666668
1 0.42578125 0.44140625 0.015625 0.018229166666666668
1 0.42578125 0.4518229166666667 0.013020833333333334 0.018229166666666668
1 0.4153645833333333 0.48828125 0.013020833333333334 0.020833333333333332
1 0.45703125 0.45703125 0.020833333333333332 0.018229166666666668
1 0.4153645833333333 0.5234375 0.018229166666666668 0.0234375
1 0.37109375 0.453125 0.013020833333333334 0.013020833333333334
1 0.4440104166666667 0.4791666666666667 0.015625 0.020833333333333332