1 0.4296875 0.3854166666666667 0.015625 0.033854166666666664
1 0.4596354166666667 0.375 0.020833333333333332 0.015625
1 0.5208333333333334 0.3502604166666667 0.018229166666666668 0.0234375
1 0.3971354166666667 0.3658854166666667 0.020833333333333332 0.018229166666666668
1 0.5104166666666666 0.3984375 0.020833333333333332 0.018229166666666668
1 0.5403645833333334 0.16536458333333334 0.020833333333333332 0.015625
1 0.6106770833333334 0.3359375 0.018229166666666668 0.018229166666666668
1 0.6471354166666666 0.4244791666666667 0.020833333333333332 0.028645833333333332
1 0.5494791666666666 0.18098958333333334 0.026041666666666668 0.028645833333333332
1 0.55859375 0.3854166666666667 0.020833333333333332 0.015625
1 0.5703125 0.4348958333333333 0.020833333333333332 0.010416666666666666
1 0.5260416666666666 0.38671875 0.015625 0.020833333333333332
1 0.40234375 0.296875 0.020833333333333332 0.018229166666666668
1 0.23307291666666666 0.2890625 0.018229166666666668 0.0234375
1 0.6184895833333334 0.5338541666666666 0.018229166666666668 0.033854166666666664
1 0.52734375 0.21875 0.0234375 0.0234375
1 0.4322916666666667 0.2604166666666667 0.015625 0.028645833333333332
1 0.4986979166666667 0.17057291666666666 0.018229166666666668 0.028645833333333332
1 0.53125 0.40625 0.013020833333333334 0.0234375
1 0.4609375 0.2721354166666667 0.0234375 0.015625
1 0.4596354166666667 0.35546875 0.013020833333333334 0.03125
1 0.3763020833333333 0.2864583333333333 0.020833333333333332 0.0390625
1 0.58984375 0.453125 0.015625 0.0234375
1 0.5494791666666666 0.3411458333333333 0.015625 0.028645833333333332
1 0.5755208333333334 0.3580729166666667 0.018229166666666668 0.0234375
1 0.6419270833333334 0.4075520833333333 0.018229166666666668 0.03125
1 0.50390625 0.4205729166666667 0.0234375 0.03125
1 0.48046875 0.2591145833333333 0.018229166666666668 0.026041666666666668
1 0.6041666666666666 0.3528645833333333 0.018229166666666668 0.015625
1 0.4583333333333333 0.3880208333333333 0.018229166666666668 0.013020833333333334
1 0.4973958333333333 0.3736979166666667 0.020833333333333332 0.013020833333333334
1 0.38671875 0.23828125 0.020833333333333332 0.026041666666666668
1 0.4440104166666667 0.2721354166666667 0.013020833333333334 0.028645833333333332
1 0.5598958333333334 0.3203125 0.013020833333333334 0.028645833333333332
1 0.6119791666666666 0.3502604166666667 0.020833333333333332 0.015625
1 0.58203125 0.5325520833333334 0.020833333333333332 0.020833333333333332
1 0.5377604166666666 0.375 0.018229166666666668 0.028645833333333332
1 0.4830729166666667 0.3138020833333333 0.015625 0.018229166666666668
1 0.5859375 0.51953125 0.018229166666666668 0.028645833333333332
1 0.57421875 0.2994791666666667 0.015625 0.028645833333333332
1 0.4921875 0.3333333333333333 0.013020833333333334 0.026041666666666668
1 0.5026041666666666 0.3893229166666667 0.018229166666666668 0.018229166666666668
1 0.51953125 0.22526041666666666 0.03125 0.013020833333333334
1 0.58203125 0.24088541666666666 0.020833333333333332 0.03125
1 0.6080729166666666 0.4270833333333333 0.0234375 0.026041666666666668
1 0.46484375 0.3177083333333333 0.020833333333333332 0.028645833333333332
1 0.4765625 0.3203125 0.0234375 0.013020833333333334
1 0.4765625 0.33984375 0.018229166666666668 0.013020833333333334
1 0.5091145833333334 0.17838541666666666 0.013020833333333334 0.028645833333333332
1 0.4700520833333333 0.4791666666666667 0.026041666666666668 0.018229166666666668
1 0.5182291666666666 0.3736979166666667 0.015625 0.026041666666666668
1 0.3776041666666667 0.3645833333333333 0.013020833333333334 0.026041666666666668
1 0.5065104166666666 0.4440104166666667 0.015625 0.0234375
1 0.54296875 0.328125 0.026041666666666668 0.013020833333333334
1 0.4518229166666667 0.28515625 0.013020833333333334 0.026041666666666668
1 0.6471354166666666 0.3671875 0.018229166666666668 0.0234375
1 0.5963541666666666 0.5091145833333334 0.015625 0.028645833333333332
1 0.4895833333333333 0.22786458333333334 0.015625 0.028645833333333332
1 0.5299479166666666 0.2825520833333333 0.0234375 0.026041666666666668
1 0.6588541666666666 0.4309895833333333 0.018229166666666668 0.020833333333333332
1 0.44921875 0.3138020833333333 0.018229166666666668 0.03125
1 0.6223958333333334 0.34375 0.0234375 0.026041666666666668
1 0.4895833333333333 0.47265625 0.013020833333333334 0.026041666666666668
1 0.4244791666666667 0.2864583333333333 0.020833333333333332 0.013020833333333334
1 0.4700520833333333 0.515625 0.015625 0.033854166666666664
1 0.5338541666666666 0.4270833333333333 0.018229166666666668 0.026041666666666668
1 0.4973958333333333 0.4895833333333333 0.013020833333333334 0.03125
1 0.5768229166666666 0.4921875 0.018229166666666668 0.020833333333333332
1 0.546875 0.2747395833333333 0.018229166666666668 0.026041666666666668
1 0.6471354166666666 0.4466145833333333 0.015625 0.0234375
1 0.4609375 0.3020833333333333 0.015625 0.026041666666666668
1 0.4921875 0.4036458333333333 0.015625 0.020833333333333332
1 0.5143229166666666 0.3333333333333333 0.013020833333333334 0.026041666666666668
1 0.6263020833333334 0.44140625 0.0234375 0.010416666666666666
1 0.4466145833333333 0.3854166666666667 0.010416666666666666 0.033854166666666664
1 0.4830729166666667 0.5026041666666666 0.013020833333333334 0.026041666666666668
1 0.5651041666666666 0.26171875 0.0234375 0.013020833333333334
1 0.5872395833333334 0.4309895833333333 0.018229166666666668 0.0234375
1 0.5221354166666666 0.3098958333333333 0.010416666666666666 0.03125
1 0.5729166666666666 0.4622395833333333 0.010416666666666666 0.036458333333333336
1 0.4388020833333333 0.39453125 0.013020833333333334 0.028645833333333332
1 0.6263020833333334 0.4466145833333333 0.018229166666666668 0.010416666666666666
1 0.5625 0.4635416666666667 0.018229166666666668 0.026041666666666668