1 0.7864583333333334 0.3111979166666667 0.125 0.07291666666666667
1 0.62890625 0.24088541666666666 0.0703125 0.078125
1 0.9505208333333334 0.5846354166666666 0.08333333333333333 0.08072916666666667
1 0.4622395833333333 0.6640625 0.06510416666666667 0.07291666666666667
1 0.2994791666666667 0.1328125 0.0625 0.06770833333333333
1 0.2825520833333333 0.21223958333333334 0.059895833333333336 0.08854166666666667
1 0.796875 0.5026041666666666 0.09114583333333333 0.07291666666666667
1 0.37109375 0.4049479166666667 0.057291666666666664 0.08333333333333333
1 0.2747395833333333 0.63671875 0.09375 0.11197916666666667
1 0.3671875 0.0078125 0.046875 0.015625
1 0.3880208333333333 0.5755208333333334 0.044270833333333336 0.09635416666666667
1 0.6953125 0.48828125 0.044270833333333336 0.049479166666666664
1 0.70703125 0.7486979166666666 0.11458333333333333 0.06510416666666667
1 0.3528645833333333 0.66015625 0.1484375 0.06770833333333333
1 0.171875 0.6705729166666666 0.0390625 0.06770833333333333
1 0.34375 0.19661458333333334 0.0859375 0.1171875
1 0.4309895833333333 0.4453125 0.08333333333333333 0.10416666666666667
1 0.5208333333333334 0.6575520833333334 0.07291666666666667 0.09635416666666667
1 0.4635416666666667 0.60546875 0.036458333333333336 0.046875
1 0.5182291666666666 0.21354166666666666 0.08854166666666667 0.13802083333333334
1 0.2630208333333333 0.3828125 0.0703125 0.0703125
1 0.4622395833333333 0.4869791666666667 0.09114583333333333 0.08333333333333333
1 0.19791666666666666 0.6705729166666666 0.07552083333333333 0.1328125
1 0.21614583333333334 0.23046875 0.06770833333333333 0.1171875
1 0.6796875 0.70703125 0.11197916666666667 0.044270833333333336