1 0.40625 0.5494791666666666 0.03125 0.0625
1 0.4752604166666667 0.6171875 0.046875 0.0625
1 0.5559895833333334 0.5651041666666666 0.0546875 0.057291666666666664
1 0.10286458333333333 0.640625 0.052083333333333336 0.0625
1 0.14453125 0.8216145833333334 0.036458333333333336 0.07552083333333333
1 0.8515625 0.55078125 0.0625 0.036458333333333336
1 0.22005208333333334 0.6067708333333334 0.018229166666666668 0.0390625
1 0.66015625 0.2877604166666667 0.0546875 0.0390625
1 0.4309895833333333 0.24348958333333334 0.0390625 0.06510416666666667
1 0.34375 0.33984375 0.052083333333333336 0.0625
1 0.42578125 0.39453125 0.041666666666666664 0.0625
1 0.2708333333333333 0.5247395833333334 0.028645833333333332 0.07552083333333333
1 0.7083333333333334 0.3932291666666667 0.046875 0.041666666666666664
1 0.7447916666666666 0.5364583333333334 0.044270833333333336 0.0625
1 0.24479166666666666 0.8059895833333334 0.0546875 0.046875
1 0.33203125 0.6692708333333334 0.026041666666666668 0.06770833333333333
1 0.3919270833333333 0.7643229166666666 0.033854166666666664 0.07291666666666667
1 0.8216145833333334 0.7630208333333334 0.049479166666666664 0.0625
1 0.671875 0.24609375 0.049479166666666664 0.0625
1 0.12890625 0.3932291666666667 0.0625 0.041666666666666664
1 0.23567708333333334 0.4739583333333333 0.049479166666666664 0.06510416666666667
1 0.4036458333333333 0.3671875 0.052083333333333336 0.059895833333333336
1 0.3385416666666667 0.4388020833333333 0.0390625 0.06510416666666667
1 0.3984375 0.7278645833333334 0.03125 0.06510416666666667
1 0.8059895833333334 0.7083333333333334 0.0625 0.0703125
1 0.8854166666666666 0.6223958333333334 0.046875 0.0703125
1 0.19661458333333334 0.6653645833333334 0.046875 0.07291666666666667
1 0.17578125 0.796875 0.046875 0.046875
1 0.4010416666666667 0.6666666666666666 0.0546875 0.0546875
1 0.5755208333333334 0.6940104166666666 0.046875 0.036458333333333336
1 0.62890625 0.7213541666666666 0.0546875 0.046875
1 0.3033854166666667 0.546875 0.044270833333333336 0.057291666666666664
1 0.5208333333333334 0.6666666666666666 0.049479166666666664 0.0703125
1 0.14973958333333334 0.6354166666666666 0.03125 0.07291666666666667
1 0.28125 0.1015625 0.057291666666666664 0.07291666666666667
1 0.09375 0.3619791666666667 0.041666666666666664 0.044270833333333336
1 0.10026041666666667 0.5325520833333334 0.044270833333333336 0.0625
1 0.48828125 0.5013020833333334 0.03125 0.0859375
1 0.16927083333333334 0.7395833333333334 0.033854166666666664 0.0703125
1 0.390625 0.8111979166666666 0.057291666666666664 0.057291666666666664
1 0.3776041666666667 0.8645833333333334 0.052083333333333336 0.052083333333333336