1 0.2955729166666667 0.5546875 0.033854166666666664 0.052083333333333336
1 0.2669270833333333 0.5989583333333334 0.03125 0.0546875
1 0.4192708333333333 0.4205729166666667 0.020833333333333332 0.020833333333333332
1 0.4375 0.4713541666666667 0.020833333333333332 0.0546875
1 0.4830729166666667 0.39453125 0.03125 0.0625
1 0.24739583333333334 0.5963541666666666 0.033854166666666664 0.0546875
1 0.3671875 0.390625 0.033854166666666664 0.033854166666666664
1 0.4440104166666667 0.6640625 0.026041666666666668 0.052083333333333336
1 0.3971354166666667 0.5559895833333334 0.0234375 0.049479166666666664
1 0.296875 0.7083333333333334 0.0390625 0.03125
1 0.3958333333333333 0.2552083333333333 0.028645833333333332 0.052083333333333336
1 0.4114583333333333 0.3203125 0.03125 0.057291666666666664
1 0.2604166666666667 0.65625 0.028645833333333332 0.026041666666666668
1 0.34375 0.3658854166666667 0.036458333333333336 0.028645833333333332
1 0.4635416666666667 0.296875 0.026041666666666668 0.0625
1 0.3815104166666667 0.22916666666666666 0.033854166666666664 0.036458333333333336
1 0.41015625 0.4322916666666667 0.028645833333333332 0.0234375
1 0.3958333333333333 0.6640625 0.036458333333333336 0.046875
1 0.4583333333333333 0.5533854166666666 0.041666666666666664 0.0546875
1 0.5052083333333334 0.6276041666666666 0.028645833333333332 0.0546875
1 0.4518229166666667 0.39453125 0.036458333333333336 0.033854166666666664
1 0.4830729166666667 0.5559895833333334 0.03125 0.0546875
1 0.4700520833333333 0.4674479166666667 0.03125 0.049479166666666664
1 0.4583333333333333 0.4791666666666667 0.026041666666666668 0.036458333333333336
1 0.328125 0.6796875 0.036458333333333336 0.028645833333333332
1 0.48828125 0.6028645833333334 0.018229166666666668 0.044270833333333336
1 0.3697916666666667 0.7526041666666666 0.036458333333333336 0.033854166666666664
1 0.4231770833333333 0.7395833333333334 0.018229166666666668 0.0390625
1 0.37890625 0.5377604166666666 0.03125 0.033854166666666664
1 0.34375 0.5794270833333334 0.036458333333333336 0.033854166666666664