0 0.16015625 0.5716145833333334 0.20052083333333334 0.21614583333333334
0 0.6549479166666666 0.37890625 0.171875 0.20833333333333334
0 0.55078125 0.12109375 0.15364583333333334 0.21875
0 0.8619791666666666 0.4361979166666667 0.171875 0.17447916666666666
0 0.7604166666666666 0.3893229166666667 0.15364583333333334 0.140625
0 0.3802083333333333 0.15625 0.1640625 0.21875
0 0.609375 0.49609375 0.14322916666666666 0.17447916666666666
0 0.7838541666666666 0.48828125 0.15104166666666666 0.1328125
0 0.765625 0.70703125 0.171875 0.18489583333333334
0 0.6692708333333334 0.8645833333333334 0.140625 0.15104166666666666
0 0.4049479166666667 0.06380208333333333 0.1796875 0.12760416666666666
0 0.6236979166666666 0.59375 0.15885416666666666 0.18489583333333334
0 0.6640625 0.7565104166666666 0.1484375 0.13802083333333334