1 0.3919270833333333 0.78515625 0.041666666666666664 0.0703125
1 0.53515625 0.578125 0.041666666666666664 0.07291666666666667
1 0.5052083333333334 0.3567708333333333 0.0390625 0.06770833333333333
1 0.4127604166666667 0.66015625 0.044270833333333336 0.057291666666666664
1 0.6145833333333334 0.3763020833333333 0.046875 0.057291666666666664
1 0.5403645833333334 0.75390625 0.0546875 0.0390625
1 0.5390625 0.4479166666666667 0.057291666666666664 0.049479166666666664
1 0.7408854166666666 0.4283854166666667 0.0703125 0.049479166666666664
1 0.4674479166666667 0.4856770833333333 0.049479166666666664 0.049479166666666664
1 0.5911458333333334 0.6419270833333334 0.041666666666666664 0.07552083333333333
1 0.50390625 0.66015625 0.033854166666666664 0.07552083333333333
1 0.5247395833333334 0.7018229166666666 0.0625 0.0390625
1 0.5625 0.6575520833333334 0.059895833333333336 0.0390625
1 0.5299479166666666 0.6484375 0.046875 0.06510416666666667
1 0.4127604166666667 0.703125 0.046875 0.052083333333333336
1 0.484375 0.6197916666666666 0.06510416666666667 0.049479166666666664
1 0.4869791666666667 0.77734375 0.049479166666666664 0.06770833333333333
1 0.4049479166666667 0.4856770833333333 0.0546875 0.044270833333333336
1 0.4375 0.4518229166666667 0.06510416666666667 0.041666666666666664
1 0.6119791666666666 0.4166666666666667 0.06770833333333333 0.044270833333333336
1 0.5794270833333334 0.4817708333333333 0.049479166666666664 0.03125
1 0.3984375 0.5807291666666666 0.052083333333333336 0.06510416666666667
1 0.6067708333333334 0.47265625 0.057291666666666664 0.044270833333333336
1 0.6432291666666666 0.5403645833333334 0.033854166666666664 0.059895833333333336