1 0.6588541666666666 0.6393229166666666 0.033854166666666664 0.049479166666666664
1 0.6653645833333334 0.69140625 0.028645833333333332 0.0546875
1 0.6080729166666666 0.46484375 0.020833333333333332 0.020833333333333332
1 0.5690104166666666 0.5013020833333334 0.020833333333333332 0.0546875
1 0.5611979166666666 0.4127604166666667 0.028645833333333332 0.0625
1 0.6848958333333334 0.6979166666666666 0.033854166666666664 0.0546875
1 0.6666666666666666 0.4596354166666667 0.03125 0.03125
1 0.4778645833333333 0.671875 0.0234375 0.052083333333333336
1 0.5677083333333334 0.5950520833333334 0.0234375 0.049479166666666664
1 0.5911458333333334 0.7760416666666666 0.0390625 0.028645833333333332
1 0.7005208333333334 0.3255208333333333 0.026041666666666668 0.052083333333333336
1 0.6575520833333334 0.3763020833333333 0.03125 0.057291666666666664
1 0.6458333333333334 0.7447916666666666 0.028645833333333332 0.026041666666666668
1 0.69921875 0.4479166666666667 0.033854166666666664 0.026041666666666668
1 0.6223958333333334 0.3333333333333333 0.0234375 0.0625
1 0.7252604166666666 0.30859375 0.033854166666666664 0.036458333333333336
1 0.6106770833333334 0.4778645833333333 0.026041666666666668 0.0234375
1 0.5208333333333334 0.6940104166666666 0.036458333333333336 0.044270833333333336
1 0.5143229166666666 0.5651041666666666 0.0390625 0.052083333333333336
1 0.4388020833333333 0.6119791666666666 0.026041666666666668 0.0546875
1 0.58984375 0.42578125 0.036458333333333336 0.03125
1 0.4908854166666667 0.5572916666666666 0.028645833333333332 0.0546875
1 0.5403645833333334 0.4830729166666667 0.03125 0.049479166666666664
1 0.546875 0.4986979166666667 0.0234375 0.036458333333333336
1 0.5755208333333334 0.7369791666666666 0.036458333333333336 0.026041666666666668
1 0.4661458333333333 0.59765625 0.018229166666666668 0.044270833333333336
1 0.5065104166666666 0.7838541666666666 0.036458333333333336 0.033854166666666664
1 0.46484375 0.7486979166666666 0.018229166666666668 0.0390625
1 0.5924479166666666 0.5872395833333334 0.028645833333333332 0.033854166666666664
1 0.60546875 0.6393229166666666 0.033854166666666664 0.033854166666666664