1 0.4583333333333333 0.27734375 0.057291666666666664 0.052083333333333336
1 0.24479166666666666 0.56640625 0.06510416666666667 0.028645833333333332
1 0.24869791666666666 0.4375 0.036458333333333336 0.026041666666666668
1 0.6640625 0.7317708333333334 0.0546875 0.020833333333333332
1 0.40234375 0.375 0.044270833333333336 0.03125
1 0.37109375 0.3854166666666667 0.052083333333333336 0.03125
1 0.7669270833333334 0.4479166666666667 0.057291666666666664 0.028645833333333332
1 0.4466145833333333 0.4934895833333333 0.07552083333333333 0.028645833333333332
1 0.4557291666666667 0.4479166666666667 0.07291666666666667 0.028645833333333332
1 0.24088541666666666 0.23697916666666666 0.07291666666666667 0.036458333333333336
1 0.109375 0.5052083333333334 0.07552083333333333 0.028645833333333332
1 0.5598958333333334 0.3606770833333333 0.059895833333333336 0.028645833333333332
1 0.7630208333333334 0.47265625 0.044270833333333336 0.026041666666666668
1 0.4583333333333333 0.3255208333333333 0.046875 0.03125
1 0.828125 0.55859375 0.0703125 0.0390625
1 0.041666666666666664 0.4973958333333333 0.0625 0.020833333333333332
1 0.7213541666666666 0.4869791666666667 0.036458333333333336 0.036458333333333336
1 0.9283854166666666 0.61328125 0.078125 0.026041666666666668
1 0.3020833333333333 0.44140625 0.0390625 0.03125
1 0.5221354166666666 0.6822916666666666 0.0234375 0.0234375
1 0.3971354166666667 0.4635416666666667 0.044270833333333336 0.041666666666666664
1 0.3880208333333333 0.3763020833333333 0.033854166666666664 0.026041666666666668
1 0.5625 0.2864583333333333 0.057291666666666664 0.049479166666666664
1 0.265625 0.68359375 0.028645833333333332 0.028645833333333332
1 0.5729166666666666 0.3372395833333333 0.0625 0.036458333333333336
1 0.59375 0.7278645833333334 0.06510416666666667 0.028645833333333332
1 0.24869791666666666 0.4622395833333333 0.052083333333333336 0.033854166666666664
1 0.78125 0.546875 0.044270833333333336 0.0234375
1 0.703125 0.5338541666666666 0.057291666666666664 0.036458333333333336
1 0.7994791666666666 0.6575520833333334 0.049479166666666664 0.044270833333333336
1 0.2799479166666667 0.4296875 0.044270833333333336 0.013020833333333334
1 0.50390625 0.2955729166666667 0.07291666666666667 0.044270833333333336
1 0.16536458333333334 0.44921875 0.06770833333333333 0.033854166666666664
1 0.328125 0.18359375 0.06770833333333333 0.036458333333333336
1 0.5078125 0.34765625 0.0859375 0.033854166666666664
1 0.7486979166666666 0.5416666666666666 0.057291666666666664 0.041666666666666664
1 0.7604166666666666 0.6236979166666666 0.06510416666666667 0.026041666666666668