1 0.3606770833333333 0.41796875 0.07552083333333333 0.0859375
1 0.5559895833333334 0.3815104166666667 0.08072916666666667 0.08854166666666667
1 0.3697916666666667 0.359375 0.06770833333333333 0.08333333333333333
1 0.4088541666666667 0.5091145833333334 0.07291666666666667 0.1015625
1 0.875 0.6783854166666666 0.08333333333333333 0.1015625
1 0.3424479166666667 0.07421875 0.06510416666666667 0.10416666666666667
1 0.421875 0.5325520833333334 0.057291666666666664 0.078125
1 0.4401041666666667 0.6341145833333334 0.09375 0.1015625
1 0.4609375 0.5403645833333334 0.08333333333333333 0.0859375
1 0.40625 0.5794270833333334 0.059895833333333336 0.0625
1 0.33203125 0.6875 0.078125 0.078125