1 0.37109375 0.3489583333333333 0.0390625 0.11458333333333333
1 0.3880208333333333 0.25390625 0.07291666666666667 0.12239583333333333
1 0.9036458333333334 0.3893229166666667 0.049479166666666664 0.078125
1 0.40234375 0.5833333333333334 0.07291666666666667 0.0859375
1 0.5026041666666666 0.09505208333333333 0.049479166666666664 0.057291666666666664
1 0.8815104166666666 0.24348958333333334 0.059895833333333336 0.0546875
1 0.5 0.41015625 0.0703125 0.1015625
1 0.4739583333333333 0.9739583333333334 0.06770833333333333 0.052083333333333336
1 0.3880208333333333 0.4518229166666667 0.06510416666666667 0.09895833333333333
1 0.30078125 0.23828125 0.0859375 0.08333333333333333
1 0.3736979166666667 0.51953125 0.078125 0.059895833333333336
1 0.8736979166666666 0.2994791666666667 0.026041666666666668 0.0546875
1 0.5364583333333334 0.21744791666666666 0.041666666666666664 0.12239583333333333
1 0.33984375 0.81640625 0.09635416666666667 0.07552083333333333
1 0.484375 0.17057291666666666 0.07552083333333333 0.1015625
1 0.8723958333333334 0.18489583333333334 0.057291666666666664 0.041666666666666664
1 0.4088541666666667 0.80859375 0.06510416666666667 0.1484375
1 0.484375 0.2421875 0.07291666666666667 0.0859375
1 0.8528645833333334 0.16276041666666666 0.052083333333333336 0.028645833333333332
1 0.7005208333333334 0.6145833333333334 0.06770833333333333 0.1171875
1 0.76953125 0.3255208333333333 0.044270833333333336 0.10416666666666667
1 0.37109375 0.7330729166666666 0.0546875 0.109375
1 0.6236979166666666 0.14973958333333334 0.046875 0.109375
1 0.9713541666666666 0.3333333333333333 0.0390625 0.109375
1 0.5690104166666666 0.19921875 0.049479166666666664 0.13020833333333334
1 0.6953125 0.26171875 0.06770833333333333 0.09895833333333333
1 0.74609375 0.265625 0.07291666666666667 0.125
1 0.8802083333333334 0.4622395833333333 0.033854166666666664 0.078125
1 0.85546875 0.359375 0.08072916666666667 0.07552083333333333
1 0.3489583333333333 0.59765625 0.08072916666666667 0.1171875
1 0.9153645833333334 0.3190104166666667 0.03125 0.08072916666666667
1 0.96875 0.4309895833333333 0.057291666666666664 0.052083333333333336
1 0.4661458333333333 0.8671875 0.08854166666666667 0.109375
1 0.8111979166666666 0.35546875 0.06510416666666667 0.10677083333333333
1 0.8151041666666666 0.3020833333333333 0.06770833333333333 0.044270833333333336
1 0.3723958333333333 0.11848958333333333 0.06770833333333333 0.1171875
1 0.4609375 0.15364583333333334 0.049479166666666664 0.046875
1 0.8046875 0.21354166666666666 0.08333333333333333 0.07291666666666667
1 0.4674479166666667 0.546875 0.0625 0.14583333333333334
1 0.36328125 0.21484375 0.0703125 0.10416666666666667
1 0.890625 0.15104166666666666 0.0546875 0.049479166666666664
1 0.4010416666666667 0.7278645833333334 0.0625 0.1328125
1 0.921875 0.20182291666666666 0.041666666666666664 0.033854166666666664
1 0.671875 0.1328125 0.078125 0.0859375
1 0.5924479166666666 0.15104166666666666 0.041666666666666664 0.13541666666666666
1 0.4010416666666667 0.109375 0.046875 0.08072916666666667
1 0.3502604166666667 0.8893229166666666 0.046875 0.12239583333333333
1 0.9375 0.25 0.052083333333333336 0.052083333333333336
1 0.4166666666666667 0.15494791666666666 0.049479166666666664 0.08854166666666667
1 0.7252604166666666 0.17447916666666666 0.06770833333333333 0.07291666666666667
1 0.8932291666666666 0.3033854166666667 0.0234375 0.06510416666666667
1 0.7122395833333334 0.13802083333333334 0.0625 0.08333333333333333
1 0.4231770833333333 0.10677083333333333 0.03125 0.049479166666666664