1 0.3854166666666667 0.42578125 0.0625 0.036458333333333336
1 0.5885416666666666 0.60546875 0.08333333333333333 0.059895833333333336
1 0.5221354166666666 0.5091145833333334 0.0859375 0.044270833333333336
1 0.73828125 0.41796875 0.0703125 0.036458333333333336
1 0.34765625 0.5768229166666666 0.07552083333333333 0.049479166666666664
1 0.296875 0.4140625 0.08854166666666667 0.07552083333333333
1 0.4466145833333333 0.5755208333333334 0.041666666666666664 0.07291666666666667
1 0.4166666666666667 0.4609375 0.052083333333333336 0.057291666666666664
1 0.49609375 0.6197916666666666 0.08072916666666667 0.052083333333333336
1 0.3229166666666667 0.52734375 0.07291666666666667 0.036458333333333336
1 0.46484375 0.4674479166666667 0.07291666666666667 0.052083333333333336