1 0.5651041666666666 0.609375 0.015625 0.028645833333333332
1 0.5846354166666666 0.6705729166666666 0.018229166666666668 0.0234375
1 0.5716145833333334 0.6276041666666666 0.015625 0.020833333333333332
1 0.5455729166666666 0.6276041666666666 0.020833333333333332 0.020833333333333332
1 0.5690104166666666 0.5416666666666666 0.013020833333333334 0.03125
1 0.5234375 0.5130208333333334 0.018229166666666668 0.033854166666666664
1 0.515625 0.5169270833333334 0.015625 0.020833333333333332
1 0.5377604166666666 0.5130208333333334 0.018229166666666668 0.020833333333333332
1 0.5377604166666666 0.48046875 0.0234375 0.015625
1 0.5559895833333334 0.4752604166666667 0.0234375 0.0234375
1 0.5481770833333334 0.421875 0.020833333333333332 0.020833333333333332
1 0.5286458333333334 0.4427083333333333 0.020833333333333332 0.0234375
1 0.5559895833333334 0.4231770833333333 0.020833333333333332 0.028645833333333332
1 0.515625 0.3893229166666667 0.013020833333333334 0.013020833333333334
1 0.5260416666666666 0.37109375 0.018229166666666668 0.020833333333333332
1 0.4505208333333333 0.3307291666666667 0.026041666666666668 0.036458333333333336
1 0.4583333333333333 0.35546875 0.020833333333333332 0.033854166666666664
1 0.4921875 0.3385416666666667 0.018229166666666668 0.026041666666666668
1 0.5143229166666666 0.3541666666666667 0.026041666666666668 0.020833333333333332
1 0.5 0.3294270833333333 0.015625 0.03125
1 0.4700520833333333 0.2604166666666667 0.020833333333333332 0.03125
1 0.4375 0.21223958333333334 0.018229166666666668 0.015625
1 0.5455729166666666 0.4895833333333333 0.018229166666666668 0.028645833333333332
1 0.6822916666666666 0.9244791666666666 0.026041666666666668 0.018229166666666668
1 0.5546875 0.61328125 0.020833333333333332 0.028645833333333332
1 0.5598958333333334 0.6067708333333334 0.0234375 0.036458333333333336
1 0.5221354166666666 0.6171875 0.026041666666666668 0.028645833333333332
1 0.5390625 0.5911458333333334 0.018229166666666668 0.03125
1 0.5299479166666666 0.5208333333333334 0.018229166666666668 0.033854166666666664
1 0.5559895833333334 0.5260416666666666 0.020833333333333332 0.026041666666666668
1 0.5611979166666666 0.5091145833333334 0.018229166666666668 0.036458333333333336
1 0.4921875 0.42578125 0.0234375 0.03125
1 0.4908854166666667 0.46484375 0.028645833333333332 0.020833333333333332
1 0.5247395833333334 0.3932291666666667 0.020833333333333332 0.026041666666666668
1 0.4947916666666667 0.4075520833333333 0.018229166666666668 0.020833333333333332
1 0.4388020833333333 0.3268229166666667 0.018229166666666668 0.0234375
1 0.4427083333333333 0.3736979166666667 0.018229166666666668 0.036458333333333336
1 0.4791666666666667 0.34375 0.020833333333333332 0.020833333333333332
1 0.48046875 0.3307291666666667 0.020833333333333332 0.018229166666666668
1 0.5078125 0.3072916666666667 0.0234375 0.026041666666666668
1 0.4583333333333333 0.26953125 0.0234375 0.0390625
1 0.4453125 0.23958333333333334 0.015625 0.03125
1 0.5651041666666666 0.6549479166666666 0.026041666666666668 0.0234375
1 0.5494791666666666 0.5807291666666666 0.015625 0.028645833333333332
1 0.5807291666666666 0.6067708333333334 0.0234375 0.0234375
1 0.48046875 0.5286458333333334 0.015625 0.018229166666666668
1 0.5130208333333334 0.5026041666666666 0.015625 0.03125
1 0.515625 0.4973958333333333 0.013020833333333334 0.026041666666666668
1 0.4401041666666667 0.4192708333333333 0.0234375 0.028645833333333332
1 0.515625 0.4752604166666667 0.020833333333333332 0.018229166666666668
1 0.546875 0.4674479166666667 0.026041666666666668 0.018229166666666668
1 0.52734375 0.4505208333333333 0.018229166666666668 0.020833333333333332
1 0.51171875 0.4010416666666667 0.020833333333333332 0.036458333333333336
1 0.4713541666666667 0.3567708333333333 0.020833333333333332 0.020833333333333332
1 0.51171875 0.3424479166666667 0.018229166666666668 0.020833333333333332
1 0.4388020833333333 0.30859375 0.0234375 0.026041666666666668
1 0.4375 0.18489583333333334 0.020833333333333332 0.033854166666666664
1 0.5807291666666666 0.6536458333333334 0.020833333333333332 0.020833333333333332
1 0.5598958333333334 0.6341145833333334 0.018229166666666668 0.026041666666666668
1 0.5716145833333334 0.63671875 0.020833333333333332 0.026041666666666668
1 0.5872395833333334 0.6354166666666666 0.026041666666666668 0.03125
1 0.5677083333333334 0.578125 0.018229166666666668 0.026041666666666668
1 0.4739583333333333 0.484375 0.0234375 0.026041666666666668
1 0.52734375 0.4817708333333333 0.013020833333333334 0.020833333333333332
1 0.5390625 0.4947916666666667 0.020833333333333332 0.0234375
1 0.5416666666666666 0.4348958333333333 0.018229166666666668 0.015625
1 0.5247395833333334 0.42578125 0.020833333333333332 0.028645833333333332
1 0.5338541666666666 0.4140625 0.020833333333333332 0.026041666666666668
1 0.5416666666666666 0.40625 0.026041666666666668 0.0234375
1 0.5390625 0.3815104166666667 0.020833333333333332 0.028645833333333332
1 0.4609375 0.3776041666666667 0.020833333333333332 0.0390625
1 0.4934895833333333 0.3671875 0.020833333333333332 0.033854166666666664
1 0.5130208333333334 0.3346354166666667 0.020833333333333332 0.026041666666666668
1 0.5651041666666666 0.5846354166666666 0.013020833333333334 0.0234375
1 0.57421875 0.7213541666666666 0.018229166666666668 0.018229166666666668
1 0.58203125 0.7135416666666666 0.020833333333333332 0.028645833333333332
1 0.5885416666666666 0.6510416666666666 0.018229166666666668 0.0234375
1 0.5442708333333334 0.58203125 0.015625 0.028645833333333332
1 0.55078125 0.5416666666666666 0.018229166666666668 0.033854166666666664
1 0.5455729166666666 0.55859375 0.015625 0.03125
1 0.53125 0.55078125 0.015625 0.018229166666666668
1 0.5416666666666666 0.5338541666666666 0.015625 0.03125
1 0.5442708333333334 0.515625 0.015625 0.026041666666666668
1 0.5677083333333334 0.4869791666666667 0.026041666666666668 0.0234375
1 0.5494791666666666 0.4505208333333333 0.020833333333333332 0.020833333333333332
1 0.515625 0.4583333333333333 0.020833333333333332 0.03125
1 0.4973958333333333 0.39453125 0.018229166666666668 0.015625
1 0.5130208333333334 0.3658854166666667 0.018229166666666668 0.026041666666666668
1 0.5104166666666666 0.37890625 0.026041666666666668 0.020833333333333332
1 0.4322916666666667 0.3515625 0.020833333333333332 0.020833333333333332
1 0.5013020833333334 0.359375 0.018229166666666668 0.03125
1 0.5091145833333334 0.2903645833333333 0.0234375 0.020833333333333332
1 0.5104166666666666 0.26953125 0.026041666666666668 0.036458333333333336
1 0.4583333333333333 0.23828125 0.0234375 0.0234375
1 0.4557291666666667 0.19921875 0.020833333333333332 0.033854166666666664
1 0.453125 0.1640625 0.026041666666666668 0.026041666666666668
1 0.546875 0.7018229166666666 0.0234375 0.03125
1 0.5911458333333334 0.7161458333333334 0.018229166666666668 0.015625
1 0.5533854166666666 0.6380208333333334 0.013020833333333334 0.0234375
1 0.55859375 0.640625 0.0078125 0.015625
1 0.5625 0.6263020833333334 0.0234375 0.026041666666666668
1 0.5625 0.5911458333333334 0.013020833333333334 0.0234375
1 0.57421875 0.5989583333333334 0.020833333333333332 0.0234375
1 0.4453125 0.4557291666666667 0.015625 0.028645833333333332
1 0.5520833333333334 0.4947916666666667 0.020833333333333332 0.03125
1 0.5091145833333334 0.4479166666666667 0.013020833333333334 0.03125
1 0.5572916666666666 0.4361979166666667 0.0234375 0.028645833333333332
1 0.5130208333333334 0.4205729166666667 0.018229166666666668 0.028645833333333332
1 0.5260416666666666 0.41796875 0.020833333333333332 0.03125
1 0.55078125 0.3802083333333333 0.018229166666666668 0.033854166666666664
1 0.4427083333333333 0.3450520833333333 0.0234375 0.036458333333333336
1 0.4895833333333333 0.3059895833333333 0.026041666666666668 0.028645833333333332
1 0.4440104166666667 0.19401041666666666 0.018229166666666668 0.033854166666666664
1 0.5963541666666666 0.6705729166666666 0.015625 0.026041666666666668
1 0.546875 0.6458333333333334 0.018229166666666668 0.020833333333333332
1 0.5651041666666666 0.546875 0.015625 0.033854166666666664
1 0.55859375 0.546875 0.015625 0.03125
1 0.53125 0.5416666666666666 0.0234375 0.028645833333333332
1 0.5013020833333334 0.51953125 0.015625 0.026041666666666668
1 0.52734375 0.4921875 0.018229166666666668 0.03125
1 0.5625 0.4635416666666667 0.020833333333333332 0.028645833333333332
1 0.5403645833333334 0.4583333333333333 0.020833333333333332 0.026041666666666668
1 0.5078125 0.4309895833333333 0.015625 0.03125
1 0.4713541666666667 0.31640625 0.0234375 0.033854166666666664
1 0.5221354166666666 0.3229166666666667 0.020833333333333332 0.036458333333333336
1 0.5286458333333334 0.3111979166666667 0.013020833333333334 0.026041666666666668
1 0.4283854166666667 0.2916666666666667 0.020833333333333332 0.028645833333333332
1 0.453125 0.22395833333333334 0.028645833333333332 0.03125
1 0.5807291666666666 0.7005208333333334 0.015625 0.0234375
1 0.5598958333333334 0.6966145833333334 0.026041666666666668 0.033854166666666664
1 0.5885416666666666 0.6940104166666666 0.020833333333333332 0.03125
1 0.53125 0.5677083333333334 0.015625 0.026041666666666668
1 0.5559895833333334 0.5690104166666666 0.015625 0.028645833333333332
1 0.48046875 0.55078125 0.020833333333333332 0.020833333333333332
1 0.4895833333333333 0.5338541666666666 0.018229166666666668 0.036458333333333336
1 0.4817708333333333 0.4921875 0.020833333333333332 0.020833333333333332