1 0.5651041666666666 0.4817708333333333 0.028645833333333332 0.0546875
1 0.5729166666666666 0.5833333333333334 0.036458333333333336 0.041666666666666664
1 0.5703125 0.609375 0.033854166666666664 0.046875
1 0.55078125 0.5221354166666666 0.046875 0.020833333333333332
1 0.61328125 0.5442708333333334 0.046875 0.0625
1 0.4830729166666667 0.3658854166666667 0.036458333333333336 0.0703125
1 0.5338541666666666 0.4856770833333333 0.041666666666666664 0.020833333333333332
1 0.5794270833333334 0.6666666666666666 0.013020833333333334 0.078125
1 0.6119791666666666 0.62890625 0.046875 0.052083333333333336
1 0.5325520833333334 0.50390625 0.041666666666666664 0.026041666666666668
1 0.5078125 0.5013020833333334 0.0234375 0.052083333333333336
1 0.5416666666666666 0.53515625 0.026041666666666668 0.03125
1 0.5377604166666666 0.5546875 0.026041666666666668 0.036458333333333336
1 0.5768229166666666 0.5455729166666666 0.028645833333333332 0.041666666666666664
1 0.609375 0.5924479166666666 0.036458333333333336 0.052083333333333336
1 0.5625 0.6783854166666666 0.0234375 0.0703125
1 0.54296875 0.609375 0.026041666666666668 0.052083333333333336
1 0.6002604166666666 0.671875 0.033854166666666664 0.046875
1 0.5572916666666666 0.5572916666666666 0.03125 0.059895833333333336
1 0.51953125 0.4036458333333333 0.041666666666666664 0.057291666666666664