1 0.5481770833333334 0.2825520833333333 0.028645833333333332 0.033854166666666664
1 0.4505208333333333 0.34765625 0.049479166666666664 0.0234375
1 0.359375 0.3606770833333333 0.03125 0.03125
1 0.3294270833333333 0.3958333333333333 0.033854166666666664 0.026041666666666668
1 0.6432291666666666 0.3203125 0.03125 0.036458333333333336
1 0.5768229166666666 0.3802083333333333 0.041666666666666664 0.020833333333333332
1 0.5729166666666666 0.4036458333333333 0.033854166666666664 0.020833333333333332
1 0.4505208333333333 0.5807291666666666 0.049479166666666664 0.026041666666666668
1 0.8815104166666666 0.006510416666666667 0.044270833333333336 0.013020833333333334
1 0.4010416666666667 0.3411458333333333 0.044270833333333336 0.033854166666666664
1 0.62890625 0.3229166666666667 0.033854166666666664 0.033854166666666664
1 0.6875 0.4361979166666667 0.044270833333333336 0.033854166666666664
1 0.4609375 0.4505208333333333 0.033854166666666664 0.03125
1 0.7109375 0.2591145833333333 0.052083333333333336 0.028645833333333332
1 0.5989583333333334 0.24869791666666666 0.036458333333333336 0.03125
1 0.3111979166666667 0.3919270833333333 0.028645833333333332 0.026041666666666668
1 0.4140625 0.4231770833333333 0.049479166666666664 0.018229166666666668
1 0.5729166666666666 0.3567708333333333 0.026041666666666668 0.028645833333333332
1 0.4778645833333333 0.4544270833333333 0.036458333333333336 0.028645833333333332
1 0.4947916666666667 0.4322916666666667 0.052083333333333336 0.026041666666666668
1 0.5403645833333334 0.43359375 0.041666666666666664 0.0234375
1 0.22526041666666666 0.5130208333333334 0.026041666666666668 0.026041666666666668
1 0.23177083333333334 0.5221354166666666 0.0546875 0.018229166666666668
1 0.7825520833333334 0.1875 0.044270833333333336 0.03125
1 0.62890625 0.3424479166666667 0.028645833333333332 0.028645833333333332
1 0.61328125 0.3411458333333333 0.015625 0.028645833333333332
1 0.546875 0.3841145833333333 0.036458333333333336 0.0390625
1 0.6236979166666666 0.4700520833333333 0.044270833333333336 0.036458333333333336
1 0.2747395833333333 0.5169270833333334 0.028645833333333332 0.03125
1 0.60546875 0.140625 0.03125 0.026041666666666668
1 0.7473958333333334 0.17578125 0.041666666666666664 0.026041666666666668
1 0.5052083333333334 0.28125 0.052083333333333336 0.026041666666666668
1 0.4388020833333333 0.3111979166666667 0.044270833333333336 0.028645833333333332
1 0.66015625 0.3138020833333333 0.036458333333333336 0.028645833333333332
1 0.5989583333333334 0.3580729166666667 0.036458333333333336 0.020833333333333332
1 0.5989583333333334 0.4088541666666667 0.033854166666666664 0.026041666666666668
1 0.66015625 0.4401041666666667 0.033854166666666664 0.03125
1 0.5182291666666666 0.4401041666666667 0.0390625 0.0234375
1 0.22395833333333334 0.5338541666666666 0.052083333333333336 0.015625
1 0.4140625 0.2643229166666667 0.052083333333333336 0.026041666666666668
1 0.48046875 0.3098958333333333 0.033854166666666664 0.03125
1 0.3111979166666667 0.33203125 0.044270833333333336 0.028645833333333332
1 0.5533854166666666 0.3307291666666667 0.033854166666666664 0.0234375
1 0.5846354166666666 0.34375 0.046875 0.028645833333333332
1 0.5572916666666666 0.3606770833333333 0.020833333333333332 0.03125
1 0.6171875 0.4075520833333333 0.036458333333333336 0.033854166666666664
1 0.6419270833333334 0.3984375 0.046875 0.028645833333333332
1 0.2981770833333333 0.4049479166666667 0.041666666666666664 0.015625
1 0.671875 0.17317708333333334 0.041666666666666664 0.026041666666666668
1 0.6236979166666666 0.24869791666666666 0.044270833333333336 0.028645833333333332
1 0.6002604166666666 0.2760416666666667 0.044270833333333336 0.0234375
1 0.59765625 0.2890625 0.041666666666666664 0.028645833333333332
1 0.3828125 0.2981770833333333 0.0546875 0.026041666666666668
1 0.421875 0.3229166666666667 0.057291666666666664 0.0234375
1 0.3151041666666667 0.4114583333333333 0.03125 0.033854166666666664
1 0.6484375 0.4544270833333333 0.049479166666666664 0.026041666666666668
1 0.55078125 0.4466145833333333 0.046875 0.0234375
1 0.24348958333333334 0.4921875 0.033854166666666664 0.033854166666666664
1 0.7213541666666666 0.24739583333333334 0.028645833333333332 0.026041666666666668
1 0.58984375 0.3268229166666667 0.036458333333333336 0.020833333333333332
1 0.6796875 0.42578125 0.028645833333333332 0.036458333333333336
1 0.4388020833333333 0.4296875 0.041666666666666664 0.028645833333333332
1 0.38671875 0.4869791666666667 0.052083333333333336 0.026041666666666668
1 0.6002604166666666 0.5169270833333334 0.0703125 0.026041666666666668