1 0.34765625 0.24869791666666666 0.1015625 0.0703125
1 0.32421875 0.43359375 0.06770833333333333 0.08333333333333333
1 0.48046875 0.40625 0.09375 0.09114583333333333
1 0.2916666666666667 0.20963541666666666 0.08854166666666667 0.08854166666666667
1 0.5677083333333334 0.65234375 0.078125 0.07552083333333333
1 0.4765625 0.7434895833333334 0.12760416666666666 0.07291666666666667
1 0.7018229166666666 0.6510416666666666 0.09375 0.09895833333333333
1 0.3072916666666667 0.16145833333333334 0.12239583333333333 0.08854166666666667
1 0.35546875 0.27734375 0.08854166666666667 0.057291666666666664
1 0.41015625 0.3216145833333333 0.09114583333333333 0.059895833333333336
1 0.4088541666666667 0.47265625 0.09895833333333333 0.06770833333333333
1 0.5442708333333334 0.68359375 0.0703125 0.07552083333333333
1 0.33203125 0.3971354166666667 0.09635416666666667 0.07552083333333333
1 0.53125 0.4609375 0.11979166666666667 0.07552083333333333
1 0.4557291666666667 0.4908854166666667 0.09375 0.06770833333333333
1 0.3463541666666667 0.5572916666666666 0.109375 0.08072916666666667
1 0.3971354166666667 0.2721354166666667 0.09895833333333333 0.078125
1 0.2903645833333333 0.38671875 0.0703125 0.07291666666666667
1 0.5716145833333334 0.41796875 0.09375 0.06510416666666667
1 0.5703125 0.453125 0.08333333333333333 0.078125
1 0.5625 0.73046875 0.109375 0.07291666666666667