1 0.5768229166666666 0.3216145833333333 0.041666666666666664 0.046875
1 0.6796875 0.69921875 0.041666666666666664 0.06770833333333333
1 0.46875 0.6302083333333334 0.028645833333333332 0.06510416666666667
1 0.4830729166666667 0.19401041666666666 0.057291666666666664 0.07291666666666667
1 0.6549479166666666 0.48828125 0.049479166666666664 0.044270833333333336
1 0.4036458333333333 0.59765625 0.046875 0.059895833333333336
1 0.6158854166666666 0.6927083333333334 0.044270833333333336 0.0390625
1 0.5911458333333334 0.8359375 0.033854166666666664 0.046875
1 0.46875 0.71875 0.046875 0.0625
1 0.3841145833333333 0.35546875 0.028645833333333332 0.0625
1 0.5872395833333334 0.5807291666666666 0.046875 0.057291666666666664
1 0.6158854166666666 0.8125 0.03125 0.0625
1 0.24348958333333334 0.796875 0.044270833333333336 0.052083333333333336
1 0.5520833333333334 0.14322916666666666 0.049479166666666664 0.0703125
1 0.50390625 0.3984375 0.0625 0.06510416666666667
1 0.3463541666666667 0.6536458333333334 0.057291666666666664 0.06510416666666667
1 0.7447916666666666 0.4908854166666667 0.057291666666666664 0.07291666666666667
1 0.14322916666666666 0.5807291666666666 0.041666666666666664 0.07552083333333333
1 0.22265625 0.3984375 0.0625 0.046875