1 0.3294270833333333 0.4739583333333333 0.09114583333333333 0.08854166666666667
1 0.3580729166666667 0.5872395833333334 0.041666666666666664 0.059895833333333336
1 0.58203125 0.6184895833333334 0.08854166666666667 0.109375
1 0.6184895833333334 0.3515625 0.0703125 0.0546875
1 0.2981770833333333 0.5026041666666666 0.06510416666666667 0.06770833333333333
1 0.5390625 0.6015625 0.059895833333333336 0.078125
1 0.4166666666666667 0.5638020833333334 0.078125 0.08072916666666667
1 0.31640625 0.36328125 0.059895833333333336 0.06770833333333333
1 0.3880208333333333 0.4661458333333333 0.059895833333333336 0.0703125
1 0.44140625 0.4036458333333333 0.07552083333333333 0.0625
1 0.5859375 0.40234375 0.0546875 0.07552083333333333
1 0.3984375 0.5286458333333334 0.07291666666666667 0.07291666666666667
1 0.3645833333333333 0.4127604166666667 0.059895833333333336 0.059895833333333336
1 0.5065104166666666 0.7213541666666666 0.0546875 0.078125
1 0.5286458333333334 0.3828125 0.07552083333333333 0.09114583333333333
1 0.5455729166666666 0.6627604166666666 0.0703125 0.10416666666666667
1 0.54296875 0.7630208333333334 0.0703125 0.08854166666666667
1 0.4934895833333333 0.3763020833333333 0.078125 0.09895833333333333
1 0.4544270833333333 0.5963541666666666 0.06770833333333333 0.08854166666666667
1 0.60546875 0.57421875 0.06510416666666667 0.09375
1 0.4778645833333333 0.5716145833333334 0.06510416666666667 0.078125
1 0.4231770833333333 0.28125 0.049479166666666664 0.07552083333333333
1 0.55078125 0.4635416666666667 0.059895833333333336 0.07552083333333333
1 0.4895833333333333 0.4544270833333333 0.0703125 0.08854166666666667
1 0.4765625 0.2838541666666667 0.0625 0.09114583333333333
1 0.5950520833333334 0.48046875 0.07291666666666667 0.08072916666666667
1 0.4140625 0.6510416666666666 0.078125 0.0859375
1 0.4010416666666667 0.4401041666666667 0.052083333333333336 0.06770833333333333
1 0.4700520833333333 0.51953125 0.0625 0.0859375
1 0.34765625 0.36328125 0.07552083333333333 0.08333333333333333
1 0.2994791666666667 0.4283854166666667 0.044270833333333336 0.0546875
1 0.5703125 0.328125 0.078125 0.07291666666666667
1 0.4140625 0.61328125 0.046875 0.052083333333333336
1 0.50390625 0.609375 0.06770833333333333 0.078125
1 0.6197916666666666 0.3971354166666667 0.0625 0.08072916666666667
1 0.4869791666666667 0.4856770833333333 0.0703125 0.059895833333333336
1 0.3177083333333333 0.4127604166666667 0.052083333333333336 0.06510416666666667
1 0.3723958333333333 0.5065104166666666 0.07291666666666667 0.08072916666666667
1 0.2721354166666667 0.4427083333333333 0.06770833333333333 0.0859375
1 0.4088541666666667 0.7265625 0.06510416666666667 0.09375
1 0.4440104166666667 0.5234375 0.057291666666666664 0.08072916666666667
1 0.5013020833333334 0.4231770833333333 0.057291666666666664 0.0625
1 0.4453125 0.46484375 0.0703125 0.057291666666666664
1 0.5377604166666666 0.5481770833333334 0.057291666666666664 0.0625
1 0.3606770833333333 0.56640625 0.06510416666666667 0.06510416666666667
1 0.4153645833333333 0.3815104166666667 0.078125 0.06770833333333333
1 0.5208333333333334 0.3138020833333333 0.078125 0.06770833333333333
1 0.4739583333333333 0.6432291666666666 0.08854166666666667 0.09114583333333333
1 0.484375 0.67578125 0.08333333333333333 0.08072916666666667
1 0.3828125 0.6458333333333334 0.08072916666666667 0.08333333333333333
1 0.5559895833333334 0.5208333333333334 0.059895833333333336 0.0703125
1 0.4596354166666667 0.4270833333333333 0.059895833333333336 0.046875