1 0.4752604166666667 0.34765625 0.036458333333333336 0.036458333333333336
1 0.51171875 0.51171875 0.026041666666666668 0.0234375
1 0.55078125 0.3971354166666667 0.03125 0.0234375
1 0.5651041666666666 0.6927083333333334 0.026041666666666668 0.052083333333333336
1 0.5533854166666666 0.58984375 0.033854166666666664 0.036458333333333336
1 0.4609375 0.7083333333333334 0.036458333333333336 0.046875
1 0.57421875 0.43359375 0.020833333333333332 0.0390625
1 0.4817708333333333 0.5533854166666666 0.018229166666666668 0.03125
1 0.3893229166666667 0.40234375 0.020833333333333332 0.036458333333333336
1 0.4596354166666667 0.2747395833333333 0.0234375 0.03125
1 0.5559895833333334 0.7265625 0.026041666666666668 0.046875
1 0.41796875 0.6783854166666666 0.026041666666666668 0.028645833333333332
1 0.6380208333333334 0.4114583333333333 0.033854166666666664 0.0546875
1 0.51953125 0.53125 0.0234375 0.0234375
1 0.4830729166666667 0.6822916666666666 0.03125 0.0390625
1 0.4544270833333333 0.4036458333333333 0.026041666666666668 0.028645833333333332
1 0.3619791666666667 0.5 0.020833333333333332 0.0390625
1 0.4934895833333333 0.7265625 0.020833333333333332 0.036458333333333336
1 0.4192708333333333 0.5234375 0.03125 0.03125
1 0.4075520833333333 0.6341145833333334 0.026041666666666668 0.028645833333333332
1 0.4453125 0.45703125 0.0234375 0.020833333333333332
1 0.36328125 0.4739583333333333 0.0234375 0.033854166666666664
1 0.5338541666666666 0.5130208333333334 0.026041666666666668 0.041666666666666664
1 0.4505208333333333 0.734375 0.033854166666666664 0.0546875
1 0.3841145833333333 0.6432291666666666 0.028645833333333332 0.026041666666666668
1 0.5768229166666666 0.5963541666666666 0.020833333333333332 0.0390625
1 0.5455729166666666 0.7317708333333334 0.028645833333333332 0.046875
1 0.3997395833333333 0.37890625 0.03125 0.020833333333333332
1 0.5299479166666666 0.5703125 0.026041666666666668 0.052083333333333336
1 0.6145833333333334 0.6223958333333334 0.020833333333333332 0.036458333333333336
1 0.4140625 0.2877604166666667 0.026041666666666668 0.046875
1 0.42578125 0.5755208333333334 0.015625 0.03125
1 0.5716145833333334 0.6901041666666666 0.026041666666666668 0.052083333333333336