1 0.3385416666666667 0.625 0.07552083333333333 0.06770833333333333
1 0.703125 0.6067708333333334 0.057291666666666664 0.06510416666666667
1 0.421875 0.8736979166666666 0.0703125 0.0703125
1 0.11848958333333333 0.5598958333333334 0.0546875 0.057291666666666664
1 0.2955729166666667 0.048177083333333336 0.078125 0.07291666666666667
1 0.23697916666666666 0.6627604166666666 0.07291666666666667 0.06510416666666667
1 0.5182291666666666 0.7083333333333334 0.0625 0.0546875
1 0.26953125 0.1171875 0.07291666666666667 0.06770833333333333
1 0.4153645833333333 0.21744791666666666 0.059895833333333336 0.0625
1 0.4752604166666667 0.6536458333333334 0.06510416666666667 0.0625
1 0.34765625 0.3515625 0.057291666666666664 0.0625
1 0.5833333333333334 0.8203125 0.0625 0.06770833333333333
1 0.21875 0.3658854166666667 0.0625 0.057291666666666664
1 0.71484375 0.69140625 0.0703125 0.0625
1 0.11067708333333333 0.5221354166666666 0.06770833333333333 0.059895833333333336
1 0.6458333333333334 0.3463541666666667 0.078125 0.07291666666666667
1 0.3919270833333333 0.5442708333333334 0.07291666666666667 0.06510416666666667
1 0.4778645833333333 0.3411458333333333 0.06510416666666667 0.0625
1 0.5390625 0.4830729166666667 0.08072916666666667 0.0703125
1 0.5520833333333334 0.1953125 0.07291666666666667 0.07552083333333333
1 0.66015625 0.6432291666666666 0.049479166666666664 0.041666666666666664