1 0.20963541666666666 0.6432291666666666 0.03125 0.0703125
1 0.23697916666666666 0.65625 0.026041666666666668 0.07552083333333333
1 0.4192708333333333 0.6653645833333334 0.046875 0.078125
1 0.06640625 0.21223958333333334 0.041666666666666664 0.06510416666666667
1 0.1328125 0.4388020833333333 0.057291666666666664 0.0625
1 0.23697916666666666 0.5221354166666666 0.049479166666666664 0.049479166666666664
1 0.3736979166666667 0.24869791666666666 0.0625 0.046875
1 0.09765625 0.61328125 0.036458333333333336 0.08072916666666667
1 0.9244791666666666 0.18489583333333334 0.0546875 0.0390625
1 0.18880208333333334 0.5846354166666666 0.059895833333333336 0.0390625
1 0.12369791666666667 0.734375 0.026041666666666668 0.08333333333333333
1 0.01953125 0.6731770833333334 0.0390625 0.07552083333333333
1 0.053385416666666664 0.4661458333333333 0.049479166666666664 0.0703125
1 0.20833333333333334 0.4674479166666667 0.0546875 0.033854166666666664
1 0.03125 0.5104166666666666 0.033854166666666664 0.06510416666666667
1 0.036458333333333336 0.2825520833333333 0.033854166666666664 0.057291666666666664
1 0.11458333333333333 0.4674479166666667 0.06770833333333333 0.028645833333333332
1 0.40625 0.60546875 0.0703125 0.0625
1 0.045572916666666664 0.7317708333333334 0.036458333333333336 0.0703125
1 0.028645833333333332 0.4661458333333333 0.0546875 0.06510416666666667
1 0.078125 0.3841145833333333 0.059895833333333336 0.052083333333333336
1 0.20052083333333334 0.50390625 0.059895833333333336 0.036458333333333336
1 0.2643229166666667 0.4153645833333333 0.041666666666666664 0.08333333333333333
1 0.3515625 0.93359375 0.057291666666666664 0.036458333333333336
1 0.14192708333333334 0.65234375 0.0546875 0.059895833333333336
1 0.08723958333333333 0.7473958333333334 0.03125 0.07291666666666667
1 0.032552083333333336 0.3268229166666667 0.049479166666666664 0.044270833333333336
1 0.109375 0.5013020833333334 0.059895833333333336 0.03125
1 0.16536458333333334 0.4622395833333333 0.026041666666666668 0.059895833333333336
1 0.057291666666666664 0.546875 0.0234375 0.0703125
1 0.1953125 0.6705729166666666 0.028645833333333332 0.0625
1 0.0234375 0.6171875 0.046875 0.041666666666666664
1 0.06510416666666667 0.6223958333333334 0.0390625 0.046875
1 0.19140625 0.8489583333333334 0.057291666666666664 0.036458333333333336
1 0.057291666666666664 0.06640625 0.057291666666666664 0.0859375
1 0.09244791666666667 0.4427083333333333 0.044270833333333336 0.052083333333333336
1 0.15885416666666666 0.5494791666666666 0.0546875 0.028645833333333332