1 0.33984375 0.8125 0.0546875 0.036458333333333336
1 0.7526041666666666 0.5911458333333334 0.06510416666666667 0.059895833333333336
1 0.46484375 0.4830729166666667 0.052083333333333336 0.046875
1 0.4986979166666667 0.4296875 0.0546875 0.036458333333333336
1 0.2864583333333333 0.6901041666666666 0.052083333333333336 0.036458333333333336
1 0.7513020833333334 0.37890625 0.08072916666666667 0.06510416666666667
1 0.68359375 0.3515625 0.06510416666666667 0.057291666666666664
1 0.6927083333333334 0.59375 0.06770833333333333 0.0546875
1 0.31640625 0.7486979166666666 0.06770833333333333 0.0546875
1 0.2838541666666667 0.7278645833333334 0.07291666666666667 0.0546875
1 0.46875 0.5885416666666666 0.057291666666666664 0.057291666666666664
1 0.5533854166666666 0.5 0.057291666666666664 0.0546875
1 0.5872395833333334 0.5052083333333334 0.0625 0.046875
1 0.6940104166666666 0.5338541666666666 0.052083333333333336 0.044270833333333336
1 0.68359375 0.5572916666666666 0.0390625 0.041666666666666664
1 0.515625 0.4049479166666667 0.059895833333333336 0.041666666666666664
1 0.5755208333333334 0.6354166666666666 0.041666666666666664 0.044270833333333336
1 0.3216145833333333 0.7916666666666666 0.044270833333333336 0.046875
1 0.18098958333333334 0.859375 0.0546875 0.0390625
1 0.5455729166666666 0.7083333333333334 0.0703125 0.06510416666666667
1 0.8294270833333334 0.4479166666666667 0.078125 0.06510416666666667
1 0.37890625 0.7018229166666666 0.06770833333333333 0.049479166666666664
1 0.4140625 0.484375 0.059895833333333336 0.049479166666666664
1 0.4479166666666667 0.8372395833333334 0.059895833333333336 0.041666666666666664
1 0.6119791666666666 0.5377604166666666 0.0546875 0.046875
1 0.6940104166666666 0.578125 0.044270833333333336 0.044270833333333336
1 0.5221354166666666 0.4166666666666667 0.0625 0.0390625
1 0.5078125 0.5546875 0.044270833333333336 0.044270833333333336
1 0.5260416666666666 0.578125 0.06510416666666667 0.044270833333333336
1 0.5989583333333334 0.4895833333333333 0.049479166666666664 0.041666666666666664
1 0.6484375 0.4479166666666667 0.06770833333333333 0.057291666666666664
1 0.25 0.6979166666666666 0.06770833333333333 0.057291666666666664
1 0.4166666666666667 0.4427083333333333 0.078125 0.07291666666666667