1 0.41015625 0.31640625 0.0625 0.044270833333333336
1 0.7291666666666666 0.4934895833333333 0.0390625 0.0546875
1 0.59375 0.13020833333333334 0.052083333333333336 0.052083333333333336
1 0.18359375 0.2786458333333333 0.0390625 0.046875
1 0.11848958333333333 0.81640625 0.0625 0.052083333333333336
1 0.3346354166666667 0.23828125 0.0625 0.041666666666666664
1 0.6080729166666666 0.3216145833333333 0.0546875 0.036458333333333336
1 0.125 0.7434895833333334 0.059895833333333336 0.046875
1 0.30078125 0.7174479166666666 0.041666666666666664 0.049479166666666664
1 0.5455729166666666 0.3502604166666667 0.052083333333333336 0.046875
1 0.2981770833333333 0.56640625 0.0390625 0.052083333333333336
1 0.7161458333333334 0.24869791666666666 0.041666666666666664 0.0546875
1 0.18880208333333334 0.4973958333333333 0.049479166666666664 0.041666666666666664
1 0.77734375 0.421875 0.057291666666666664 0.041666666666666664
1 0.15885416666666666 0.3098958333333333 0.057291666666666664 0.0390625
1 0.5638020833333334 0.7018229166666666 0.0625 0.052083333333333336
1 0.421875 0.4127604166666667 0.0625 0.041666666666666664
1 0.4114583333333333 0.6328125 0.049479166666666664 0.044270833333333336
1 0.52734375 0.5325520833333334 0.06770833333333333 0.046875
1 0.4127604166666667 0.796875 0.052083333333333336 0.057291666666666664
1 0.70703125 0.44140625 0.044270833333333336 0.0234375