1 0.4752604166666667 0.671875 0.018229166666666668 0.036458333333333336
1 0.51953125 0.52734375 0.041666666666666664 0.03125
1 0.5520833333333334 0.4830729166666667 0.018229166666666668 0.03125
1 0.44921875 0.5924479166666666 0.0234375 0.033854166666666664
1 0.40234375 0.3567708333333333 0.028645833333333332 0.044270833333333336
1 0.4583333333333333 0.5169270833333334 0.033854166666666664 0.06510416666666667
1 0.4440104166666667 0.30859375 0.020833333333333332 0.06770833333333333
1 0.50390625 0.70703125 0.046875 0.0390625
1 0.51171875 0.6471354166666666 0.033854166666666664 0.057291666666666664
1 0.5104166666666666 0.58984375 0.026041666666666668 0.06770833333333333
1 0.4700520833333333 0.58203125 0.0390625 0.059895833333333336
1 0.6966145833333334 0.5182291666666666 0.0234375 0.0546875
1 0.4322916666666667 0.4596354166666667 0.026041666666666668 0.041666666666666664
1 0.5104166666666666 0.671875 0.03125 0.0390625
1 0.5403645833333334 0.640625 0.028645833333333332 0.06510416666666667
1 0.5546875 0.5208333333333334 0.028645833333333332 0.041666666666666664
1 0.5520833333333334 0.7408854166666666 0.020833333333333332 0.057291666666666664
1 0.3971354166666667 0.4739583333333333 0.026041666666666668 0.049479166666666664
1 0.4869791666666667 0.5091145833333334 0.015625 0.044270833333333336
1 0.4622395833333333 0.6614583333333334 0.015625 0.026041666666666668
1 0.5989583333333334 0.5026041666666666 0.020833333333333332 0.041666666666666664
1 0.48046875 0.6497395833333334 0.03125 0.033854166666666664
1 0.4934895833333333 0.5963541666666666 0.015625 0.06770833333333333
1 0.4309895833333333 0.5208333333333334 0.013020833333333334 0.046875
1 0.6315104166666666 0.52734375 0.036458333333333336 0.03125
1 0.4830729166666667 0.5963541666666666 0.020833333333333332 0.0703125
1 0.4140625 0.5807291666666666 0.0234375 0.049479166666666664
1 0.41796875 0.5221354166666666 0.028645833333333332 0.06510416666666667
1 0.68359375 0.5104166666666666 0.015625 0.0546875
1 0.3984375 0.4075520833333333 0.036458333333333336 0.026041666666666668
1 0.4166666666666667 0.46484375 0.018229166666666668 0.044270833333333336
1 0.5872395833333334 0.4856770833333333 0.020833333333333332 0.033854166666666664
1 0.6106770833333334 0.51953125 0.020833333333333332 0.036458333333333336
1 0.4231770833333333 0.6484375 0.0234375 0.03125
1 0.3893229166666667 0.4557291666666667 0.026041666666666668 0.036458333333333336
1 0.5247395833333334 0.5013020833333334 0.028645833333333332 0.036458333333333336
1 0.5338541666666666 0.7109375 0.0234375 0.041666666666666664
1 0.5651041666666666 0.6640625 0.036458333333333336 0.044270833333333336
1 0.50390625 0.51171875 0.0234375 0.026041666666666668
1 0.4973958333333333 0.5455729166666666 0.028645833333333332 0.028645833333333332
1 0.46875 0.6106770833333334 0.0234375 0.03125
1 0.6145833333333334 0.07682291666666667 0.015625 0.033854166666666664