1 0.7591145833333334 0.6067708333333334 0.078125 0.036458333333333336
1 0.7473958333333334 0.3515625 0.0625 0.052083333333333336
1 0.5 0.6471354166666666 0.033854166666666664 0.044270833333333336
1 0.484375 0.5716145833333334 0.028645833333333332 0.044270833333333336
1 0.55859375 0.6119791666666666 0.0625 0.059895833333333336
1 0.5221354166666666 0.5833333333333334 0.033854166666666664 0.052083333333333336
1 0.51953125 0.4270833333333333 0.0546875 0.046875
1 0.4583333333333333 0.5481770833333334 0.028645833333333332 0.0390625
1 0.5091145833333334 0.5572916666666666 0.028645833333333332 0.044270833333333336
1 0.5442708333333334 0.3697916666666667 0.09375 0.0546875
1 0.62890625 0.5768229166666666 0.0625 0.028645833333333332
1 0.7044270833333334 0.3346354166666667 0.0390625 0.057291666666666664
1 0.5377604166666666 0.3880208333333333 0.06770833333333333 0.036458333333333336
1 0.6666666666666666 0.4010416666666667 0.0625 0.059895833333333336
1 0.5169270833333334 0.6888020833333334 0.036458333333333336 0.046875
0 0.59375 0.5442708333333334 0.13020833333333334 0.0390625