1 0.3177083333333333 0.5143229166666666 0.09114583333333333 0.0859375
1 0.7369791666666666 0.6236979166666666 0.046875 0.09635416666666667
1 0.7682291666666666 0.7161458333333334 0.09895833333333333 0.09635416666666667
1 0.7734375 0.5716145833333334 0.08854166666666667 0.08854166666666667
1 0.39453125 0.4583333333333333 0.13802083333333334 0.13541666666666666
1 0.4973958333333333 0.37890625 0.0703125 0.16145833333333334
1 0.6119791666666666 0.7252604166666666 0.08854166666666667 0.18229166666666666
1 0.7421875 0.828125 0.07552083333333333 0.11197916666666667
1 0.8294270833333334 0.79296875 0.046875 0.052083333333333336
1 0.4453125 0.26953125 0.052083333333333336 0.11979166666666667
1 0.6861979166666666 0.5989583333333334 0.078125 0.16145833333333334
1 0.9166666666666666 0.3697916666666667 0.06510416666666667 0.13802083333333334
1 0.78125 0.6458333333333334 0.07291666666666667 0.06510416666666667
1 0.66015625 0.23177083333333334 0.11197916666666667 0.15885416666666666
1 0.6419270833333334 0.4518229166666667 0.06770833333333333 0.171875
1 0.4583333333333333 0.4036458333333333 0.052083333333333336 0.1171875