1 0.5338541666666666 0.3489583333333333 0.03125 0.03125
1 0.5065104166666666 0.515625 0.0234375 0.020833333333333332
1 0.5846354166666666 0.4244791666666667 0.028645833333333332 0.020833333333333332
1 0.48828125 0.703125 0.018229166666666668 0.049479166666666664
1 0.515625 0.6041666666666666 0.028645833333333332 0.033854166666666664
1 0.3854166666666667 0.6796875 0.028645833333333332 0.044270833333333336
1 0.59375 0.4661458333333333 0.013020833333333334 0.036458333333333336
1 0.4622395833333333 0.54296875 0.015625 0.03125
1 0.43359375 0.3671875 0.013020833333333334 0.036458333333333336
1 0.546875 0.2760416666666667 0.020833333333333332 0.028645833333333332
1 0.4661458333333333 0.73046875 0.018229166666666668 0.046875
1 0.3580729166666667 0.6341145833333334 0.020833333333333332 0.026041666666666668
1 0.6614583333333334 0.4700520833333333 0.026041666666666668 0.0546875
1 0.5065104166666666 0.5364583333333334 0.020833333333333332 0.020833333333333332
1 0.4166666666666667 0.6627604166666666 0.026041666666666668 0.036458333333333336
1 0.4947916666666667 0.3932291666666667 0.0234375 0.026041666666666668
1 0.3723958333333333 0.4479166666666667 0.015625 0.0390625
1 0.4088541666666667 0.7083333333333334 0.015625 0.033854166666666664
1 0.4166666666666667 0.4908854166666667 0.028645833333333332 0.028645833333333332
1 0.36328125 0.5885416666666666 0.020833333333333332 0.026041666666666668
1 0.4661458333333333 0.4401041666666667 0.020833333333333332 0.018229166666666668
1 0.3841145833333333 0.4244791666666667 0.020833333333333332 0.03125
1 0.5260416666666666 0.5247395833333334 0.018229166666666668 0.0390625
1 0.3658854166666667 0.69921875 0.026041666666666668 0.0546875
1 0.3385416666666667 0.5885416666666666 0.026041666666666668 0.020833333333333332
1 0.53515625 0.6171875 0.015625 0.0390625
1 0.4544270833333333 0.7317708333333334 0.020833333333333332 0.044270833333333336
1 0.453125 0.3502604166666667 0.028645833333333332 0.015625
1 0.5013020833333334 0.5755208333333334 0.018229166666666668 0.049479166666666664
1 0.5611979166666666 0.6575520833333334 0.013020833333333334 0.036458333333333336
1 0.5 0.2708333333333333 0.020833333333333332 0.046875
1 0.40234375 0.5416666666666666 0.010416666666666666 0.03125
1 0.49609375 0.7044270833333334 0.015625 0.049479166666666664