1 0.2760416666666667 0.84375 0.11979166666666667 0.09114583333333333
1 0.8020833333333334 0.47265625 0.11197916666666667 0.09895833333333333
1 0.15494791666666666 0.2604166666666667 0.10416666666666667 0.07291666666666667
1 0.4986979166666667 0.57421875 0.10677083333333333 0.078125
1 0.2799479166666667 0.23958333333333334 0.109375 0.0859375
1 0.44921875 0.6653645833333334 0.11458333333333333 0.08333333333333333
1 0.53125 0.6627604166666666 0.09635416666666667 0.07291666666666667
1 0.24479166666666666 0.3059895833333333 0.13020833333333334 0.08072916666666667
1 0.5026041666666666 0.6940104166666666 0.08333333333333333 0.08072916666666667
1 0.36328125 0.66796875 0.10677083333333333 0.08333333333333333
1 0.6432291666666666 0.6666666666666666 0.10677083333333333 0.10677083333333333
1 0.4479166666666667 0.890625 0.109375 0.0859375
1 0.3111979166666667 0.6002604166666666 0.09375 0.09114583333333333
1 0.7200520833333334 0.5013020833333334 0.1015625 0.08333333333333333