1 0.6627604166666666 0.5130208333333334 0.026041666666666668 0.046875
1 0.4817708333333333 0.4010416666666667 0.03125 0.044270833333333336
1 0.7369791666666666 0.4557291666666667 0.036458333333333336 0.033854166666666664
1 0.7942708333333334 0.48046875 0.0390625 0.0390625
1 0.53515625 0.3958333333333333 0.036458333333333336 0.0390625
1 0.6796875 0.3125 0.026041666666666668 0.049479166666666664
1 0.2513020833333333 0.4700520833333333 0.0390625 0.0234375
1 0.3138020833333333 0.40234375 0.028645833333333332 0.028645833333333332
1 0.6119791666666666 0.3411458333333333 0.03125 0.046875
1 0.5716145833333334 0.38671875 0.036458333333333336 0.036458333333333336
1 0.4518229166666667 0.3763020833333333 0.020833333333333332 0.018229166666666668
1 0.4036458333333333 0.4296875 0.036458333333333336 0.028645833333333332
1 0.6302083333333334 0.2994791666666667 0.0234375 0.044270833333333336
1 0.671875 0.3567708333333333 0.026041666666666668 0.049479166666666664
1 0.7044270833333334 0.5625 0.036458333333333336 0.041666666666666664
1 0.64453125 0.4401041666666667 0.0234375 0.041666666666666664
1 0.5625 0.4700520833333333 0.020833333333333332 0.033854166666666664
1 0.3619791666666667 0.3841145833333333 0.036458333333333336 0.028645833333333332
1 0.6106770833333334 0.3736979166666667 0.036458333333333336 0.0234375
1 0.4583333333333333 0.3971354166666667 0.028645833333333332 0.026041666666666668
1 0.6432291666666666 0.3450520833333333 0.026041666666666668 0.049479166666666664
1 0.7005208333333334 0.5208333333333334 0.044270833333333336 0.036458333333333336
1 0.6145833333333334 0.5169270833333334 0.028645833333333332 0.0546875
1 0.54296875 0.35546875 0.03125 0.033854166666666664
1 0.57421875 0.2721354166666667 0.0390625 0.028645833333333332
1 0.640625 0.3841145833333333 0.036458333333333336 0.044270833333333336
1 0.76953125 0.3450520833333333 0.020833333333333332 0.041666666666666664
1 0.3059895833333333 0.4505208333333333 0.0234375 0.052083333333333336
1 0.6197916666666666 0.4700520833333333 0.026041666666666668 0.049479166666666664
1 0.3893229166666667 0.46484375 0.052083333333333336 0.036458333333333336
1 0.14192708333333334 0.5286458333333334 0.036458333333333336 0.036458333333333336
1 0.4049479166666667 0.5065104166666666 0.03125 0.03125
1 0.7122395833333334 0.3828125 0.028645833333333332 0.052083333333333336
1 0.7747395833333334 0.4778645833333333 0.044270833333333336 0.049479166666666664
1 0.7565104166666666 0.4348958333333333 0.020833333333333332 0.036458333333333336
1 0.5052083333333334 0.3971354166666667 0.028645833333333332 0.028645833333333332
1 0.6080729166666666 0.2864583333333333 0.028645833333333332 0.036458333333333336
1 0.5091145833333334 0.3177083333333333 0.028645833333333332 0.036458333333333336
1 0.5572916666666666 0.33984375 0.03125 0.0234375
1 0.21484375 0.4921875 0.0390625 0.0390625
1 0.3893229166666667 0.3736979166666667 0.028645833333333332 0.041666666666666664
1 0.6575520833333334 0.4596354166666667 0.036458333333333336 0.033854166666666664
1 0.4609375 0.3515625 0.026041666666666668 0.028645833333333332
1 0.7213541666666666 0.3359375 0.033854166666666664 0.044270833333333336
1 0.4973958333333333 0.41015625 0.0234375 0.036458333333333336
1 0.4322916666666667 0.34765625 0.0234375 0.033854166666666664
1 0.33984375 0.4166666666666667 0.026041666666666668 0.044270833333333336
1 0.3671875 0.4283854166666667 0.033854166666666664 0.0390625
1 0.5572916666666666 0.4479166666666667 0.026041666666666668 0.018229166666666668
1 0.7330729166666666 0.4856770833333333 0.0234375 0.0390625
1 0.6692708333333334 0.5481770833333334 0.033854166666666664 0.041666666666666664
1 0.5520833333333334 0.3216145833333333 0.028645833333333332 0.020833333333333332
1 0.5364583333333334 0.4231770833333333 0.0390625 0.0234375
1 0.7265625 0.3828125 0.028645833333333332 0.057291666666666664
1 0.6510416666666666 0.51953125 0.03125 0.046875
1 0.55859375 0.4296875 0.028645833333333332 0.026041666666666668
1 0.6315104166666666 0.453125 0.026041666666666668 0.041666666666666664
1 0.4322916666666667 0.48046875 0.033854166666666664 0.026041666666666668
1 0.4375 0.4557291666666667 0.033854166666666664 0.03125
1 0.5963541666666666 0.4127604166666667 0.020833333333333332 0.033854166666666664
1 0.5911458333333334 0.4661458333333333 0.028645833333333332 0.052083333333333336
1 0.7369791666666666 0.5286458333333334 0.036458333333333336 0.026041666666666668
1 0.4309895833333333 0.4231770833333333 0.026041666666666668 0.03125
1 0.578125 0.3294270833333333 0.028645833333333332 0.0234375
1 0.77734375 0.43359375 0.026041666666666668 0.0390625
1 0.7174479166666666 0.42578125 0.028645833333333332 0.036458333333333336
1 0.3515625 0.4739583333333333 0.033854166666666664 0.033854166666666664
1 0.4153645833333333 0.4114583333333333 0.036458333333333336 0.03125
1 0.6302083333333334 0.3385416666666667 0.028645833333333332 0.052083333333333336
1 0.6171875 0.3177083333333333 0.036458333333333336 0.026041666666666668
1 0.4557291666666667 0.4192708333333333 0.041666666666666664 0.028645833333333332
1 0.5963541666666666 0.3854166666666667 0.03125 0.0234375
1 0.6666666666666666 0.4713541666666667 0.041666666666666664 0.049479166666666664
1 0.56640625 0.3567708333333333 0.028645833333333332 0.03125
1 0.3736979166666667 0.4205729166666667 0.036458333333333336 0.033854166666666664
1 0.5755208333333334 0.4192708333333333 0.026041666666666668 0.036458333333333336
1 0.5807291666666666 0.2903645833333333 0.041666666666666664 0.028645833333333332
1 0.4713541666666667 0.3567708333333333 0.028645833333333332 0.026041666666666668
1 0.37109375 0.4856770833333333 0.0390625 0.026041666666666668
1 0.4856770833333333 0.3307291666666667 0.036458333333333336 0.028645833333333332
1 0.7278645833333334 0.5104166666666666 0.0390625 0.041666666666666664
1 0.68359375 0.5455729166666666 0.0234375 0.044270833333333336
1 0.4088541666666667 0.4934895833333333 0.033854166666666664 0.033854166666666664
1 0.2786458333333333 0.4674479166666667 0.0390625 0.036458333333333336
1 0.4947916666666667 0.375 0.026041666666666668 0.0234375
1 0.5182291666666666 0.3893229166666667 0.0234375 0.033854166666666664
1 0.73828125 0.4401041666666667 0.044270833333333336 0.03125
1 0.6614583333333334 0.34765625 0.018229166666666668 0.03125
1 0.6158854166666666 0.4309895833333333 0.0234375 0.0546875
1 0.515625 0.4440104166666667 0.026041666666666668 0.0390625
1 0.5794270833333334 0.3567708333333333 0.0234375 0.028645833333333332
1 0.7669270833333334 0.41015625 0.041666666666666664 0.03125
1 0.53125 0.4674479166666667 0.0390625 0.052083333333333336
1 0.6640625 0.4140625 0.036458333333333336 0.028645833333333332
1 0.3763020833333333 0.3893229166666667 0.028645833333333332 0.020833333333333332
1 0.58984375 0.3385416666666667 0.028645833333333332 0.028645833333333332
1 0.4088541666666667 0.3606770833333333 0.036458333333333336 0.0234375
1 0.62109375 0.4010416666666667 0.026041666666666668 0.033854166666666664
1 0.6536458333333334 0.3111979166666667 0.020833333333333332 0.044270833333333336
1 0.4635416666666667 0.3841145833333333 0.028645833333333332 0.03125
1 0.19140625 0.5013020833333334 0.028645833333333332 0.018229166666666668
1 0.4205729166666667 0.4583333333333333 0.028645833333333332 0.036458333333333336
1 0.5013020833333334 0.3489583333333333 0.036458333333333336 0.028645833333333332