1 0.3463541666666667 0.7421875 0.026041666666666668 0.026041666666666668
1 0.59375 0.6341145833333334 0.026041666666666668 0.0234375
1 0.3932291666666667 0.67578125 0.018229166666666668 0.044270833333333336
1 0.546875 0.67578125 0.018229166666666668 0.046875
1 0.5338541666666666 0.7096354166666666 0.0234375 0.0390625
1 0.5755208333333334 0.5950520833333334 0.028645833333333332 0.0390625
1 0.640625 0.7200520833333334 0.0234375 0.046875
1 0.44921875 0.4309895833333333 0.028645833333333332 0.046875
1 0.33203125 0.625 0.0234375 0.0234375
1 0.41796875 0.6380208333333334 0.020833333333333332 0.0390625
1 0.4778645833333333 0.6575520833333334 0.0234375 0.03125
1 0.66015625 0.4895833333333333 0.0234375 0.020833333333333332
1 0.5885416666666666 0.5559895833333334 0.020833333333333332 0.041666666666666664
1 0.4440104166666667 0.5950520833333334 0.0234375 0.041666666666666664
1 0.4309895833333333 0.5013020833333334 0.026041666666666668 0.03125
1 0.48828125 0.6315104166666666 0.0234375 0.033854166666666664
1 0.5807291666666666 0.6640625 0.013020833333333334 0.041666666666666664
1 0.4401041666666667 0.37109375 0.033854166666666664 0.0390625