1 0.3997395833333333 0.4713541666666667 0.049479166666666664 0.046875
1 0.5065104166666666 0.7252604166666666 0.041666666666666664 0.0546875
1 0.5221354166666666 0.7760416666666666 0.046875 0.08854166666666667
1 0.4674479166666667 0.6744791666666666 0.0625 0.049479166666666664
1 0.7057291666666666 0.5559895833333334 0.059895833333333336 0.052083333333333336
1 0.5091145833333334 0.6119791666666666 0.0703125 0.0859375
1 0.3190104166666667 0.5013020833333334 0.06510416666666667 0.08333333333333333
1 0.5859375 0.5638020833333334 0.057291666666666664 0.078125
1 0.3854166666666667 0.7252604166666666 0.059895833333333336 0.057291666666666664
1 0.6041666666666666 0.7877604166666666 0.0546875 0.059895833333333336
1 0.5390625 0.6328125 0.044270833333333336 0.0625