1 0.703125 0.5989583333333334 0.020833333333333332 0.018229166666666668
1 0.4765625 0.7200520833333334 0.0234375 0.0234375
1 0.5625 0.7109375 0.013020833333333334 0.0546875
1 0.6119791666666666 0.68359375 0.0234375 0.026041666666666668
1 0.6236979166666666 0.5846354166666666 0.028645833333333332 0.03125
1 0.6822916666666666 0.765625 0.0234375 0.0546875
1 0.6692708333333334 0.6953125 0.018229166666666668 0.036458333333333336
1 0.6627604166666666 0.6705729166666666 0.018229166666666668 0.0390625
1 0.5651041666666666 0.5950520833333334 0.0234375 0.033854166666666664
1 0.58984375 0.5703125 0.013020833333333334 0.046875
1 0.5052083333333334 0.62890625 0.028645833333333332 0.036458333333333336
1 0.2877604166666667 0.6184895833333334 0.013020833333333334 0.0546875
1 0.515625 0.5338541666666666 0.015625 0.0390625
1 0.3072916666666667 0.4661458333333333 0.015625 0.036458333333333336
1 0.3854166666666667 0.50390625 0.020833333333333332 0.0390625
1 0.390625 0.4596354166666667 0.013020833333333334 0.0546875
1 0.4010416666666667 0.4856770833333333 0.020833333333333332 0.041666666666666664
1 0.44140625 0.4635416666666667 0.020833333333333332 0.046875
1 0.4583333333333333 0.4583333333333333 0.0234375 0.0390625
1 0.4752604166666667 0.5013020833333334 0.026041666666666668 0.03125
1 0.4947916666666667 0.4479166666666667 0.020833333333333332 0.0390625
1 0.5234375 0.4231770833333333 0.015625 0.049479166666666664
1 0.5638020833333334 0.4544270833333333 0.013020833333333334 0.044270833333333336
1 0.5833333333333334 0.4635416666666667 0.020833333333333332 0.044270833333333336
1 0.4440104166666667 0.3815104166666667 0.018229166666666668 0.036458333333333336
1 0.4713541666666667 0.3567708333333333 0.0234375 0.046875
1 0.5221354166666666 0.2734375 0.015625 0.041666666666666664
1 0.6927083333333334 0.4869791666666667 0.0234375 0.036458333333333336
1 0.64453125 0.4192708333333333 0.015625 0.044270833333333336
1 0.66015625 0.4700520833333333 0.03125 0.020833333333333332
1 0.6901041666666666 0.4544270833333333 0.020833333333333332 0.036458333333333336
1 0.7330729166666666 0.20703125 0.0078125 0.046875
1 0.7135416666666666 0.46875 0.026041666666666668 0.026041666666666668