1 0.6393229166666666 0.6979166666666666 0.057291666666666664 0.06770833333333333
1 0.5911458333333334 0.4739583333333333 0.036458333333333336 0.06510416666666667
1 0.4791666666666667 0.4140625 0.06510416666666667 0.07291666666666667
1 0.61328125 0.5885416666666666 0.0546875 0.0859375
1 0.6223958333333334 0.6705729166666666 0.049479166666666664 0.049479166666666664
1 0.4986979166666667 0.67578125 0.036458333333333336 0.078125
1 0.5872395833333334 0.6510416666666666 0.052083333333333336 0.044270833333333336
1 0.4127604166666667 0.6106770833333334 0.041666666666666664 0.08072916666666667
1 0.5533854166666666 0.4192708333333333 0.041666666666666664 0.078125
1 0.5234375 0.3971354166666667 0.0546875 0.059895833333333336
1 0.5807291666666666 0.5286458333333334 0.057291666666666664 0.059895833333333336
1 0.4817708333333333 0.5390625 0.049479166666666664 0.0625
1 0.7734375 0.5651041666666666 0.059895833333333336 0.044270833333333336
1 0.6432291666666666 0.56640625 0.049479166666666664 0.0625
1 0.5130208333333334 0.6822916666666666 0.044270833333333336 0.09114583333333333
1 0.4127604166666667 0.5651041666666666 0.036458333333333336 0.06510416666666667
1 0.515625 0.4114583333333333 0.046875 0.049479166666666664
1 0.56640625 0.4739583333333333 0.046875 0.07291666666666667
1 0.6705729166666666 0.6354166666666666 0.052083333333333336 0.052083333333333336
1 0.6458333333333334 0.546875 0.059895833333333336 0.06770833333333333
1 0.4609375 0.5755208333333334 0.0390625 0.06770833333333333
1 0.5247395833333334 0.453125 0.0625 0.08072916666666667
1 0.4921875 0.3645833333333333 0.0625 0.041666666666666664
1 0.4453125 0.62109375 0.046875 0.08333333333333333
1 0.6419270833333334 0.5989583333333334 0.036458333333333336 0.06510416666666667
1 0.4674479166666667 0.4713541666666667 0.036458333333333336 0.07291666666666667
1 0.4231770833333333 0.5377604166666666 0.044270833333333336 0.06510416666666667
1 0.3619791666666667 0.4479166666666667 0.0703125 0.078125