1 0.5104166666666666 0.6067708333333334 0.0390625 0.044270833333333336
1 0.4466145833333333 0.23046875 0.049479166666666664 0.0390625
1 0.6393229166666666 0.4895833333333333 0.028645833333333332 0.03125
1 0.4921875 0.6731770833333334 0.03125 0.0546875
1 0.796875 0.7200520833333334 0.052083333333333336 0.044270833333333336
1 0.4973958333333333 0.24348958333333334 0.026041666666666668 0.044270833333333336
1 0.54296875 0.3372395833333333 0.028645833333333332 0.052083333333333336
1 0.3984375 0.11197916666666667 0.0546875 0.0546875
1 0.6028645833333334 0.6497395833333334 0.028645833333333332 0.059895833333333336
1 0.6666666666666666 0.5130208333333334 0.026041666666666668 0.046875
1 0.45703125 0.2916666666666667 0.0390625 0.0625
1 0.4622395833333333 0.6640625 0.028645833333333332 0.036458333333333336
1 0.6484375 0.5807291666666666 0.033854166666666664 0.03125
1 0.6927083333333334 0.5559895833333334 0.033854166666666664 0.046875
1 0.4427083333333333 0.6614583333333334 0.036458333333333336 0.057291666666666664
1 0.6653645833333334 0.5638020833333334 0.028645833333333332 0.057291666666666664
1 0.5520833333333334 0.5716145833333334 0.0390625 0.041666666666666664
1 0.6080729166666666 0.55078125 0.036458333333333336 0.036458333333333336
1 0.62109375 0.5546875 0.0234375 0.046875
1 0.4401041666666667 0.13932291666666666 0.049479166666666664 0.0390625
1 0.5846354166666666 0.3216145833333333 0.0390625 0.049479166666666664
1 0.4453125 0.578125 0.046875 0.036458333333333336
1 0.7200520833333334 0.7109375 0.046875 0.046875
1 0.6184895833333334 0.4856770833333333 0.026041666666666668 0.044270833333333336
1 0.5546875 0.609375 0.0234375 0.026041666666666668
1 0.6197916666666666 0.4453125 0.03125 0.0546875
1 0.55078125 0.390625 0.044270833333333336 0.033854166666666664
1 0.4375 0.484375 0.026041666666666668 0.0546875
1 0.4557291666666667 0.67578125 0.03125 0.036458333333333336
1 0.4986979166666667 0.6302083333333334 0.041666666666666664 0.044270833333333336
1 0.49609375 0.5611979166666666 0.028645833333333332 0.036458333333333336
1 0.66796875 0.5403645833333334 0.0390625 0.028645833333333332
1 0.4192708333333333 0.6432291666666666 0.026041666666666668 0.046875
1 0.6432291666666666 0.6536458333333334 0.03125 0.0390625
1 0.4270833333333333 0.60546875 0.041666666666666664 0.041666666666666664
1 0.5885416666666666 0.6380208333333334 0.033854166666666664 0.041666666666666664
1 0.64453125 0.5455729166666666 0.026041666666666668 0.041666666666666664
1 0.5651041666666666 0.58984375 0.041666666666666664 0.036458333333333336
1 0.6028645833333334 0.7005208333333334 0.044270833333333336 0.0390625
1 0.65234375 0.5091145833333334 0.036458333333333336 0.041666666666666664
1 0.4791666666666667 0.13671875 0.03125 0.06770833333333333
1 0.5065104166666666 0.4973958333333333 0.044270833333333336 0.041666666666666664
1 0.6158854166666666 0.578125 0.036458333333333336 0.033854166666666664
1 0.4192708333333333 0.09505208333333333 0.046875 0.033854166666666664
1 0.5833333333333334 0.7161458333333334 0.0390625 0.036458333333333336
1 0.6276041666666666 0.5234375 0.028645833333333332 0.0390625
1 0.4544270833333333 0.42578125 0.036458333333333336 0.059895833333333336
1 0.4973958333333333 0.45703125 0.044270833333333336 0.028645833333333332
1 0.5286458333333334 0.3736979166666667 0.0390625 0.046875
1 0.7473958333333334 0.61328125 0.046875 0.0546875
1 0.5104166666666666 0.5494791666666666 0.033854166666666664 0.033854166666666664
1 0.4739583333333333 0.3111979166666667 0.026041666666666668 0.057291666666666664
1 0.4518229166666667 0.5364583333333334 0.03125 0.046875
1 0.6236979166666666 0.6106770833333334 0.026041666666666668 0.028645833333333332
1 0.4596354166666667 0.11979166666666667 0.049479166666666664 0.028645833333333332
1 0.5911458333333334 0.5078125 0.0234375 0.044270833333333336
1 0.5846354166666666 0.34375 0.036458333333333336 0.046875
1 0.4986979166666667 0.5807291666666666 0.0546875 0.033854166666666664
1 0.5729166666666666 0.4817708333333333 0.041666666666666664 0.026041666666666668
1 0.5807291666666666 0.546875 0.036458333333333336 0.041666666666666664
1 0.5247395833333334 0.41015625 0.036458333333333336 0.0546875
1 0.4778645833333333 0.3333333333333333 0.0234375 0.044270833333333336
1 0.4713541666666667 0.4505208333333333 0.028645833333333332 0.0546875
1 0.56640625 0.3880208333333333 0.036458333333333336 0.044270833333333336
1 0.51953125 0.25390625 0.036458333333333336 0.046875
1 0.69140625 0.63671875 0.028645833333333332 0.0546875
1 0.5377604166666666 0.48046875 0.03125 0.059895833333333336
1 0.6770833333333334 0.6002604166666666 0.028645833333333332 0.052083333333333336
1 0.4791666666666667 0.6796875 0.028645833333333332 0.057291666666666664
1 0.62109375 0.6640625 0.03125 0.0546875
1 0.5 0.15104166666666666 0.052083333333333336 0.046875
1 0.5572916666666666 0.46484375 0.049479166666666664 0.033854166666666664
1 0.4296875 0.5716145833333334 0.036458333333333336 0.0390625
1 0.4583333333333333 0.18619791666666666 0.046875 0.049479166666666664
1 0.5520833333333334 0.2903645833333333 0.036458333333333336 0.0546875
1 0.5221354166666666 0.5651041666666666 0.026041666666666668 0.036458333333333336
1 0.6953125 0.58984375 0.0234375 0.049479166666666664
1 0.4765625 0.22526041666666666 0.046875 0.036458333333333336
1 0.6223958333333334 0.6419270833333334 0.028645833333333332 0.046875
1 0.4817708333333333 0.17057291666666666 0.03125 0.046875
1 0.51171875 0.3697916666666667 0.0390625 0.059895833333333336
1 0.5390625 0.578125 0.0234375 0.041666666666666664
1 0.6575520833333334 0.6197916666666666 0.03125 0.046875
1 0.46875 0.4973958333333333 0.041666666666666664 0.044270833333333336
1 0.515625 0.5338541666666666 0.044270833333333336 0.041666666666666664
1 0.453125 0.4674479166666667 0.0390625 0.028645833333333332
1 0.3723958333333333 0.125 0.036458333333333336 0.0625
1 0.4127604166666667 0.19921875 0.044270833333333336 0.06770833333333333
1 0.5299479166666666 0.6666666666666666 0.046875 0.041666666666666664