1 0.484375 0.38671875 0.033854166666666664 0.03125
1 0.5416666666666666 0.5026041666666666 0.036458333333333336 0.057291666666666664
1 0.51171875 0.2591145833333333 0.044270833333333336 0.0390625
1 0.5260416666666666 0.3515625 0.041666666666666664 0.046875
1 0.5 0.2903645833333333 0.036458333333333336 0.059895833333333336
1 0.5377604166666666 0.4309895833333333 0.036458333333333336 0.046875
1 0.38671875 0.6705729166666666 0.036458333333333336 0.0546875
1 0.65625 0.6276041666666666 0.044270833333333336 0.03125
1 0.6848958333333334 0.5494791666666666 0.041666666666666664 0.041666666666666664
1 0.5794270833333334 0.3333333333333333 0.036458333333333336 0.049479166666666664
1 0.7447916666666666 0.46875 0.041666666666666664 0.049479166666666664
1 0.6263020833333334 0.3489583333333333 0.041666666666666664 0.041666666666666664
1 0.65625 0.4817708333333333 0.036458333333333336 0.03125
1 0.5416666666666666 0.9466145833333334 0.0390625 0.036458333333333336
1 0.47265625 0.7200520833333334 0.044270833333333336 0.033854166666666664
1 0.6809895833333334 0.671875 0.033854166666666664 0.044270833333333336
1 0.58984375 0.4205729166666667 0.028645833333333332 0.041666666666666664
1 0.22916666666666666 0.06770833333333333 0.03125 0.046875
1 0.5885416666666666 0.5494791666666666 0.0546875 0.052083333333333336
1 0.5872395833333334 0.5611979166666666 0.036458333333333336 0.052083333333333336
1 0.56640625 0.390625 0.036458333333333336 0.057291666666666664
1 0.6276041666666666 0.5559895833333334 0.036458333333333336 0.049479166666666664
1 0.52734375 0.4817708333333333 0.041666666666666664 0.036458333333333336
1 0.4895833333333333 0.6223958333333334 0.033854166666666664 0.057291666666666664
1 0.5794270833333334 0.3919270833333333 0.0390625 0.052083333333333336
1 0.5546875 0.375 0.026041666666666668 0.036458333333333336
1 0.7044270833333334 0.5104166666666666 0.041666666666666664 0.052083333333333336
1 0.6666666666666666 0.5182291666666666 0.0390625 0.028645833333333332
1 0.4674479166666667 0.6731770833333334 0.0390625 0.03125
1 0.6197916666666666 0.5807291666666666 0.0390625 0.03125
1 0.4166666666666667 0.4322916666666667 0.044270833333333336 0.033854166666666664
1 0.4791666666666667 0.3645833333333333 0.0390625 0.033854166666666664
1 0.4401041666666667 0.6744791666666666 0.03125 0.049479166666666664
1 0.4765625 0.4557291666666667 0.036458333333333336 0.049479166666666664
1 0.5598958333333334 0.46484375 0.0390625 0.028645833333333332
1 0.6419270833333334 0.51171875 0.033854166666666664 0.057291666666666664
1 0.6614583333333334 0.5286458333333334 0.033854166666666664 0.028645833333333332
1 0.5520833333333334 0.3072916666666667 0.03125 0.046875
1 0.53515625 0.84765625 0.0390625 0.0546875
1 0.37890625 0.4635416666666667 0.044270833333333336 0.036458333333333336
1 0.3020833333333333 0.14713541666666666 0.041666666666666664 0.049479166666666664
1 0.65234375 0.5651041666666666 0.036458333333333336 0.041666666666666664
1 0.5729166666666666 0.4322916666666667 0.026041666666666668 0.0390625
1 0.5963541666666666 0.5247395833333334 0.041666666666666664 0.033854166666666664
1 0.4557291666666667 0.4231770833333333 0.049479166666666664 0.046875
1 0.6419270833333334 0.5533854166666666 0.03125 0.044270833333333336
1 0.40234375 0.7994791666666666 0.041666666666666664 0.057291666666666664