1 0.3723958333333333 0.5455729166666666 0.041666666666666664 0.028645833333333332
1 0.43359375 0.52734375 0.046875 0.041666666666666664
1 0.58984375 0.49609375 0.033854166666666664 0.036458333333333336
1 0.4296875 0.57421875 0.041666666666666664 0.057291666666666664
1 0.48046875 0.6145833333333334 0.03125 0.0546875
1 0.5026041666666666 0.6666666666666666 0.052083333333333336 0.078125
1 0.3059895833333333 0.671875 0.049479166666666664 0.041666666666666664
1 0.5416666666666666 0.515625 0.052083333333333336 0.0390625
1 0.41015625 0.5455729166666666 0.049479166666666664 0.0390625
1 0.6184895833333334 0.7200520833333334 0.044270833333333336 0.052083333333333336
1 0.609375 0.6666666666666666 0.033854166666666664 0.049479166666666664
1 0.3424479166666667 0.5950520833333334 0.059895833333333336 0.052083333333333336
1 0.7200520833333334 0.6393229166666666 0.059895833333333336 0.041666666666666664
1 0.5026041666666666 0.5078125 0.049479166666666664 0.044270833333333336
1 0.7903645833333334 0.43359375 0.03125 0.057291666666666664
1 0.3125 0.2760416666666667 0.036458333333333336 0.0390625
1 0.6705729166666666 0.6380208333333334 0.046875 0.044270833333333336
1 0.6432291666666666 0.63671875 0.036458333333333336 0.052083333333333336
1 0.5169270833333334 0.5716145833333334 0.033854166666666664 0.06510416666666667
1 0.3450520833333333 0.2721354166666667 0.033854166666666664 0.026041666666666668
1 0.3776041666666667 0.5638020833333334 0.049479166666666664 0.0390625
1 0.3736979166666667 0.72265625 0.046875 0.059895833333333336
1 0.3958333333333333 0.37109375 0.041666666666666664 0.059895833333333336
1 0.6028645833333334 0.5416666666666666 0.0390625 0.057291666666666664
1 0.35546875 0.29296875 0.044270833333333336 0.028645833333333332
1 0.4401041666666667 0.3151041666666667 0.059895833333333336 0.046875
1 0.5924479166666666 0.65625 0.044270833333333336 0.046875
1 0.4583333333333333 0.6002604166666666 0.0390625 0.052083333333333336
1 0.5846354166666666 0.5403645833333334 0.03125 0.041666666666666664
1 0.2942708333333333 0.609375 0.0390625 0.044270833333333336
1 0.2604166666666667 0.25 0.0546875 0.036458333333333336
1 0.41796875 0.6171875 0.041666666666666664 0.0546875
1 0.7955729166666666 0.4609375 0.049479166666666664 0.06770833333333333
1 0.56640625 0.4921875 0.041666666666666664 0.059895833333333336
1 0.3333333333333333 0.54296875 0.046875 0.0390625
1 0.4153645833333333 0.7135416666666666 0.049479166666666664 0.046875
1 0.3385416666666667 0.62890625 0.0546875 0.049479166666666664
1 0.5065104166666666 0.3216145833333333 0.052083333333333336 0.028645833333333332
1 0.39453125 0.3046875 0.041666666666666664 0.028645833333333332