1 0.57421875 0.5872395833333334 0.03125 0.028645833333333332
1 0.4635416666666667 0.5208333333333334 0.03125 0.0546875
1 0.62109375 0.7083333333333334 0.041666666666666664 0.036458333333333336
1 0.55859375 0.6393229166666666 0.0390625 0.044270833333333336
1 0.6145833333333334 0.67578125 0.03125 0.059895833333333336
1 0.5065104166666666 0.578125 0.03125 0.046875
1 0.5026041666666666 0.2955729166666667 0.03125 0.0546875
1 0.2994791666666667 0.4778645833333333 0.041666666666666664 0.028645833333333332
1 0.3190104166666667 0.5598958333333334 0.0390625 0.0390625
1 0.5234375 0.68359375 0.03125 0.049479166666666664
1 0.3125 0.66015625 0.036458333333333336 0.049479166666666664
1 0.4752604166666667 0.6953125 0.0390625 0.0390625
1 0.37890625 0.6002604166666666 0.036458333333333336 0.028645833333333332
1 0.22265625 0.1484375 0.036458333333333336 0.033854166666666664
1 0.4036458333333333 0.30078125 0.044270833333333336 0.03125
1 0.25390625 0.4557291666666667 0.03125 0.044270833333333336
1 0.4674479166666667 0.6158854166666666 0.0234375 0.041666666666666664
1 0.9622395833333334 0.71484375 0.026041666666666668 0.046875
1 0.3984375 0.5078125 0.049479166666666664 0.046875
1 0.3932291666666667 0.49609375 0.03125 0.049479166666666664
1 0.50390625 0.6276041666666666 0.03125 0.0546875
1 0.3619791666666667 0.5221354166666666 0.033854166666666664 0.049479166666666664
1 0.4869791666666667 0.5299479166666666 0.041666666666666664 0.033854166666666664
1 0.44140625 0.3919270833333333 0.028645833333333332 0.057291666666666664
1 0.4921875 0.6341145833333334 0.033854166666666664 0.049479166666666664
1 0.5221354166666666 0.6354166666666666 0.0234375 0.036458333333333336
1 0.3229166666666667 0.6028645833333334 0.036458333333333336 0.049479166666666664
1 0.3502604166666667 0.5755208333333334 0.036458333333333336 0.026041666666666668
1 0.4322916666666667 0.3359375 0.0390625 0.028645833333333332
1 0.35546875 0.4973958333333333 0.036458333333333336 0.028645833333333332
1 0.6067708333333334 0.51171875 0.041666666666666664 0.03125
1 0.5911458333333334 0.6015625 0.036458333333333336 0.03125
1 0.4544270833333333 0.3203125 0.026041666666666668 0.049479166666666664
1 0.5442708333333334 0.5247395833333334 0.03125 0.049479166666666664
1 0.46875 0.5625 0.036458333333333336 0.026041666666666668
1 0.375 0.5677083333333334 0.028645833333333332 0.057291666666666664
1 0.3489583333333333 0.5638020833333334 0.033854166666666664 0.0234375
1 0.5611979166666666 0.6901041666666666 0.026041666666666668 0.046875
1 0.28125 0.22786458333333334 0.033854166666666664 0.052083333333333336
1 0.62109375 0.46484375 0.041666666666666664 0.033854166666666664
1 0.859375 0.6888020833333334 0.036458333333333336 0.049479166666666664
1 0.3372395833333333 0.5286458333333334 0.033854166666666664 0.0390625
1 0.4752604166666667 0.5963541666666666 0.0234375 0.0390625
1 0.40625 0.53125 0.041666666666666664 0.028645833333333332
1 0.5794270833333334 0.5403645833333334 0.046875 0.041666666666666664
1 0.3528645833333333 0.5325520833333334 0.028645833333333332 0.044270833333333336
1 0.4192708333333333 0.1953125 0.036458333333333336 0.0546875