1 0.7734375 0.7083333333333334 0.12239583333333333 0.06510416666666667
1 0.6106770833333334 0.7669270833333334 0.06510416666666667 0.07552083333333333
1 0.9557291666666666 0.4479166666666667 0.078125 0.07552083333333333
1 0.4739583333333333 0.3346354166666667 0.059895833333333336 0.0703125
1 0.2734375 0.8515625 0.059895833333333336 0.0625
1 0.2630208333333333 0.7708333333333334 0.0546875 0.0859375
1 0.796875 0.5182291666666666 0.08854166666666667 0.06770833333333333
1 0.3645833333333333 0.5859375 0.052083333333333336 0.08072916666666667
1 0.28515625 0.3489583333333333 0.0859375 0.10677083333333333
1 0.33203125 0.9869791666666666 0.044270833333333336 0.026041666666666668
1 0.39453125 0.4166666666666667 0.036458333333333336 0.09375
1 0.6940104166666666 0.5260416666666666 0.041666666666666664 0.046875
1 0.7239583333333334 0.2669270833333333 0.11197916666666667 0.057291666666666664
1 0.36328125 0.3307291666666667 0.14583333333333334 0.057291666666666664
1 0.18489583333333334 0.3059895833333333 0.036458333333333336 0.06510416666666667
1 0.3229166666666667 0.7916666666666666 0.078125 0.11197916666666667
1 0.4270833333333333 0.5494791666666666 0.07552083333333333 0.09895833333333333
1 0.5325520833333334 0.34375 0.06770833333333333 0.09114583333333333
1 0.4713541666666667 0.3932291666666667 0.033854166666666664 0.044270833333333336
1 0.4986979166666667 0.7864583333333334 0.08072916666666667 0.1328125
1 0.2565104166666667 0.6015625 0.06510416666666667 0.06770833333333333
1 0.4609375 0.5104166666666666 0.0859375 0.078125
1 0.2109375 0.30859375 0.06770833333333333 0.12760416666666666
1 0.19921875 0.7486979166666666 0.059895833333333336 0.11197916666666667
1 0.6940104166666666 0.3059895833333333 0.109375 0.036458333333333336