0 0.6328125 0.8046875 0.20052083333333334 0.10677083333333333
1 0.48046875 0.3307291666666667 0.07552083333333333 0.0390625
1 0.57421875 0.6549479166666666 0.0625 0.0390625
1 0.34765625 0.3463541666666667 0.049479166666666664 0.0390625
1 0.5794270833333334 0.4921875 0.036458333333333336 0.033854166666666664
1 0.8125 0.6796875 0.052083333333333336 0.0390625
1 0.66796875 0.2721354166666667 0.049479166666666664 0.044270833333333336
1 0.2903645833333333 0.5221354166666666 0.052083333333333336 0.049479166666666664
1 0.46484375 0.7955729166666666 0.059895833333333336 0.046875
1 0.6640625 0.7291666666666666 0.0546875 0.03125
1 0.5377604166666666 0.4947916666666667 0.041666666666666664 0.026041666666666668
1 0.765625 0.7434895833333334 0.036458333333333336 0.049479166666666664
1 0.6380208333333334 0.6627604166666666 0.0625 0.0625
1 0.5520833333333334 0.5013020833333334 0.046875 0.03125
1 0.390625 0.3268229166666667 0.059895833333333336 0.041666666666666664
1 0.5846354166666666 0.76953125 0.049479166666666664 0.020833333333333332
1 0.4635416666666667 0.8268229166666666 0.046875 0.0390625
1 0.5130208333333334 0.2786458333333333 0.059895833333333336 0.049479166666666664
1 0.3958333333333333 0.53515625 0.041666666666666664 0.036458333333333336
1 0.62109375 0.4739583333333333 0.057291666666666664 0.0390625
1 0.7200520833333334 0.7122395833333334 0.06770833333333333 0.03125
1 0.3763020833333333 0.76171875 0.06770833333333333 0.049479166666666664
1 0.7200520833333334 0.7552083333333334 0.0625 0.03125
1 0.5143229166666666 0.8255208333333334 0.036458333333333336 0.0234375