1 0.16276041666666666 0.46875 0.0234375 0.03125
1 0.04296875 0.5625 0.036458333333333336 0.028645833333333332
1 0.23828125 0.484375 0.028645833333333332 0.028645833333333332
1 0.22005208333333334 0.5364583333333334 0.03125 0.033854166666666664
1 0.32421875 0.4661458333333333 0.03125 0.036458333333333336
1 0.3645833333333333 0.53515625 0.020833333333333332 0.0390625
1 0.4348958333333333 0.2916666666666667 0.026041666666666668 0.046875
1 0.2682291666666667 0.7057291666666666 0.041666666666666664 0.03125
1 0.4778645833333333 0.26953125 0.033854166666666664 0.033854166666666664
1 0.3971354166666667 0.7955729166666666 0.044270833333333336 0.036458333333333336
1 0.4505208333333333 0.46484375 0.020833333333333332 0.041666666666666664
1 0.3684895833333333 0.4700520833333333 0.03125 0.041666666666666664
1 0.5520833333333334 0.3684895833333333 0.03125 0.03125
1 0.4973958333333333 0.34375 0.033854166666666664 0.0234375
1 0.4934895833333333 0.3893229166666667 0.028645833333333332 0.0234375
1 0.4466145833333333 0.57421875 0.028645833333333332 0.041666666666666664
1 0.5755208333333334 0.3880208333333333 0.018229166666666668 0.03125
1 0.23177083333333334 0.5611979166666666 0.0390625 0.020833333333333332
1 0.4869791666666667 0.7395833333333334 0.036458333333333336 0.0234375
1 0.265625 0.5794270833333334 0.018229166666666668 0.044270833333333336
1 0.3020833333333333 0.4674479166666667 0.0234375 0.0390625
1 0.4231770833333333 0.3294270833333333 0.026041666666666668 0.046875
1 0.26953125 0.6041666666666666 0.018229166666666668 0.046875
1 0.3736979166666667 0.83203125 0.020833333333333332 0.049479166666666664
1 0.17447916666666666 0.5455729166666666 0.0390625 0.0234375
1 0.27734375 0.5078125 0.03125 0.036458333333333336
1 0.6549479166666666 0.50390625 0.033854166666666664 0.036458333333333336
1 0.6783854166666666 0.484375 0.03125 0.026041666666666668
1 0.15494791666666666 0.5325520833333334 0.013020833333333334 0.026041666666666668
1 0.6901041666666666 0.5104166666666666 0.041666666666666664 0.033854166666666664
1 0.6783854166666666 0.5169270833333334 0.0390625 0.033854166666666664
1 0.4934895833333333 0.6783854166666666 0.018229166666666668 0.052083333333333336
1 0.3580729166666667 0.7643229166666666 0.03125 0.044270833333333336
1 0.032552083333333336 0.6640625 0.028645833333333332 0.033854166666666664
1 0.19270833333333334 0.4973958333333333 0.028645833333333332 0.041666666666666664
1 0.12369791666666667 0.46484375 0.020833333333333332 0.049479166666666664
1 0.3671875 0.3684895833333333 0.0234375 0.049479166666666664
1 0.3098958333333333 0.5104166666666666 0.028645833333333332 0.052083333333333336
1 0.3372395833333333 0.5625 0.03125 0.033854166666666664
1 0.2838541666666667 0.5416666666666666 0.0234375 0.046875
1 0.20833333333333334 0.5859375 0.041666666666666664 0.0390625
1 0.23046875 0.6953125 0.044270833333333336 0.041666666666666664
1 0.4283854166666667 0.4440104166666667 0.0234375 0.049479166666666664
1 0.3385416666666667 0.1796875 0.018229166666666668 0.057291666666666664
1 0.4765625 0.3502604166666667 0.0234375 0.049479166666666664
1 0.5872395833333334 0.4348958333333333 0.0390625 0.03125
1 0.5703125 0.5065104166666666 0.013020833333333334 0.044270833333333336
1 0.5403645833333334 0.3541666666666667 0.026041666666666668 0.018229166666666668
1 0.5572916666666666 0.5911458333333334 0.026041666666666668 0.044270833333333336
1 0.5013020833333334 0.3658854166666667 0.041666666666666664 0.026041666666666668
1 0.5403645833333334 0.5130208333333334 0.036458333333333336 0.036458333333333336
1 0.69921875 0.453125 0.0390625 0.03125
1 0.33984375 0.6184895833333334 0.033854166666666664 0.033854166666666664
1 0.4479166666666667 0.3424479166666667 0.0390625 0.049479166666666664
1 0.3841145833333333 0.4934895833333333 0.033854166666666664 0.033854166666666664
1 0.53125 0.4830729166666667 0.026041666666666668 0.0390625
1 0.31640625 0.3216145833333333 0.028645833333333332 0.046875
1 0.22786458333333334 0.5807291666666666 0.041666666666666664 0.041666666666666664
1 0.28515625 0.16927083333333334 0.036458333333333336 0.033854166666666664
1 0.013020833333333334 0.56640625 0.026041666666666668 0.044270833333333336
1 0.024739583333333332 0.5533854166666666 0.03125 0.033854166666666664
1 0.4114583333333333 0.2786458333333333 0.015625 0.044270833333333336
1 0.024739583333333332 0.5859375 0.044270833333333336 0.03125
1 0.4166666666666667 0.20703125 0.0234375 0.03125
1 0.4700520833333333 0.5377604166666666 0.03125 0.0546875
1 0.6119791666666666 0.4856770833333333 0.033854166666666664 0.0234375
1 0.625 0.4309895833333333 0.0390625 0.028645833333333332
1 0.16927083333333334 0.56640625 0.03125 0.044270833333333336
1 0.4713541666666667 0.7604166666666666 0.041666666666666664 0.026041666666666668
1 0.24869791666666666 0.5221354166666666 0.013020833333333334 0.044270833333333336
1 0.09375 0.55078125 0.0390625 0.033854166666666664
1 0.2799479166666667 0.19791666666666666 0.018229166666666668 0.044270833333333336
1 0.2786458333333333 0.29296875 0.036458333333333336 0.046875
1 0.4401041666666667 0.7604166666666666 0.0234375 0.044270833333333336
1 0.3463541666666667 0.4713541666666667 0.028645833333333332 0.026041666666666668
1 0.4114583333333333 0.22265625 0.026041666666666668 0.018229166666666668
1 0.4908854166666667 0.3098958333333333 0.028645833333333332 0.046875
1 0.4010416666666667 0.8489583333333334 0.0234375 0.041666666666666664
1 0.25 0.3190104166666667 0.036458333333333336 0.028645833333333332
1 0.22526041666666666 0.1953125 0.020833333333333332 0.041666666666666664
1 0.7955729166666666 0.54296875 0.0390625 0.046875
1 0.3671875 0.6028645833333334 0.044270833333333336 0.0234375
1 0.20833333333333334 0.5208333333333334 0.03125 0.041666666666666664
1 0.265625 0.5481770833333334 0.0234375 0.020833333333333332
1 0.6419270833333334 0.4466145833333333 0.036458333333333336 0.026041666666666668
1 0.046875 0.5286458333333334 0.028645833333333332 0.049479166666666664
1 0.23177083333333334 0.4765625 0.041666666666666664 0.03125
1 0.19140625 0.5416666666666666 0.041666666666666664 0.044270833333333336
1 0.140625 0.546875 0.036458333333333336 0.033854166666666664
1 0.15234375 0.4908854166666667 0.033854166666666664 0.03125
1 0.3359375 0.12109375 0.020833333333333332 0.033854166666666664
1 0.18489583333333334 0.23958333333333334 0.028645833333333332 0.03125
1 0.3684895833333333 0.55078125 0.033854166666666664 0.036458333333333336
1 0.53125 0.8125 0.03125 0.049479166666666664
1 0.3216145833333333 0.6028645833333334 0.03125 0.033854166666666664
1 0.2877604166666667 0.5755208333333334 0.028645833333333332 0.0390625
1 0.7005208333333334 0.4635416666666667 0.033854166666666664 0.018229166666666668
1 0.6497395833333334 0.4895833333333333 0.028645833333333332 0.041666666666666664
1 0.6796875 0.4453125 0.0390625 0.0234375
1 0.6263020833333334 0.40234375 0.041666666666666664 0.036458333333333336
1 0.4622395833333333 0.7200520833333334 0.026041666666666668 0.041666666666666664
1 0.5963541666666666 0.4010416666666667 0.020833333333333332 0.046875
1 0.5286458333333334 0.5768229166666666 0.036458333333333336 0.018229166666666668
1 0.44921875 0.3763020833333333 0.0390625 0.033854166666666664
1 0.13411458333333334 0.5 0.0390625 0.0234375
1 0.13151041666666666 0.5182291666666666 0.036458333333333336 0.013020833333333334
1 0.5377604166666666 0.45703125 0.033854166666666664 0.0234375
1 0.4791666666666667 0.9205729166666666 0.041666666666666664 0.052083333333333336
1 0.51171875 0.52734375 0.033854166666666664 0.020833333333333332
1 0.24348958333333334 0.5833333333333334 0.03125 0.049479166666666664
1 0.4231770833333333 0.3528645833333333 0.0234375 0.046875
1 0.3255208333333333 0.1796875 0.018229166666666668 0.0546875
1 0.3450520833333333 0.5299479166666666 0.03125 0.0390625
1 0.3463541666666667 0.7161458333333334 0.020833333333333332 0.0546875
1 0.4049479166666667 0.7278645833333334 0.03125 0.044270833333333336
1 0.1015625 0.4934895833333333 0.033854166666666664 0.03125
1 0.28125 0.3255208333333333 0.033854166666666664 0.036458333333333336
1 0.5625 0.3958333333333333 0.018229166666666668 0.036458333333333336
1 0.11197916666666667 0.53515625 0.041666666666666664 0.0234375
1 0.265625 0.6731770833333334 0.028645833333333332 0.049479166666666664
1 0.02734375 0.53125 0.03125 0.041666666666666664
1 0.3033854166666667 0.3125 0.028645833333333332 0.049479166666666664
1 0.8203125 0.6875 0.0390625 0.020833333333333332
1 0.4127604166666667 0.24479166666666666 0.033854166666666664 0.03125
1 0.2682291666666667 0.4466145833333333 0.026041666666666668 0.0390625
1 0.3072916666666667 0.28125 0.03125 0.036458333333333336
1 0.65625 0.4283854166666667 0.041666666666666664 0.026041666666666668
1 0.4778645833333333 0.7161458333333334 0.013020833333333334 0.0390625
1 0.4700520833333333 0.3841145833333333 0.026041666666666668 0.041666666666666664
1 0.53515625 0.3880208333333333 0.020833333333333332 0.0390625
1 0.5325520833333334 0.4192708333333333 0.041666666666666664 0.0390625