1 0.3372395833333333 0.8645833333333334 0.03125 0.15104166666666666
1 0.4244791666666667 0.22786458333333334 0.052083333333333336 0.0546875
1 0.64453125 0.23177083333333334 0.026041666666666668 0.09895833333333333
1 0.34765625 0.4036458333333333 0.036458333333333336 0.0546875
1 0.5065104166666666 0.2708333333333333 0.057291666666666664 0.09375
1 0.76953125 0.2942708333333333 0.03125 0.046875
1 0.7994791666666666 0.30859375 0.03125 0.125
1 0.3541666666666667 0.29296875 0.06510416666666667 0.052083333333333336
1 0.4427083333333333 0.7578125 0.020833333333333332 0.109375
1 0.76953125 0.23307291666666666 0.0390625 0.10677083333333333
1 0.703125 0.11197916666666667 0.057291666666666664 0.11458333333333333
1 0.47265625 0.2421875 0.033854166666666664 0.033854166666666664
1 0.3776041666666667 0.8971354166666666 0.057291666666666664 0.08333333333333333
1 0.4296875 0.20052083333333334 0.059895833333333336 0.08854166666666667
1 0.23958333333333334 0.14322916666666666 0.033854166666666664 0.041666666666666664