1 0.54296875 0.23697916666666666 0.0390625 0.0546875
1 0.6341145833333334 0.5364583333333334 0.036458333333333336 0.049479166666666664
1 0.6979166666666666 0.5221354166666666 0.036458333333333336 0.0390625
1 0.6979166666666666 0.7330729166666666 0.036458333333333336 0.041666666666666664
1 0.5859375 0.50390625 0.036458333333333336 0.041666666666666664
1 0.5638020833333334 0.6783854166666666 0.033854166666666664 0.028645833333333332
1 0.671875 0.8033854166666666 0.033854166666666664 0.036458333333333336
1 0.6471354166666666 0.7682291666666666 0.03125 0.03125
1 0.5794270833333334 0.23307291666666666 0.0390625 0.036458333333333336
1 0.58984375 0.3190104166666667 0.033854166666666664 0.03125
1 0.5638020833333334 0.4127604166666667 0.0390625 0.044270833333333336
1 0.6067708333333334 0.4830729166666667 0.028645833333333332 0.044270833333333336
1 0.7630208333333334 0.7239583333333334 0.026041666666666668 0.041666666666666664
1 0.7135416666666666 0.6080729166666666 0.028645833333333332 0.0546875
1 0.7005208333333334 0.6953125 0.033854166666666664 0.041666666666666664
1 0.6809895833333334 0.6692708333333334 0.036458333333333336 0.049479166666666664
1 0.6223958333333334 0.68359375 0.028645833333333332 0.049479166666666664
1 0.62890625 0.57421875 0.028645833333333332 0.046875
1 0.5520833333333334 0.7213541666666666 0.03125 0.057291666666666664
1 0.5807291666666666 0.7838541666666666 0.033854166666666664 0.044270833333333336
1 0.6458333333333334 0.8020833333333334 0.026041666666666668 0.044270833333333336
1 0.5338541666666666 0.5182291666666666 0.044270833333333336 0.049479166666666664
1 0.6315104166666666 0.7565104166666666 0.033854166666666664 0.049479166666666664
1 0.64453125 0.17578125 0.036458333333333336 0.052083333333333336
1 0.5481770833333334 0.2903645833333333 0.036458333333333336 0.033854166666666664
1 0.6184895833333334 0.4166666666666667 0.03125 0.0234375
1 0.7903645833333334 0.6145833333333334 0.03125 0.049479166666666664
1 0.8268229166666666 0.62109375 0.044270833333333336 0.057291666666666664
1 0.6653645833333334 0.67578125 0.03125 0.046875
1 0.703125 0.7799479166666666 0.03125 0.049479166666666664
1 0.6927083333333334 0.7786458333333334 0.03125 0.041666666666666664
1 0.5924479166666666 0.609375 0.033854166666666664 0.046875
1 0.55859375 0.5182291666666666 0.03125 0.049479166666666664
1 0.5065104166666666 0.4231770833333333 0.036458333333333336 0.036458333333333336
1 0.4869791666666667 0.4401041666666667 0.033854166666666664 0.049479166666666664
1 0.4713541666666667 0.4114583333333333 0.033854166666666664 0.0390625
1 0.4518229166666667 0.296875 0.033854166666666664 0.033854166666666664
1 0.5052083333333334 0.37890625 0.041666666666666664 0.041666666666666664
1 0.6432291666666666 0.515625 0.033854166666666664 0.033854166666666664
1 0.6067708333333334 0.5182291666666666 0.036458333333333336 0.046875
1 0.6067708333333334 0.6341145833333334 0.0390625 0.036458333333333336
1 0.5078125 0.30078125 0.041666666666666664 0.049479166666666664
1 0.5598958333333334 0.3307291666666667 0.0390625 0.049479166666666664
1 0.6705729166666666 0.33984375 0.03125 0.057291666666666664
1 0.5924479166666666 0.4348958333333333 0.0390625 0.041666666666666664
1 0.5716145833333334 0.3854166666666667 0.036458333333333336 0.06770833333333333
1 0.6666666666666666 0.4557291666666667 0.036458333333333336 0.044270833333333336
1 0.7174479166666666 0.52734375 0.036458333333333336 0.049479166666666664
1 0.7708333333333334 0.57421875 0.036458333333333336 0.0546875
1 0.76171875 0.69140625 0.0390625 0.0390625
1 0.63671875 0.64453125 0.036458333333333336 0.036458333333333336
1 0.6041666666666666 0.66796875 0.026041666666666668 0.046875
1 0.5794270833333334 0.5416666666666666 0.036458333333333336 0.0546875
1 0.5260416666666666 0.6783854166666666 0.036458333333333336 0.046875
1 0.5755208333333334 0.7291666666666666 0.036458333333333336 0.046875
1 0.546875 0.7916666666666666 0.036458333333333336 0.052083333333333336
1 0.5924479166666666 0.7630208333333334 0.03125 0.03125
1 0.6575520833333334 0.5364583333333334 0.028645833333333332 0.026041666666666668
1 0.7291666666666666 0.5859375 0.03125 0.0390625
1 0.5625 0.5546875 0.03125 0.046875
1 0.5520833333333334 0.2109375 0.036458333333333336 0.041666666666666664
1 0.5221354166666666 0.27734375 0.033854166666666664 0.036458333333333336
1 0.70703125 0.4283854166666667 0.0390625 0.0390625
1 0.6953125 0.5 0.041666666666666664 0.044270833333333336
1 0.5703125 0.61328125 0.026041666666666668 0.049479166666666664
1 0.5638020833333334 0.6354166666666666 0.036458333333333336 0.044270833333333336
1 0.4856770833333333 0.65234375 0.033854166666666664 0.033854166666666664
1 0.58984375 0.7200520833333334 0.03125 0.052083333333333336
1 0.5364583333333334 0.4791666666666667 0.033854166666666664 0.059895833333333336
1 0.4856770833333333 0.4114583333333333 0.026041666666666668 0.041666666666666664
1 0.46484375 0.3489583333333333 0.044270833333333336 0.044270833333333336
1 0.6276041666666666 0.3424479166666667 0.046875 0.046875
1 0.6549479166666666 0.4049479166666667 0.033854166666666664 0.03125
1 0.546875 0.3489583333333333 0.03125 0.059895833333333336
1 0.6484375 0.4713541666666667 0.03125 0.046875
1 0.6875 0.45703125 0.033854166666666664 0.0546875
1 0.7916666666666666 0.51171875 0.036458333333333336 0.046875
1 0.7721354166666666 0.5221354166666666 0.03125 0.026041666666666668
1 0.77734375 0.7369791666666666 0.028645833333333332 0.044270833333333336
1 0.6901041666666666 0.6627604166666666 0.033854166666666664 0.0390625
1 0.6002604166666666 0.5481770833333334 0.026041666666666668 0.041666666666666664
1 0.5638020833333334 0.76171875 0.036458333333333336 0.036458333333333336
1 0.6145833333333334 0.7994791666666666 0.03125 0.036458333333333336
1 0.5052083333333334 0.4049479166666667 0.0390625 0.033854166666666664
1 0.6080729166666666 0.7565104166666666 0.03125 0.028645833333333332
1 0.5299479166666666 0.24609375 0.036458333333333336 0.036458333333333336
1 0.5221354166666666 0.22135416666666666 0.0390625 0.041666666666666664
1 0.6015625 0.3932291666666667 0.028645833333333332 0.044270833333333336
1 0.62109375 0.4661458333333333 0.03125 0.033854166666666664
1 0.6549479166666666 0.4453125 0.033854166666666664 0.049479166666666664
1 0.7630208333333334 0.50390625 0.036458333333333336 0.03125
1 0.6796875 0.6302083333333334 0.036458333333333336 0.0546875
1 0.62109375 0.609375 0.036458333333333336 0.049479166666666664
1 0.5494791666666666 0.58203125 0.036458333333333336 0.052083333333333336
1 0.6328125 0.7213541666666666 0.0390625 0.041666666666666664
1 0.7265625 0.6145833333333334 0.0390625 0.0625
1 0.5716145833333334 0.4322916666666667 0.036458333333333336 0.036458333333333336
1 0.5416666666666666 0.5455729166666666 0.03125 0.036458333333333336
1 0.5989583333333334 0.7786458333333334 0.033854166666666664 0.033854166666666664
1 0.5286458333333334 0.18489583333333334 0.033854166666666664 0.03125
1 0.4973958333333333 0.20703125 0.033854166666666664 0.052083333333333336
1 0.4830729166666667 0.2903645833333333 0.041666666666666664 0.0390625
1 0.59375 0.3359375 0.033854166666666664 0.033854166666666664
1 0.6354166666666666 0.3893229166666667 0.033854166666666664 0.036458333333333336
1 0.5625 0.3763020833333333 0.028645833333333332 0.052083333333333336
1 0.5924479166666666 0.4518229166666667 0.036458333333333336 0.041666666666666664
1 0.6927083333333334 0.5494791666666666 0.033854166666666664 0.03125
1 0.7356770833333334 0.4661458333333333 0.033854166666666664 0.049479166666666664
1 0.7135416666666666 0.6875 0.028645833333333332 0.0546875
1 0.6966145833333334 0.6158854166666666 0.03125 0.059895833333333336
1 0.6640625 0.64453125 0.03125 0.044270833333333336
1 0.6354166666666666 0.66015625 0.0390625 0.0390625
1 0.5963541666666666 0.5807291666666666 0.033854166666666664 0.033854166666666664
1 0.5286458333333334 0.62890625 0.03125 0.036458333333333336
1 0.6263020833333334 0.7864583333333334 0.0390625 0.059895833333333336
1 0.5026041666666666 0.5794270833333334 0.03125 0.0546875