1 0.4309895833333333 0.4986979166666667 0.020833333333333332 0.020833333333333332
1 0.4544270833333333 0.5481770833333334 0.015625 0.028645833333333332
1 0.4583333333333333 0.5026041666666666 0.028645833333333332 0.041666666666666664
1 0.4752604166666667 0.48828125 0.0234375 0.026041666666666668
1 0.4908854166666667 0.5625 0.013020833333333334 0.028645833333333332
1 0.4361979166666667 0.52734375 0.026041666666666668 0.0234375
1 0.3880208333333333 0.6888020833333334 0.028645833333333332 0.020833333333333332
1 0.4205729166666667 0.56640625 0.03125 0.03125
1 0.3932291666666667 0.5286458333333334 0.020833333333333332 0.028645833333333332
1 0.4453125 0.4140625 0.010416666666666666 0.018229166666666668
1 0.3958333333333333 0.6484375 0.026041666666666668 0.026041666666666668
1 0.4049479166666667 0.5130208333333334 0.033854166666666664 0.026041666666666668
1 0.4361979166666667 0.640625 0.020833333333333332 0.028645833333333332
1 0.4466145833333333 0.5716145833333334 0.020833333333333332 0.036458333333333336
1 0.4635416666666667 0.4479166666666667 0.013020833333333334 0.033854166666666664
1 0.4453125 0.6510416666666666 0.0234375 0.0234375
1 0.4544270833333333 0.5638020833333334 0.015625 0.028645833333333332
1 0.4596354166666667 0.5364583333333334 0.018229166666666668 0.028645833333333332
1 0.4791666666666667 0.5755208333333334 0.028645833333333332 0.020833333333333332
1 0.4427083333333333 0.4622395833333333 0.020833333333333332 0.036458333333333336
1 0.4518229166666667 0.4049479166666667 0.013020833333333334 0.0234375
1 0.4192708333333333 0.58984375 0.018229166666666668 0.028645833333333332
1 0.4830729166666667 0.5013020833333334 0.026041666666666668 0.015625
1 0.4283854166666667 0.4830729166666667 0.026041666666666668 0.015625
1 0.4583333333333333 0.4700520833333333 0.015625 0.018229166666666668
1 0.4518229166666667 0.4479166666666667 0.010416666666666666 0.0234375