1 0.3333333333333333 0.4791666666666667 0.0234375 0.015625
1 0.5091145833333334 0.4609375 0.013020833333333334 0.020833333333333332
1 0.55078125 0.63671875 0.0234375 0.03125
1 0.5052083333333334 0.6549479166666666 0.0234375 0.03125
1 0.4752604166666667 0.4518229166666667 0.026041666666666668 0.03125
1 0.4739583333333333 0.46875 0.0234375 0.013020833333333334
1 0.4765625 0.4322916666666667 0.0234375 0.018229166666666668
1 0.46484375 0.4466145833333333 0.020833333333333332 0.028645833333333332
1 0.4127604166666667 0.41015625 0.015625 0.028645833333333332
1 0.31640625 0.453125 0.018229166666666668 0.033854166666666664
1 0.3229166666666667 0.4895833333333333 0.028645833333333332 0.026041666666666668
1 0.2955729166666667 0.51171875 0.0234375 0.033854166666666664
1 0.3984375 0.5794270833333334 0.03125 0.020833333333333332
1 0.3072916666666667 0.55859375 0.020833333333333332 0.0390625
1 0.51171875 0.2669270833333333 0.0234375 0.018229166666666668
1 0.6536458333333334 0.4322916666666667 0.0234375 0.026041666666666668
1 0.5963541666666666 0.39453125 0.020833333333333332 0.020833333333333332
1 0.55078125 0.3424479166666667 0.0234375 0.018229166666666668
1 0.5546875 0.35546875 0.03125 0.020833333333333332
1 0.640625 0.2877604166666667 0.0234375 0.0234375
1 0.7447916666666666 0.4869791666666667 0.018229166666666668 0.028645833333333332
1 0.7447916666666666 0.6080729166666666 0.020833333333333332 0.03125
1 0.76171875 0.7005208333333334 0.020833333333333332 0.028645833333333332
1 0.3997395833333333 0.4596354166666667 0.020833333333333332 0.0390625
1 0.28515625 0.3125 0.028645833333333332 0.033854166666666664
1 0.69921875 0.4010416666666667 0.028645833333333332 0.0234375
1 0.5872395833333334 0.6158854166666666 0.018229166666666668 0.020833333333333332
1 0.5690104166666666 0.5611979166666666 0.0234375 0.033854166666666664
1 0.5286458333333334 0.3424479166666667 0.0234375 0.028645833333333332
1 0.328125 0.4296875 0.026041666666666668 0.018229166666666668
1 0.3346354166666667 0.44921875 0.026041666666666668 0.028645833333333332
1 0.3294270833333333 0.3346354166666667 0.0234375 0.036458333333333336
1 0.23697916666666666 0.4140625 0.020833333333333332 0.033854166666666664
1 0.3515625 0.5338541666666666 0.0234375 0.03125
1 0.3541666666666667 0.5442708333333334 0.0234375 0.033854166666666664
1 0.28125 0.6640625 0.026041666666666668 0.015625
1 0.3893229166666667 0.3203125 0.026041666666666668 0.03125
1 0.6875 0.4153645833333333 0.018229166666666668 0.026041666666666668
1 0.6705729166666666 0.6927083333333334 0.015625 0.033854166666666664
1 0.6848958333333334 0.6041666666666666 0.0234375 0.015625
1 0.5286458333333334 0.4739583333333333 0.018229166666666668 0.020833333333333332
1 0.75390625 0.7018229166666666 0.018229166666666668 0.0234375
1 0.5520833333333334 0.5325520833333334 0.020833333333333332 0.0234375
1 0.4830729166666667 0.6809895833333334 0.020833333333333332 0.015625
1 0.6028645833333334 0.4661458333333333 0.026041666666666668 0.020833333333333332
1 0.4166666666666667 0.4348958333333333 0.028645833333333332 0.026041666666666668
1 0.30859375 0.4375 0.018229166666666668 0.033854166666666664
1 0.34765625 0.3294270833333333 0.026041666666666668 0.018229166666666668
1 0.2565104166666667 0.34765625 0.028645833333333332 0.020833333333333332
1 0.6640625 0.4088541666666667 0.020833333333333332 0.020833333333333332
1 0.5729166666666666 0.2760416666666667 0.0234375 0.028645833333333332
1 0.6588541666666666 0.5651041666666666 0.03125 0.028645833333333332
1 0.7578125 0.63671875 0.026041666666666668 0.03125
1 0.75 0.7291666666666666 0.026041666666666668 0.036458333333333336
1 0.7109375 0.7721354166666666 0.028645833333333332 0.026041666666666668
1 0.6536458333333334 0.3580729166666667 0.026041666666666668 0.03125
1 0.8515625 0.49609375 0.015625 0.0234375
1 0.2916666666666667 0.56640625 0.020833333333333332 0.03125
1 0.4947916666666667 0.4622395833333333 0.026041666666666668 0.033854166666666664
1 0.2903645833333333 0.4583333333333333 0.026041666666666668 0.020833333333333332
1 0.5078125 0.27734375 0.03125 0.020833333333333332
1 0.5911458333333334 0.3736979166666667 0.0234375 0.026041666666666668
1 0.21744791666666666 0.5065104166666666 0.015625 0.03125
1 0.21614583333333334 0.5390625 0.015625 0.026041666666666668
1 0.3463541666666667 0.4973958333333333 0.020833333333333332 0.036458333333333336
1 0.48828125 0.47265625 0.013020833333333334 0.028645833333333332
1 0.51953125 0.4440104166666667 0.0234375 0.0234375
1 0.17838541666666666 0.37109375 0.020833333333333332 0.028645833333333332
1 0.22265625 0.3828125 0.028645833333333332 0.026041666666666668
1 0.5221354166666666 0.296875 0.026041666666666668 0.0234375
1 0.5911458333333334 0.44140625 0.028645833333333332 0.018229166666666668
1 0.6041666666666666 0.421875 0.028645833333333332 0.028645833333333332
1 0.69140625 0.3880208333333333 0.026041666666666668 0.0390625
1 0.8229166666666666 0.3723958333333333 0.026041666666666668 0.033854166666666664
1 0.6809895833333334 0.71484375 0.015625 0.03125
1 0.5572916666666666 0.4453125 0.028645833333333332 0.036458333333333336
1 0.5677083333333334 0.3802083333333333 0.0234375 0.013020833333333334
1 0.5 0.25 0.020833333333333332 0.03125
1 0.40625 0.4609375 0.018229166666666668 0.041666666666666664
1 0.3151041666666667 0.6015625 0.028645833333333332 0.028645833333333332
1 0.3372395833333333 0.5416666666666666 0.0234375 0.028645833333333332
1 0.5729166666666666 0.5950520833333334 0.03125 0.026041666666666668
1 0.5611979166666666 0.5703125 0.018229166666666668 0.033854166666666664
1 0.5611979166666666 0.51171875 0.0234375 0.0234375
1 0.6106770833333334 0.5052083333333334 0.0234375 0.0234375
1 0.3997395833333333 0.3450520833333333 0.020833333333333332 0.026041666666666668
1 0.5091145833333334 0.3333333333333333 0.03125 0.03125
1 0.6927083333333334 0.4869791666666667 0.0234375 0.018229166666666668
1 0.7330729166666666 0.4986979166666667 0.018229166666666668 0.03125
1 0.7890625 0.5768229166666666 0.020833333333333332 0.026041666666666668
1 0.5325520833333334 0.4557291666666667 0.015625 0.028645833333333332
1 0.609375 0.4088541666666667 0.020833333333333332 0.015625
1 0.6315104166666666 0.4192708333333333 0.018229166666666668 0.028645833333333332
1 0.67578125 0.4010416666666667 0.020833333333333332 0.026041666666666668
1 0.6705729166666666 0.7395833333333334 0.018229166666666668 0.03125
1 0.50390625 0.60546875 0.020833333333333332 0.03125
1 0.5481770833333334 0.5130208333333334 0.020833333333333332 0.0234375
1 0.515625 0.34765625 0.015625 0.026041666666666668
1 0.30078125 0.2864583333333333 0.0234375 0.028645833333333332
1 0.3255208333333333 0.5338541666666666 0.0234375 0.0234375
1 0.58984375 0.2994791666666667 0.026041666666666668 0.028645833333333332
1 0.8372395833333334 0.4010416666666667 0.018229166666666668 0.0390625
1 0.8138020833333334 0.39453125 0.026041666666666668 0.0234375
1 0.7565104166666666 0.50390625 0.018229166666666668 0.033854166666666664
1 0.1171875 0.4622395833333333 0.0234375 0.018229166666666668
1 0.5807291666666666 0.5260416666666666 0.0234375 0.028645833333333332
1 0.734375 0.5234375 0.020833333333333332 0.028645833333333332
1 0.6796875 0.7916666666666666 0.026041666666666668 0.026041666666666668
1 0.5481770833333334 0.5807291666666666 0.013020833333333334 0.0234375
1 0.5703125 0.54296875 0.0234375 0.020833333333333332
1 0.3255208333333333 0.45703125 0.015625 0.026041666666666668
1 0.2955729166666667 0.4231770833333333 0.026041666666666668 0.033854166666666664
1 0.35546875 0.5052083333333334 0.015625 0.026041666666666668
1 0.48046875 0.24479166666666666 0.015625 0.03125
1 0.6770833333333334 0.37890625 0.028645833333333332 0.036458333333333336
1 0.73046875 0.3984375 0.026041666666666668 0.026041666666666668
1 0.7473958333333334 0.4986979166666667 0.018229166666666668 0.03125
1 0.75 0.5950520833333334 0.015625 0.026041666666666668
1 0.4270833333333333 0.4114583333333333 0.0234375 0.015625
1 0.3841145833333333 0.3919270833333333 0.0234375 0.026041666666666668
1 0.4817708333333333 0.3411458333333333 0.026041666666666668 0.018229166666666668
1 0.4908854166666667 0.3190104166666667 0.028645833333333332 0.033854166666666664
1 0.48828125 0.2526041666666667 0.020833333333333332 0.03125
1 0.7447916666666666 0.3880208333333333 0.0234375 0.0234375
1 0.5182291666666666 0.25390625 0.026041666666666668 0.020833333333333332
1 0.5872395833333334 0.6302083333333334 0.026041666666666668 0.018229166666666668
1 0.51171875 0.58203125 0.018229166666666668 0.03125
1 0.6705729166666666 0.3489583333333333 0.026041666666666668 0.03125
1 0.6236979166666666 0.5247395833333334 0.018229166666666668 0.020833333333333332
1 0.2682291666666667 0.2565104166666667 0.0234375 0.036458333333333336
1 0.3020833333333333 0.4713541666666667 0.033854166666666664 0.020833333333333332
1 0.4895833333333333 0.2708333333333333 0.015625 0.018229166666666668
1 0.69140625 0.6158854166666666 0.018229166666666668 0.0234375
1 0.6171875 0.5247395833333334 0.018229166666666668 0.026041666666666668
1 0.5169270833333334 0.5520833333333334 0.020833333333333332 0.028645833333333332
1 0.5403645833333334 0.6549479166666666 0.020833333333333332 0.03125
1 0.59375 0.43359375 0.03125 0.03125
1 0.5403645833333334 0.3020833333333333 0.0234375 0.036458333333333336
1 0.4635416666666667 0.2760416666666667 0.028645833333333332 0.028645833333333332
1 0.50390625 0.22526041666666666 0.026041666666666668 0.018229166666666668
1 0.5377604166666666 0.3645833333333333 0.015625 0.03125
1 0.61328125 0.3802083333333333 0.028645833333333332 0.020833333333333332
1 0.7643229166666666 0.3502604166666667 0.026041666666666668 0.036458333333333336
1 0.6809895833333334 0.5013020833333334 0.020833333333333332 0.028645833333333332
1 0.7369791666666666 0.6028645833333334 0.026041666666666668 0.028645833333333332
1 0.5143229166666666 0.60546875 0.015625 0.026041666666666668