1 0.30078125 0.60546875 0.020833333333333332 0.018229166666666668
1 0.53125 0.71875 0.0234375 0.0234375
1 0.4453125 0.7122395833333334 0.010416666666666666 0.0546875
1 0.3932291666666667 0.6875 0.0234375 0.026041666666666668
1 0.3802083333333333 0.5885416666666666 0.026041666666666668 0.028645833333333332
1 0.3268229166666667 0.7721354166666666 0.020833333333333332 0.0546875
1 0.3372395833333333 0.7018229166666666 0.018229166666666668 0.036458333333333336
1 0.34375 0.67578125 0.018229166666666668 0.0390625
1 0.4388020833333333 0.59765625 0.020833333333333332 0.033854166666666664
1 0.4127604166666667 0.57421875 0.010416666666666666 0.046875
1 0.4986979166666667 0.62890625 0.026041666666666668 0.036458333333333336
1 0.7174479166666666 0.6106770833333334 0.010416666666666666 0.0546875
1 0.4856770833333333 0.53515625 0.015625 0.0390625
1 0.69140625 0.4596354166666667 0.013020833333333334 0.036458333333333336
1 0.6145833333333334 0.5 0.020833333333333332 0.0390625
1 0.6080729166666666 0.4557291666666667 0.010416666666666666 0.0546875
1 0.59765625 0.4817708333333333 0.018229166666666668 0.041666666666666664
1 0.5572916666666666 0.4622395833333333 0.018229166666666668 0.046875
1 0.5403645833333334 0.45703125 0.020833333333333332 0.0390625
1 0.5247395833333334 0.5 0.026041666666666668 0.03125
1 0.50390625 0.4479166666666667 0.018229166666666668 0.0390625
1 0.4739583333333333 0.4244791666666667 0.015625 0.049479166666666664
1 0.4348958333333333 0.45703125 0.010416666666666666 0.044270833333333336
1 0.4153645833333333 0.4661458333333333 0.020833333333333332 0.044270833333333336
1 0.5520833333333334 0.3802083333333333 0.018229166666666668 0.036458333333333336
1 0.5234375 0.35546875 0.020833333333333332 0.046875
1 0.4700520833333333 0.2747395833333333 0.013020833333333334 0.041666666666666664
1 0.3072916666666667 0.4934895833333333 0.0234375 0.036458333333333336
1 0.3528645833333333 0.4244791666666667 0.013020833333333334 0.044270833333333336
1 0.3385416666666667 0.4752604166666667 0.03125 0.020833333333333332
1 0.3072916666666667 0.4609375 0.018229166666666668 0.036458333333333336
1 0.2565104166666667 0.21614583333333334 0.0078125 0.046875
1 0.28515625 0.4765625 0.0234375 0.026041666666666668