1 0.4557291666666667 0.7630208333333334 0.028645833333333332 0.033854166666666664
1 0.5559895833333334 0.4869791666666667 0.026041666666666668 0.059895833333333336
1 0.4401041666666667 0.25 0.03125 0.044270833333333336
1 0.4869791666666667 0.22916666666666666 0.0390625 0.057291666666666664
1 0.4778645833333333 0.7903645833333334 0.033854166666666664 0.036458333333333336
1 0.53515625 0.7369791666666666 0.0234375 0.052083333333333336
1 0.4244791666666667 0.3098958333333333 0.020833333333333332 0.057291666666666664
1 0.54296875 0.7630208333333334 0.026041666666666668 0.0546875
1 0.5026041666666666 0.28515625 0.026041666666666668 0.059895833333333336
1 0.5013020833333334 0.5364583333333334 0.036458333333333336 0.049479166666666664
1 0.5143229166666666 0.75 0.020833333333333332 0.0546875