1 0.58203125 0.3580729166666667 0.07552083333333333 0.06510416666666667
1 0.26953125 0.7265625 0.078125 0.078125
1 0.3971354166666667 0.7096354166666666 0.06770833333333333 0.057291666666666664
1 0.4283854166666667 0.63671875 0.1015625 0.09114583333333333
1 0.5625 0.6875 0.07552083333333333 0.0703125
1 0.2734375 0.5989583333333334 0.1015625 0.0859375
1 0.2708333333333333 0.7916666666666666 0.078125 0.07552083333333333
1 0.4140625 0.7473958333333334 0.0703125 0.0703125
1 0.62890625 0.7994791666666666 0.08333333333333333 0.078125
1 0.4713541666666667 0.6223958333333334 0.06770833333333333 0.06770833333333333
1 0.6080729166666666 0.73046875 0.059895833333333336 0.06510416666666667
1 0.65234375 0.3229166666666667 0.078125 0.07552083333333333
1 0.39453125 0.9596354166666666 0.09635416666666667 0.08072916666666667
1 0.7473958333333334 0.6276041666666666 0.109375 0.09375
1 0.5065104166666666 0.20703125 0.109375 0.09895833333333333
1 0.5872395833333334 0.7356770833333334 0.06770833333333333 0.059895833333333336
1 0.2721354166666667 0.5364583333333334 0.078125 0.0703125
1 0.41796875 0.5651041666666666 0.09635416666666667 0.078125
1 0.5611979166666666 0.7369791666666666 0.08333333333333333 0.0703125
1 0.3971354166666667 0.6276041666666666 0.07552083333333333 0.06510416666666667