1 0.6705729166666666 0.625 0.028645833333333332 0.049479166666666664
1 0.6822916666666666 0.67578125 0.0234375 0.052083333333333336
1 0.6041666666666666 0.4544270833333333 0.018229166666666668 0.020833333333333332
1 0.5690104166666666 0.4947916666666667 0.015625 0.0546875
1 0.5533854166666666 0.4075520833333333 0.0234375 0.0625
1 0.7005208333333334 0.6809895833333334 0.028645833333333332 0.052083333333333336
1 0.6627604166666666 0.4453125 0.03125 0.03125
1 0.4934895833333333 0.6731770833333334 0.018229166666666668 0.052083333333333336
1 0.5755208333333334 0.58984375 0.018229166666666668 0.046875
1 0.6158854166666666 0.7669270833333334 0.036458333333333336 0.026041666666666668
1 0.6848958333333334 0.30859375 0.0234375 0.052083333333333336
1 0.6471354166666666 0.36328125 0.026041666666666668 0.057291666666666664
1 0.6666666666666666 0.7317708333333334 0.026041666666666668 0.0234375
1 0.6940104166666666 0.4309895833333333 0.033854166666666664 0.0234375
1 0.6067708333333334 0.3229166666666667 0.018229166666666668 0.0625
1 0.7083333333333334 0.2890625 0.03125 0.033854166666666664
1 0.609375 0.46875 0.026041666666666668 0.0234375
1 0.5377604166666666 0.69140625 0.033854166666666664 0.044270833333333336
1 0.51953125 0.5638020833333334 0.036458333333333336 0.052083333333333336
1 0.44921875 0.6171875 0.020833333333333332 0.0546875
1 0.5833333333333334 0.41796875 0.033854166666666664 0.028645833333333332
1 0.49609375 0.55859375 0.026041666666666668 0.0546875
1 0.5390625 0.48046875 0.026041666666666668 0.049479166666666664
1 0.546875 0.4947916666666667 0.020833333333333332 0.033854166666666664
1 0.5963541666666666 0.7291666666666666 0.033854166666666664 0.0234375
1 0.4739583333333333 0.6002604166666666 0.013020833333333334 0.044270833333333336
1 0.53125 0.7825520833333334 0.033854166666666664 0.03125
1 0.4856770833333333 0.7513020833333334 0.013020833333333334 0.0390625
1 0.5989583333333334 0.5794270833333334 0.026041666666666668 0.033854166666666664
1 0.6184895833333334 0.6302083333333334 0.033854166666666664 0.03125