1 0.4505208333333333 0.9166666666666666 0.033854166666666664 0.06770833333333333
1 0.33203125 0.61328125 0.041666666666666664 0.044270833333333336
1 0.40625 0.5625 0.033854166666666664 0.052083333333333336
1 0.5169270833333334 0.7473958333333334 0.028645833333333332 0.049479166666666664
1 0.4869791666666667 0.6119791666666666 0.036458333333333336 0.036458333333333336
1 0.5169270833333334 0.6002604166666666 0.03125 0.057291666666666664
1 0.4739583333333333 0.515625 0.028645833333333332 0.052083333333333336
1 0.5364583333333334 0.6302083333333334 0.026041666666666668 0.03125
1 0.5455729166666666 0.3971354166666667 0.03125 0.057291666666666664
1 0.5924479166666666 0.6041666666666666 0.03125 0.0390625
1 0.59375 0.5286458333333334 0.033854166666666664 0.041666666666666664
1 0.5377604166666666 0.55078125 0.036458333333333336 0.036458333333333336
1 0.5403645833333334 0.35546875 0.033854166666666664 0.041666666666666664
1 0.453125 0.49609375 0.03125 0.044270833333333336
1 0.46484375 0.4075520833333333 0.026041666666666668 0.033854166666666664
1 0.5833333333333334 0.5729166666666666 0.020833333333333332 0.0390625
1 0.33203125 0.7721354166666666 0.036458333333333336 0.0546875
1 0.3932291666666667 0.7682291666666666 0.03125 0.0625
1 0.4752604166666667 0.72265625 0.033854166666666664 0.052083333333333336
1 0.6197916666666666 0.5325520833333334 0.041666666666666664 0.046875
1 0.6158854166666666 0.58203125 0.03125 0.049479166666666664
1 0.5911458333333334 0.66796875 0.028645833333333332 0.059895833333333336
1 0.4361979166666667 0.3671875 0.041666666666666664 0.041666666666666664
1 0.4557291666666667 0.4361979166666667 0.033854166666666664 0.033854166666666664
1 0.40625 0.3125 0.036458333333333336 0.046875
1 0.5338541666666666 0.4479166666666667 0.036458333333333336 0.0546875
1 0.6119791666666666 0.6380208333333334 0.028645833333333332 0.06510416666666667
1 0.40234375 0.2682291666666667 0.03125 0.041666666666666664
1 0.3971354166666667 0.3619791666666667 0.03125 0.036458333333333336
1 0.5729166666666666 0.6236979166666666 0.026041666666666668 0.033854166666666664
1 0.4583333333333333 0.5377604166666666 0.03125 0.041666666666666664
1 0.51953125 0.3736979166666667 0.026041666666666668 0.0625
1 0.4817708333333333 0.53125 0.026041666666666668 0.046875
1 0.4908854166666667 0.4296875 0.0234375 0.036458333333333336
1 0.59375 0.49609375 0.036458333333333336 0.028645833333333332
1 0.4778645833333333 0.296875 0.026041666666666668 0.033854166666666664
1 0.2955729166666667 0.79296875 0.041666666666666664 0.0703125
1 0.3046875 0.7565104166666666 0.0390625 0.0546875
1 0.3815104166666667 0.5533854166666666 0.028645833333333332 0.057291666666666664
1 0.3671875 0.3606770833333333 0.041666666666666664 0.046875
1 0.5598958333333334 0.3450520833333333 0.03125 0.044270833333333336
1 0.40625 0.22135416666666666 0.0390625 0.036458333333333336
1 0.5065104166666666 0.66015625 0.036458333333333336 0.03125
1 0.3984375 0.4544270833333333 0.036458333333333336 0.044270833333333336
1 0.3385416666666667 0.5403645833333334 0.03125 0.052083333333333336
1 0.41796875 0.2890625 0.036458333333333336 0.044270833333333336
1 0.3424479166666667 0.4140625 0.041666666666666664 0.044270833333333336
1 0.5221354166666666 0.7109375 0.028645833333333332 0.044270833333333336
1 0.6223958333333334 0.9505208333333334 0.033854166666666664 0.036458333333333336
1 0.5833333333333334 0.8203125 0.033854166666666664 0.03125
1 0.3190104166666667 0.5729166666666666 0.033854166666666664 0.0390625
1 0.4661458333333333 0.25 0.03125 0.0546875
1 0.5729166666666666 0.3971354166666667 0.033854166666666664 0.046875
1 0.3072916666666667 0.42578125 0.036458333333333336 0.049479166666666664
1 0.6145833333333334 0.7317708333333334 0.033854166666666664 0.057291666666666664
1 0.5611979166666666 0.5247395833333334 0.036458333333333336 0.0625
1 0.59765625 0.5859375 0.033854166666666664 0.0625
1 0.54296875 0.4661458333333333 0.028645833333333332 0.036458333333333336
1 0.4505208333333333 0.5611979166666666 0.036458333333333336 0.033854166666666664
1 0.4622395833333333 0.3177083333333333 0.03125 0.041666666666666664
1 0.4440104166666667 0.24609375 0.036458333333333336 0.044270833333333336
1 0.4010416666666667 0.203125 0.026041666666666668 0.044270833333333336
1 0.62109375 0.9388020833333334 0.044270833333333336 0.041666666666666664
1 0.5559895833333334 0.6184895833333334 0.033854166666666664 0.057291666666666664
1 0.44140625 0.28125 0.046875 0.044270833333333336
1 0.5026041666666666 0.265625 0.026041666666666668 0.03125
1 0.51171875 0.64453125 0.036458333333333336 0.03125
1 0.515625 0.6822916666666666 0.03125 0.026041666666666668
1 0.5078125 0.4583333333333333 0.020833333333333332 0.046875
1 0.4739583333333333 0.3567708333333333 0.0390625 0.036458333333333336
1 0.4140625 0.3619791666666667 0.03125 0.0625
1 0.515625 0.8815104166666666 0.044270833333333336 0.06770833333333333
1 0.5794270833333334 0.7877604166666666 0.028645833333333332 0.0546875
1 0.5859375 0.7447916666666666 0.041666666666666664 0.057291666666666664
1 0.29296875 0.5807291666666666 0.020833333333333332 0.0390625
1 0.3763020833333333 0.58203125 0.036458333333333336 0.041666666666666664
1 0.4192708333333333 0.578125 0.036458333333333336 0.0625
1 0.37890625 0.44140625 0.028645833333333332 0.049479166666666664
1 0.3411458333333333 0.2994791666666667 0.036458333333333336 0.06510416666666667
1 0.5703125 0.15104166666666666 0.036458333333333336 0.057291666666666664
1 0.6497395833333334 0.15104166666666666 0.046875 0.0546875
1 0.625 0.2864583333333333 0.041666666666666664 0.046875
1 0.5234375 0.24479166666666666 0.033854166666666664 0.059895833333333336
1 0.4739583333333333 0.45703125 0.028645833333333332 0.049479166666666664
1 0.4908854166666667 0.7526041666666666 0.041666666666666664 0.0390625
1 0.6015625 0.9583333333333334 0.036458333333333336 0.0546875
1 0.5182291666666666 0.5013020833333334 0.036458333333333336 0.052083333333333336
1 0.5611979166666666 0.7643229166666666 0.033854166666666664 0.0625
1 0.3893229166666667 0.4075520833333333 0.036458333333333336 0.049479166666666664
1 0.4361979166666667 0.4739583333333333 0.0390625 0.0390625
1 0.359375 0.4778645833333333 0.028645833333333332 0.041666666666666664
1 0.3515625 0.5481770833333334 0.03125 0.044270833333333336
1 0.5026041666666666 0.2513020833333333 0.041666666666666664 0.046875
1 0.4934895833333333 0.3502604166666667 0.0390625 0.049479166666666664
1 0.3098958333333333 0.5130208333333334 0.046875 0.044270833333333336
1 0.5963541666666666 0.6419270833333334 0.0234375 0.057291666666666664
1 0.4856770833333333 0.8815104166666666 0.0390625 0.059895833333333336
1 0.2916666666666667 0.5442708333333334 0.028645833333333332 0.049479166666666664
1 0.3919270833333333 0.5234375 0.03125 0.057291666666666664
1 0.3606770833333333 0.06770833333333333 0.041666666666666664 0.0625
1 0.6145833333333334 0.8645833333333334 0.044270833333333336 0.0625
1 0.3658854166666667 0.5338541666666666 0.03125 0.057291666666666664
1 0.3424479166666667 0.4348958333333333 0.0390625 0.044270833333333336
1 0.5286458333333334 0.41015625 0.041666666666666664 0.049479166666666664
1 0.5520833333333334 0.4466145833333333 0.020833333333333332 0.041666666666666664
1 0.5364583333333334 0.4947916666666667 0.03125 0.03125
1 0.4153645833333333 0.8528645833333334 0.041666666666666664 0.044270833333333336
1 0.5572916666666666 0.8841145833333334 0.036458333333333336 0.07552083333333333
1 0.5494791666666666 0.8359375 0.046875 0.046875
1 0.4322916666666667 0.5807291666666666 0.028645833333333332 0.057291666666666664
1 0.5442708333333334 0.73046875 0.03125 0.059895833333333336
1 0.49609375 0.7083333333333334 0.036458333333333336 0.036458333333333336
1 0.4856770833333333 0.69140625 0.03125 0.028645833333333332
1 0.48046875 0.6640625 0.03125 0.03125
1 0.5768229166666666 0.3776041666666667 0.028645833333333332 0.046875
1 0.6575520833333334 0.7473958333333334 0.026041666666666668 0.057291666666666664
1 0.5104166666666666 0.5364583333333334 0.03125 0.052083333333333336
1 0.4244791666666667 0.421875 0.028645833333333332 0.044270833333333336
1 0.4322916666666667 0.4283854166666667 0.028645833333333332 0.052083333333333336
1 0.4192708333333333 0.3020833333333333 0.026041666666666668 0.033854166666666664
1 0.5 0.4622395833333333 0.0234375 0.049479166666666664
1 0.4296875 0.24088541666666666 0.033854166666666664 0.036458333333333336
1 0.3138020833333333 0.5364583333333334 0.028645833333333332 0.03125
1 0.36328125 0.4075520833333333 0.028645833333333332 0.036458333333333336
1 0.5104166666666666 0.18880208333333334 0.026041666666666668 0.044270833333333336
1 0.390625 0.24088541666666666 0.033854166666666664 0.049479166666666664
1 0.4140625 0.17057291666666666 0.0390625 0.052083333333333336
1 0.5625 0.6549479166666666 0.0390625 0.049479166666666664
1 0.3216145833333333 0.4596354166666667 0.03125 0.057291666666666664
1 0.63671875 0.7669270833333334 0.03125 0.0390625
1 0.6393229166666666 0.7317708333333334 0.028645833333333332 0.041666666666666664
1 0.6223958333333334 0.7083333333333334 0.033854166666666664 0.0546875
1 0.5833333333333334 0.4700520833333333 0.036458333333333336 0.044270833333333336
1 0.5885416666666666 0.8580729166666666 0.0390625 0.057291666666666664
1 0.4869791666666667 0.5611979166666666 0.033854166666666664 0.033854166666666664
1 0.4361979166666667 0.5247395833333334 0.03125 0.052083333333333336
1 0.44140625 0.4088541666666667 0.041666666666666664 0.052083333333333336
1 0.4609375 0.58203125 0.026041666666666668 0.028645833333333332
1 0.35546875 0.4544270833333333 0.03125 0.049479166666666664
1 0.4505208333333333 0.3333333333333333 0.026041666666666668 0.049479166666666664
1 0.6276041666666666 0.6328125 0.03125 0.0546875
1 0.4921875 0.296875 0.028645833333333332 0.0546875
1 0.4986979166666667 0.4192708333333333 0.03125 0.049479166666666664
1 0.546875 0.5794270833333334 0.03125 0.0390625
1 0.4674479166666667 0.3802083333333333 0.026041666666666668 0.041666666666666664
1 0.6080729166666666 0.6653645833333334 0.018229166666666668 0.036458333333333336
1 0.46484375 0.4856770833333333 0.020833333333333332 0.049479166666666664
1 0.515625 0.3385416666666667 0.020833333333333332 0.036458333333333336
1 0.34375 0.4817708333333333 0.03125 0.057291666666666664