1 0.5091145833333334 0.4505208333333333 0.033854166666666664 0.044270833333333336
1 0.4856770833333333 0.4908854166666667 0.028645833333333332 0.03125
1 0.3125 0.3971354166666667 0.03125 0.046875
1 0.5299479166666666 0.4609375 0.033854166666666664 0.0390625
1 0.4791666666666667 0.3645833333333333 0.03125 0.0390625
1 0.2734375 0.6692708333333334 0.033854166666666664 0.059895833333333336
1 0.4934895833333333 0.5013020833333334 0.0234375 0.036458333333333336
1 0.51171875 0.5078125 0.028645833333333332 0.046875
1 0.4765625 0.234375 0.0390625 0.057291666666666664
1 0.37109375 0.5651041666666666 0.0234375 0.049479166666666664
1 0.4700520833333333 0.5065104166666666 0.033854166666666664 0.036458333333333336
1 0.4114583333333333 0.515625 0.03125 0.0390625
1 0.2864583333333333 0.6119791666666666 0.0234375 0.041666666666666664
1 0.4192708333333333 0.6458333333333334 0.03125 0.033854166666666664
1 0.8203125 0.2864583333333333 0.036458333333333336 0.046875
1 0.72265625 0.5247395833333334 0.033854166666666664 0.041666666666666664
1 0.7252604166666666 0.5377604166666666 0.03125 0.057291666666666664
1 0.4322916666666667 0.4856770833333333 0.033854166666666664 0.033854166666666664
1 0.7552083333333334 0.5677083333333334 0.026041666666666668 0.044270833333333336
1 0.5104166666666666 0.3880208333333333 0.03125 0.026041666666666668
1 0.3294270833333333 0.7057291666666666 0.03125 0.044270833333333336