1 0.5143229166666666 0.8059895833333334 0.049479166666666664 0.07291666666666667
1 0.4427083333333333 0.5638020833333334 0.046875 0.07552083333333333
1 0.5403645833333334 0.3619791666666667 0.046875 0.0703125
1 0.5338541666666666 0.6783854166666666 0.049479166666666664 0.0625
1 0.4283854166666667 0.3463541666666667 0.049479166666666664 0.059895833333333336
1 0.3828125 0.7291666666666666 0.057291666666666664 0.044270833333333336
1 0.4791666666666667 0.4388020833333333 0.059895833333333336 0.052083333333333336
1 0.29296875 0.3580729166666667 0.07291666666666667 0.0546875
1 0.53515625 0.4973958333333333 0.0546875 0.0546875
1 0.3697916666666667 0.6067708333333334 0.046875 0.078125
1 0.4466145833333333 0.6510416666666666 0.041666666666666664 0.078125
1 0.4140625 0.68359375 0.06510416666666667 0.044270833333333336
1 0.3919270833333333 0.6302083333333334 0.0625 0.044270833333333336
1 0.42578125 0.6315104166666666 0.052083333333333336 0.0703125
1 0.51953125 0.7200520833333334 0.049479166666666664 0.0546875
1 0.4778645833333333 0.6184895833333334 0.0703125 0.057291666666666664
1 0.4270833333333333 0.7682291666666666 0.0546875 0.0703125
1 0.5950520833333334 0.515625 0.059895833333333336 0.049479166666666664
1 0.5755208333333334 0.4739583333333333 0.06770833333333333 0.046875
1 0.4192708333333333 0.3854166666666667 0.0703125 0.049479166666666664
1 0.4296875 0.4583333333333333 0.052083333333333336 0.036458333333333336
1 0.5716145833333334 0.6080729166666666 0.057291666666666664 0.06770833333333333
1 0.4075520833333333 0.44140625 0.059895833333333336 0.049479166666666664
1 0.3515625 0.4934895833333333 0.0390625 0.0625