1 0.69921875 0.6276041666666666 0.09895833333333333 0.08072916666666667
1 0.4427083333333333 0.5052083333333334 0.09635416666666667 0.11979166666666667
1 0.6796875 0.7096354166666666 0.0859375 0.11197916666666667
1 0.2565104166666667 0.4088541666666667 0.07552083333333333 0.08854166666666667
1 0.6861979166666666 0.7473958333333334 0.09635416666666667 0.13020833333333334
1 0.4049479166666667 0.6822916666666666 0.07291666666666667 0.09375
1 0.4127604166666667 0.5559895833333334 0.059895833333333336 0.09635416666666667
1 0.3802083333333333 0.5924479166666666 0.059895833333333336 0.09635416666666667
1 0.5403645833333334 0.2643229166666667 0.08854166666666667 0.08333333333333333
1 0.3450520833333333 0.6875 0.11197916666666667 0.09635416666666667
1 0.5026041666666666 0.48046875 0.06510416666666667 0.08333333333333333
1 0.5260416666666666 0.51953125 0.07291666666666667 0.0703125
1 0.34765625 0.5416666666666666 0.07552083333333333 0.08072916666666667
1 0.11588541666666667 0.3841145833333333 0.08854166666666667 0.12239583333333333
1 0.3372395833333333 0.28515625 0.06510416666666667 0.07552083333333333
1 0.34765625 0.6145833333333334 0.0703125 0.06510416666666667
1 0.3971354166666667 0.3033854166666667 0.10416666666666667 0.1171875
1 0.5013020833333334 0.58984375 0.078125 0.07291666666666667
1 0.4296875 0.7252604166666666 0.078125 0.11458333333333333
1 0.32421875 0.5481770833333334 0.06510416666666667 0.08854166666666667
1 0.49609375 0.5416666666666666 0.10416666666666667 0.08072916666666667
1 0.4518229166666667 0.5442708333333334 0.08072916666666667 0.06770833333333333
1 0.55078125 0.5911458333333334 0.08072916666666667 0.08333333333333333
1 0.5794270833333334 0.5169270833333334 0.08854166666666667 0.09375
1 0.54296875 0.4505208333333333 0.0703125 0.06770833333333333
1 0.5494791666666666 0.5130208333333334 0.09895833333333333 0.11197916666666667
1 0.3697916666666667 0.6770833333333334 0.08072916666666667 0.07291666666666667