0 0.546875 0.23567708333333334 0.14322916666666666 0.16927083333333334
0 0.90234375 0.67578125 0.15625 0.1484375
0 0.3697916666666667 0.4348958333333333 0.17447916666666666 0.1875
0 0.7291666666666666 0.0859375 0.171875 0.171875
0 0.3268229166666667 0.21484375 0.16666666666666666 0.16145833333333334
0 0.6380208333333334 0.21223958333333334 0.171875 0.19270833333333334
0 0.63671875 0.7825520833333334 0.17708333333333334 0.19791666666666666
0 0.4908854166666667 0.5677083333333334 0.13020833333333334 0.125
0 0.62890625 0.4388020833333333 0.1484375 0.20052083333333334
0 0.71875 0.3802083333333333 0.1796875 0.22916666666666666
0 0.3984375 0.8033854166666666 0.19791666666666666 0.20833333333333334