1 0.58203125 0.3489583333333333 0.0234375 0.020833333333333332
1 0.3984375 0.4895833333333333 0.018229166666666668 0.033854166666666664
1 0.4713541666666667 0.2591145833333333 0.015625 0.028645833333333332
1 0.671875 0.3606770833333333 0.026041666666666668 0.028645833333333332
1 0.4817708333333333 0.3294270833333333 0.026041666666666668 0.03125
1 0.3072916666666667 0.6041666666666666 0.026041666666666668 0.026041666666666668
1 0.5572916666666666 0.34375 0.028645833333333332 0.03125
1 0.2526041666666667 0.4869791666666667 0.020833333333333332 0.020833333333333332
1 0.7057291666666666 0.4778645833333333 0.03125 0.036458333333333336
1 0.4609375 0.5625 0.03125 0.033854166666666664
1 0.6015625 0.5572916666666666 0.036458333333333336 0.036458333333333336
1 0.6783854166666666 0.4869791666666667 0.026041666666666668 0.028645833333333332
1 0.4739583333333333 0.21223958333333334 0.0234375 0.028645833333333332
1 0.47265625 0.6471354166666666 0.0234375 0.033854166666666664
1 0.48828125 0.6549479166666666 0.028645833333333332 0.020833333333333332
1 0.5130208333333334 0.66015625 0.0234375 0.0234375
1 0.3776041666666667 0.3229166666666667 0.018229166666666668 0.033854166666666664
1 0.3268229166666667 0.4127604166666667 0.0234375 0.036458333333333336
1 0.55078125 0.33203125 0.03125 0.0234375
1 0.48046875 0.5416666666666666 0.026041666666666668 0.033854166666666664
1 0.4388020833333333 0.5598958333333334 0.0234375 0.036458333333333336
1 0.5638020833333334 0.2903645833333333 0.028645833333333332 0.020833333333333332
1 0.5403645833333334 0.46875 0.028645833333333332 0.03125
1 0.34765625 0.4674479166666667 0.0234375 0.018229166666666668
1 0.6380208333333334 0.2838541666666667 0.026041666666666668 0.033854166666666664
1 0.7265625 0.5598958333333334 0.03125 0.028645833333333332
1 0.4518229166666667 0.35546875 0.020833333333333332 0.036458333333333336
1 0.53515625 0.2630208333333333 0.020833333333333332 0.036458333333333336
1 0.2630208333333333 0.50390625 0.026041666666666668 0.018229166666666668
1 0.36328125 0.2994791666666667 0.03125 0.0234375
1 0.6119791666666666 0.17057291666666666 0.028645833333333332 0.0390625
1 0.5143229166666666 0.3450520833333333 0.026041666666666668 0.0234375
1 0.3619791666666667 0.4622395833333333 0.0234375 0.033854166666666664
1 0.6848958333333334 0.3736979166666667 0.028645833333333332 0.020833333333333332
1 0.6106770833333334 0.4244791666666667 0.03125 0.046875
1 0.6458333333333334 0.40234375 0.018229166666666668 0.036458333333333336
1 0.4583333333333333 0.3294270833333333 0.028645833333333332 0.015625
1 0.2903645833333333 0.4765625 0.020833333333333332 0.036458333333333336
1 0.24739583333333334 0.3059895833333333 0.026041666666666668 0.020833333333333332
1 0.5546875 0.43359375 0.020833333333333332 0.0390625
1 0.3333333333333333 0.359375 0.0234375 0.018229166666666668
1 0.5703125 0.3997395833333333 0.026041666666666668 0.0234375
1 0.37890625 0.4036458333333333 0.018229166666666668 0.03125
1 0.6263020833333334 0.3424479166666667 0.028645833333333332 0.041666666666666664
1 0.5494791666666666 0.5078125 0.03125 0.026041666666666668
1 0.6536458333333334 0.21744791666666666 0.026041666666666668 0.0390625
1 0.5481770833333334 0.15494791666666666 0.020833333333333332 0.03125
1 0.22526041666666666 0.4947916666666667 0.0234375 0.028645833333333332
1 0.4192708333333333 0.2526041666666667 0.03125 0.0390625
1 0.390625 0.3411458333333333 0.020833333333333332 0.026041666666666668
1 0.3502604166666667 0.57421875 0.026041666666666668 0.028645833333333332
1 0.4114583333333333 0.33984375 0.0234375 0.0234375
1 0.4466145833333333 0.2708333333333333 0.020833333333333332 0.03125
1 0.203125 0.4348958333333333 0.026041666666666668 0.020833333333333332
1 0.6705729166666666 0.3098958333333333 0.0234375 0.033854166666666664
1 0.40625 0.6614583333333334 0.026041666666666668 0.018229166666666668
1 0.7135416666666666 0.5390625 0.015625 0.026041666666666668
1 0.21223958333333334 0.5078125 0.018229166666666668 0.033854166666666664
1 0.3020833333333333 0.4739583333333333 0.020833333333333332 0.041666666666666664
1 0.47265625 0.28125 0.03125 0.028645833333333332
1 0.18359375 0.3841145833333333 0.026041666666666668 0.0390625
1 0.34765625 0.5286458333333334 0.026041666666666668 0.018229166666666668
1 0.3919270833333333 0.7239583333333334 0.03125 0.0390625
1 0.5052083333333334 0.3893229166666667 0.018229166666666668 0.028645833333333332
1 0.4036458333333333 0.3880208333333333 0.018229166666666668 0.028645833333333332
1 0.4544270833333333 0.4036458333333333 0.0234375 0.03125
1 0.51953125 0.44140625 0.026041666666666668 0.033854166666666664
1 0.6067708333333334 0.5755208333333334 0.036458333333333336 0.033854166666666664
1 0.6861979166666666 0.5013020833333334 0.0234375 0.0234375
1 0.4752604166666667 0.6901041666666666 0.026041666666666668 0.033854166666666664
1 0.578125 0.4114583333333333 0.028645833333333332 0.026041666666666668
1 0.6302083333333334 0.5859375 0.0234375 0.041666666666666664
1 0.2643229166666667 0.5989583333333334 0.026041666666666668 0.0234375
1 0.25 0.5455729166666666 0.026041666666666668 0.020833333333333332
1 0.5989583333333334 0.4088541666666667 0.026041666666666668 0.0234375
1 0.4283854166666667 0.3567708333333333 0.0234375 0.033854166666666664
1 0.5221354166666666 0.40234375 0.028645833333333332 0.033854166666666664
1 0.4830729166666667 0.3736979166666667 0.028645833333333332 0.028645833333333332
1 0.4622395833333333 0.6184895833333334 0.028645833333333332 0.0390625
1 0.3072916666666667 0.3984375 0.020833333333333332 0.0234375
1 0.6119791666666666 0.3307291666666667 0.028645833333333332 0.033854166666666664
1 0.6419270833333334 0.625 0.028645833333333332 0.036458333333333336
1 0.5221354166666666 0.3033854166666667 0.028645833333333332 0.033854166666666664
1 0.24348958333333334 0.3385416666666667 0.026041666666666668 0.020833333333333332
1 0.44921875 0.4505208333333333 0.018229166666666668 0.03125
1 0.421875 0.49609375 0.018229166666666668 0.033854166666666664
1 0.3489583333333333 0.3841145833333333 0.0234375 0.028645833333333332
1 0.5013020833333334 0.4479166666666667 0.028645833333333332 0.03125
1 0.4674479166666667 0.4283854166666667 0.026041666666666668 0.020833333333333332
1 0.3059895833333333 0.3854166666666667 0.026041666666666668 0.028645833333333332
1 0.5885416666666666 0.37109375 0.026041666666666668 0.03125
1 0.5859375 0.59765625 0.03125 0.0390625
1 0.48828125 0.6614583333333334 0.03125 0.046875