1 0.3450520833333333 0.42578125 0.0234375 0.020833333333333332
1 0.5768229166666666 0.4309895833333333 0.018229166666666668 0.033854166666666664
1 0.3815104166666667 0.2877604166666667 0.015625 0.028645833333333332
1 0.2786458333333333 0.48828125 0.026041666666666668 0.028645833333333332
1 0.4140625 0.3515625 0.026041666666666668 0.03125
1 0.7161458333333334 0.4713541666666667 0.026041666666666668 0.026041666666666668
1 0.3619791666666667 0.4075520833333333 0.028645833333333332 0.03125
1 0.6927083333333334 0.34375 0.020833333333333332 0.020833333333333332
1 0.3216145833333333 0.6028645833333334 0.03125 0.036458333333333336
1 0.5677083333333334 0.52734375 0.03125 0.033854166666666664
1 0.4505208333333333 0.6067708333333334 0.036458333333333336 0.036458333333333336
1 0.3489583333333333 0.59375 0.026041666666666668 0.028645833333333332
1 0.3528645833333333 0.2526041666666667 0.0234375 0.028645833333333332
1 0.609375 0.6028645833333334 0.0234375 0.033854166666666664
1 0.6002604166666666 0.6184895833333334 0.028645833333333332 0.020833333333333332
1 0.5833333333333334 0.63671875 0.0234375 0.0234375
1 0.4947916666666667 0.28515625 0.018229166666666668 0.033854166666666664
1 0.5885416666666666 0.3268229166666667 0.0234375 0.036458333333333336
1 0.359375 0.3932291666666667 0.03125 0.0234375
1 0.5403645833333334 0.5221354166666666 0.026041666666666668 0.033854166666666664
1 0.5846354166666666 0.51171875 0.0234375 0.036458333333333336
1 0.3255208333333333 0.3671875 0.028645833333333332 0.020833333333333332
1 0.44921875 0.4986979166666667 0.028645833333333332 0.03125
1 0.6041666666666666 0.3841145833333333 0.0234375 0.018229166666666668
1 0.26171875 0.40625 0.026041666666666668 0.033854166666666664
1 0.3515625 0.6809895833333334 0.03125 0.028645833333333332
1 0.4544270833333333 0.3541666666666667 0.020833333333333332 0.036458333333333336
1 0.33203125 0.328125 0.020833333333333332 0.036458333333333336
1 0.6940104166666666 0.3645833333333333 0.026041666666666668 0.018229166666666668
1 0.4921875 0.2578125 0.03125 0.0234375
1 0.21614583333333334 0.2994791666666667 0.028645833333333332 0.0390625
1 0.3971354166666667 0.3828125 0.026041666666666668 0.0234375
1 0.58984375 0.3893229166666667 0.0234375 0.033854166666666664
1 0.2760416666666667 0.5065104166666666 0.028645833333333332 0.020833333333333332
1 0.3658854166666667 0.50390625 0.03125 0.046875
1 0.32421875 0.5065104166666666 0.018229166666666668 0.036458333333333336
1 0.43359375 0.3385416666666667 0.028645833333333332 0.015625
1 0.6549479166666666 0.3580729166666667 0.020833333333333332 0.036458333333333336
1 0.58984375 0.19401041666666666 0.026041666666666668 0.020833333333333332
1 0.4166666666666667 0.4791666666666667 0.020833333333333332 0.0390625
1 0.5520833333333334 0.2890625 0.0234375 0.018229166666666668
1 0.3841145833333333 0.4596354166666667 0.026041666666666668 0.0234375
1 0.5416666666666666 0.3502604166666667 0.018229166666666668 0.03125
1 0.3046875 0.4466145833333333 0.028645833333333332 0.041666666666666664
1 0.46484375 0.53515625 0.03125 0.026041666666666668
1 0.20963541666666666 0.3619791666666667 0.026041666666666668 0.0390625
1 0.2578125 0.24869791666666666 0.020833333333333332 0.03125
1 0.71875 0.3346354166666667 0.0234375 0.028645833333333332
1 0.4192708333333333 0.2526041666666667 0.03125 0.0390625
1 0.4947916666666667 0.3072916666666667 0.020833333333333332 0.026041666666666668
1 0.6653645833333334 0.47265625 0.026041666666666668 0.028645833333333332
1 0.4778645833333333 0.3177083333333333 0.0234375 0.0234375
1 0.4088541666666667 0.2825520833333333 0.020833333333333332 0.03125
1 0.7018229166666666 0.2734375 0.026041666666666668 0.020833333333333332
1 0.25 0.4466145833333333 0.0234375 0.033854166666666664
1 0.6705729166666666 0.5755208333333334 0.026041666666666668 0.018229166666666668
1 0.3502604166666667 0.6575520833333334 0.015625 0.026041666666666668
1 0.7369791666666666 0.3372395833333333 0.018229166666666668 0.033854166666666664
1 0.64453125 0.36328125 0.020833333333333332 0.041666666666666664
1 0.3932291666666667 0.3072916666666667 0.03125 0.028645833333333332
1 0.6875 0.22005208333333334 0.026041666666666668 0.0390625
1 0.640625 0.43359375 0.026041666666666668 0.018229166666666668
1 0.71875 0.6171875 0.03125 0.0390625
1 0.4309895833333333 0.4127604166666667 0.018229166666666668 0.028645833333333332
1 0.51171875 0.3528645833333333 0.018229166666666668 0.028645833333333332
1 0.48046875 0.3958333333333333 0.0234375 0.03125
1 0.4505208333333333 0.46484375 0.026041666666666668 0.033854166666666664
1 0.4583333333333333 0.6236979166666666 0.036458333333333336 0.033854166666666664
1 0.3502604166666667 0.6106770833333334 0.0234375 0.0234375
1 0.6315104166666666 0.6393229166666666 0.026041666666666668 0.033854166666666664
1 0.3854166666666667 0.4739583333333333 0.028645833333333332 0.026041666666666668
1 0.4453125 0.6471354166666666 0.0234375 0.041666666666666664
1 0.7486979166666666 0.44140625 0.026041666666666668 0.0234375
1 0.7291666666666666 0.390625 0.026041666666666668 0.020833333333333332
1 0.3658854166666667 0.484375 0.026041666666666668 0.0234375
1 0.47265625 0.3411458333333333 0.0234375 0.033854166666666664
1 0.42578125 0.43359375 0.028645833333333332 0.033854166666666664
1 0.4388020833333333 0.3880208333333333 0.028645833333333332 0.028645833333333332
1 0.6002604166666666 0.5729166666666666 0.028645833333333332 0.0390625
1 0.5963541666666666 0.3046875 0.020833333333333332 0.0234375
1 0.3098958333333333 0.4283854166666667 0.028645833333333332 0.033854166666666664
1 0.4583333333333333 0.6848958333333334 0.028645833333333332 0.036458333333333336
1 0.3658854166666667 0.3541666666666667 0.028645833333333332 0.033854166666666664
1 0.6119791666666666 0.21875 0.026041666666666668 0.020833333333333332
1 0.51171875 0.4309895833333333 0.018229166666666668 0.03125
1 0.5611979166666666 0.4518229166666667 0.018229166666666668 0.033854166666666664
1 0.5546875 0.31640625 0.0234375 0.028645833333333332
1 0.46875 0.4583333333333333 0.028645833333333332 0.03125
1 0.484375 0.4231770833333333 0.026041666666666668 0.020833333333333332
1 0.5885416666666666 0.29296875 0.026041666666666668 0.028645833333333332
1 0.3528645833333333 0.4479166666666667 0.026041666666666668 0.03125
1 0.4869791666666667 0.6302083333333334 0.03125 0.0390625
1 0.6041666666666666 0.6236979166666666 0.03125 0.046875