1 0.3802083333333333 0.5104166666666666 0.046875 0.028645833333333332
1 0.6497395833333334 0.5325520833333334 0.046875 0.033854166666666664
1 0.5221354166666666 0.49609375 0.0390625 0.033854166666666664
1 0.4609375 0.48828125 0.041666666666666664 0.033854166666666664
1 0.58984375 0.5403645833333334 0.0234375 0.020833333333333332
1 0.4557291666666667 0.4518229166666667 0.0390625 0.028645833333333332
1 0.57421875 0.5065104166666666 0.041666666666666664 0.036458333333333336
1 0.4713541666666667 0.5755208333333334 0.0546875 0.028645833333333332
1 0.5651041666666666 0.5494791666666666 0.041666666666666664 0.03125
1 0.4921875 0.4388020833333333 0.052083333333333336 0.028645833333333332
1 0.40234375 0.4947916666666667 0.057291666666666664 0.018229166666666668