1 0.24088541666666666 0.49609375 0.07291666666666667 0.08072916666666667
1 0.61328125 0.6223958333333334 0.0546875 0.1171875
1 0.3424479166666667 0.8997395833333334 0.041666666666666664 0.09635416666666667
1 0.24348958333333334 0.4127604166666667 0.049479166666666664 0.08854166666666667
1 0.2578125 0.63671875 0.046875 0.10416666666666667
1 0.16927083333333334 0.9596354166666666 0.07291666666666667 0.08072916666666667
1 0.3046875 0.859375 0.08072916666666667 0.10677083333333333
1 0.21223958333333334 0.4609375 0.049479166666666664 0.09114583333333333
1 0.65625 0.4921875 0.052083333333333336 0.10677083333333333
1 0.2760416666666667 0.8346354166666666 0.033854166666666664 0.0703125
1 0.15104166666666666 0.58203125 0.0390625 0.09375
1 0.2747395833333333 0.9674479166666666 0.036458333333333336 0.046875
1 0.3776041666666667 0.6901041666666666 0.03125 0.06510416666666667
1 0.078125 0.4778645833333333 0.06510416666666667 0.10677083333333333
1 0.2734375 0.6184895833333334 0.028645833333333332 0.08072916666666667
1 0.13541666666666666 0.7252604166666666 0.052083333333333336 0.057291666666666664
1 0.3958333333333333 0.30078125 0.0703125 0.09895833333333333
1 0.03125 0.5950520833333334 0.0546875 0.109375
1 0.20833333333333334 0.3932291666666667 0.059895833333333336 0.10677083333333333
1 0.3671875 0.4283854166666667 0.049479166666666664 0.059895833333333336
1 0.3294270833333333 0.9505208333333334 0.0703125 0.09114583333333333
1 0.3098958333333333 0.9049479166666666 0.0625 0.09114583333333333
1 0.3046875 0.9661458333333334 0.057291666666666664 0.06770833333333333
1 0.4036458333333333 0.6875 0.041666666666666664 0.10416666666666667
1 0.4140625 0.3971354166666667 0.036458333333333336 0.08072916666666667
1 0.2565104166666667 0.8541666666666666 0.049479166666666664 0.10677083333333333
1 0.125 0.6783854166666666 0.08333333333333333 0.0859375
1 0.15755208333333334 0.84765625 0.0703125 0.15625
1 0.42578125 0.6106770833333334 0.08072916666666667 0.109375
1 0.3763020833333333 0.5442708333333334 0.07552083333333333 0.0625
1 0.12239583333333333 0.8619791666666666 0.046875 0.10677083333333333
1 0.08333333333333333 0.6432291666666666 0.049479166666666664 0.10416666666666667
1 0.3515625 0.65234375 0.07552083333333333 0.07291666666666667