1 0.37109375 0.5989583333333334 0.018229166666666668 0.033854166666666664
1 0.2760416666666667 0.66015625 0.044270833333333336 0.049479166666666664
1 0.2825520833333333 0.6263020833333334 0.049479166666666664 0.041666666666666664
1 0.4348958333333333 0.3671875 0.03125 0.0546875
1 0.3177083333333333 0.63671875 0.041666666666666664 0.033854166666666664
1 0.15234375 0.44140625 0.059895833333333336 0.0703125
1 0.5651041666666666 0.4934895833333333 0.044270833333333336 0.0625
1 0.3541666666666667 0.6588541666666666 0.041666666666666664 0.0546875
1 0.4283854166666667 0.33203125 0.028645833333333332 0.052083333333333336
1 0.39453125 0.4947916666666667 0.041666666666666664 0.052083333333333336
1 0.4479166666666667 0.6119791666666666 0.044270833333333336 0.044270833333333336
1 0.5065104166666666 0.21744791666666666 0.03125 0.046875
1 0.3984375 0.6015625 0.0390625 0.07552083333333333
1 0.4153645833333333 0.3815104166666667 0.03125 0.03125
1 0.6588541666666666 0.3880208333333333 0.049479166666666664 0.0625
1 0.4361979166666667 0.5104166666666666 0.0390625 0.0546875
1 0.3893229166666667 0.4270833333333333 0.0390625 0.044270833333333336
1 0.5234375 0.16536458333333334 0.028645833333333332 0.049479166666666664
1 0.33984375 0.6223958333333334 0.057291666666666664 0.044270833333333336
1 0.3776041666666667 0.2604166666666667 0.028645833333333332 0.049479166666666664
1 0.041666666666666664 0.4361979166666667 0.036458333333333336 0.03125
1 0.4375 0.3450520833333333 0.046875 0.036458333333333336
1 0.36328125 0.6197916666666666 0.033854166666666664 0.041666666666666664