1 0.7786458333333334 0.5364583333333334 0.08333333333333333 0.049479166666666664
1 0.7005208333333334 0.2916666666666667 0.0703125 0.0625
1 0.5377604166666666 0.6419270833333334 0.041666666666666664 0.049479166666666664
1 0.50390625 0.5729166666666666 0.036458333333333336 0.046875
1 0.5859375 0.5924479166666666 0.0703125 0.0703125
1 0.54296875 0.57421875 0.041666666666666664 0.057291666666666664
1 0.5 0.42578125 0.0625 0.057291666666666664
1 0.4713541666666667 0.5572916666666666 0.033854166666666664 0.044270833333333336
1 0.5247395833333334 0.5533854166666666 0.033854166666666664 0.046875
1 0.5091145833333334 0.36328125 0.1015625 0.0703125
1 0.64453125 0.5416666666666666 0.06510416666666667 0.0390625
1 0.6536458333333334 0.2877604166666667 0.049479166666666664 0.06510416666666667
1 0.5078125 0.3815104166666667 0.07291666666666667 0.046875
1 0.6354166666666666 0.3619791666666667 0.0703125 0.0703125
1 0.5651041666666666 0.6770833333333334 0.044270833333333336 0.052083333333333336
0 0.6015625 0.5182291666666666 0.13541666666666666 0.0625