1 0.5286458333333334 0.47265625 0.028645833333333332 0.041666666666666664
1 0.2630208333333333 0.5091145833333334 0.033854166666666664 0.026041666666666668
1 0.4739583333333333 0.41796875 0.044270833333333336 0.033854166666666664
1 0.7486979166666666 0.2981770833333333 0.026041666666666668 0.026041666666666668
1 0.7408854166666666 0.484375 0.026041666666666668 0.036458333333333336
1 0.6979166666666666 0.4986979166666667 0.026041666666666668 0.041666666666666664
1 0.2565104166666667 0.5416666666666666 0.0234375 0.044270833333333336
1 0.5494791666666666 0.65625 0.018229166666666668 0.036458333333333336
1 0.35546875 0.3190104166666667 0.03125 0.0546875
1 0.25390625 0.4856770833333333 0.049479166666666664 0.028645833333333332
1 0.5546875 0.3033854166666667 0.0390625 0.044270833333333336
1 0.4309895833333333 0.3138020833333333 0.033854166666666664 0.018229166666666668
1 0.7200520833333334 0.5130208333333334 0.03125 0.041666666666666664
1 0.4075520833333333 0.50390625 0.0390625 0.0390625
1 0.4752604166666667 0.5260416666666666 0.041666666666666664 0.044270833333333336
1 0.5572916666666666 0.4283854166666667 0.041666666666666664 0.0390625
1 0.4544270833333333 0.4817708333333333 0.028645833333333332 0.015625
1 0.4010416666666667 0.31640625 0.028645833333333332 0.0546875
1 0.6692708333333334 0.5013020833333334 0.03125 0.020833333333333332
1 0.7486979166666666 0.5260416666666666 0.0234375 0.06510416666666667
1 0.4661458333333333 0.359375 0.020833333333333332 0.044270833333333336
1 0.51171875 0.3619791666666667 0.028645833333333332 0.0390625
1 0.4075520833333333 0.6028645833333334 0.03125 0.0859375
1 0.7473958333333334 0.4908854166666667 0.026041666666666668 0.03125
1 0.7760416666666666 0.4140625 0.026041666666666668 0.020833333333333332
1 0.3723958333333333 0.6197916666666666 0.028645833333333332 0.033854166666666664
1 0.6666666666666666 0.4830729166666667 0.033854166666666664 0.028645833333333332
1 0.2877604166666667 0.58203125 0.026041666666666668 0.044270833333333336
1 0.4114583333333333 0.5416666666666666 0.03125 0.0703125
1 0.6236979166666666 0.56640625 0.0390625 0.036458333333333336
1 0.6744791666666666 0.54296875 0.046875 0.041666666666666664
1 0.4348958333333333 0.6458333333333334 0.046875 0.041666666666666664
1 0.5299479166666666 0.39453125 0.0390625 0.028645833333333332
1 0.7265625 0.5013020833333334 0.033854166666666664 0.033854166666666664
1 0.7356770833333334 0.6145833333333334 0.03125 0.03125
1 0.44921875 0.5690104166666666 0.041666666666666664 0.044270833333333336
1 0.4921875 0.29296875 0.033854166666666664 0.03125
1 0.671875 0.6067708333333334 0.028645833333333332 0.036458333333333336
1 0.6015625 0.62890625 0.020833333333333332 0.046875
1 0.7447916666666666 0.6328125 0.041666666666666664 0.028645833333333332
1 0.67578125 0.3854166666666667 0.044270833333333336 0.049479166666666664
1 0.703125 0.6002604166666666 0.041666666666666664 0.046875
1 0.39453125 0.4270833333333333 0.033854166666666664 0.052083333333333336
1 0.6002604166666666 0.5768229166666666 0.015625 0.0546875
1 0.7682291666666666 0.5182291666666666 0.020833333333333332 0.046875
1 0.3515625 0.6236979166666666 0.028645833333333332 0.0546875
1 0.375 0.5963541666666666 0.026041666666666668 0.046875
1 0.4596354166666667 0.45703125 0.033854166666666664 0.041666666666666664
1 0.7135416666666666 0.5638020833333334 0.036458333333333336 0.049479166666666664
1 0.3697916666666667 0.5455729166666666 0.0390625 0.033854166666666664
1 0.5755208333333334 0.3828125 0.03125 0.06770833333333333
1 0.76953125 0.45703125 0.0234375 0.052083333333333336
1 0.3424479166666667 0.5625 0.026041666666666668 0.046875
1 0.5794270833333334 0.5885416666666666 0.020833333333333332 0.049479166666666664
1 0.5651041666666666 0.6328125 0.020833333333333332 0.052083333333333336
1 0.37890625 0.5234375 0.049479166666666664 0.041666666666666664
1 0.77734375 0.3802083333333333 0.036458333333333336 0.059895833333333336
1 0.5546875 0.5885416666666666 0.020833333333333332 0.0390625
1 0.4869791666666667 0.546875 0.028645833333333332 0.041666666666666664
1 0.37109375 0.5690104166666666 0.03125 0.033854166666666664
1 0.3697916666666667 0.3658854166666667 0.033854166666666664 0.03125
1 0.7513020833333334 0.41015625 0.03125 0.044270833333333336
1 0.58203125 0.6393229166666666 0.020833333333333332 0.044270833333333336
1 0.5690104166666666 0.6731770833333334 0.046875 0.033854166666666664
1 0.54296875 0.23177083333333334 0.026041666666666668 0.057291666666666664
1 0.4453125 0.265625 0.028645833333333332 0.0390625
1 0.4010416666666667 0.6236979166666666 0.0234375 0.041666666666666664
1 0.7265625 0.3606770833333333 0.044270833333333336 0.049479166666666664
1 0.50390625 0.3997395833333333 0.028645833333333332 0.0234375
1 0.74609375 0.453125 0.028645833333333332 0.026041666666666668
1 0.3645833333333333 0.4296875 0.0234375 0.033854166666666664
1 0.5677083333333334 0.6614583333333334 0.0390625 0.026041666666666668
1 0.7083333333333334 0.5807291666666666 0.03125 0.03125
1 0.5546875 0.2643229166666667 0.028645833333333332 0.036458333333333336
1 0.55078125 0.3294270833333333 0.0234375 0.036458333333333336
1 0.61328125 0.21484375 0.018229166666666668 0.052083333333333336
1 0.6080729166666666 0.2994791666666667 0.033854166666666664 0.0625
1 0.5703125 0.24088541666666666 0.041666666666666664 0.0234375
1 0.4231770833333333 0.4466145833333333 0.036458333333333336 0.041666666666666664
1 0.7369791666666666 0.4231770833333333 0.049479166666666664 0.044270833333333336
1 0.4453125 0.3059895833333333 0.036458333333333336 0.046875
1 0.3489583333333333 0.33984375 0.026041666666666668 0.033854166666666664
1 0.421875 0.6184895833333334 0.0234375 0.046875
1 0.3776041666666667 0.5026041666666666 0.013020833333333334 0.018229166666666668
1 0.4557291666666667 0.3880208333333333 0.0234375 0.0234375
1 0.6484375 0.5885416666666666 0.036458333333333336 0.044270833333333336
1 0.6966145833333334 0.3294270833333333 0.0234375 0.028645833333333332
1 0.359375 0.4973958333333333 0.0234375 0.0390625
1 0.3463541666666667 0.3606770833333333 0.03125 0.0234375