1 0.32421875 0.7135416666666666 0.044270833333333336 0.0546875
1 0.29296875 0.7109375 0.041666666666666664 0.033854166666666664
1 0.5390625 0.2864583333333333 0.033854166666666664 0.057291666666666664
1 0.46484375 0.6028645833333334 0.0546875 0.06770833333333333
1 0.3541666666666667 0.6744791666666666 0.046875 0.046875
1 0.3736979166666667 0.4700520833333333 0.049479166666666664 0.059895833333333336
1 0.3489583333333333 0.5026041666666666 0.0703125 0.06510416666666667
1 0.2682291666666667 0.77734375 0.0625 0.06510416666666667
1 0.30859375 0.6692708333333334 0.0546875 0.0390625
1 0.3098958333333333 0.4791666666666667 0.052083333333333336 0.041666666666666664
1 0.4973958333333333 0.45703125 0.06510416666666667 0.0390625
1 0.5598958333333334 0.6575520833333334 0.057291666666666664 0.052083333333333336
1 0.5716145833333334 0.2721354166666667 0.041666666666666664 0.07291666666666667
1 0.5299479166666666 0.6106770833333334 0.049479166666666664 0.041666666666666664
1 0.28125 0.5481770833333334 0.06770833333333333 0.044270833333333336
1 0.2669270833333333 0.5729166666666666 0.059895833333333336 0.057291666666666664
1 0.5052083333333334 0.421875 0.06510416666666667 0.0625
1 0.67578125 0.6627604166666666 0.0625 0.044270833333333336
1 0.3020833333333333 0.6080729166666666 0.0625 0.052083333333333336
1 0.23567708333333334 0.52734375 0.0625 0.044270833333333336
1 0.5494791666666666 0.3763020833333333 0.036458333333333336 0.07291666666666667
1 0.5338541666666666 0.34765625 0.046875 0.0625
1 0.5989583333333334 0.5221354166666666 0.0625 0.057291666666666664
1 0.3346354166666667 0.4609375 0.0625 0.036458333333333336
1 0.4830729166666667 0.5 0.033854166666666664 0.07291666666666667
1 0.6393229166666666 0.6080729166666666 0.0546875 0.06770833333333333