1 0.3658854166666667 0.7682291666666666 0.036458333333333336 0.020833333333333332
1 0.703125 0.2994791666666667 0.033854166666666664 0.026041666666666668
1 0.41015625 0.7526041666666666 0.0390625 0.020833333333333332
1 0.6588541666666666 0.7265625 0.041666666666666664 0.03125
1 0.4127604166666667 0.53515625 0.03125 0.026041666666666668
1 0.7942708333333334 0.43359375 0.026041666666666668 0.026041666666666668
1 0.4348958333333333 0.30859375 0.026041666666666668 0.0234375
1 0.62890625 0.7421875 0.020833333333333332 0.03125
1 0.4010416666666667 0.7721354166666666 0.041666666666666664 0.033854166666666664
1 0.6158854166666666 0.6328125 0.049479166666666664 0.020833333333333332
1 0.2721354166666667 0.57421875 0.03125 0.028645833333333332
1 0.7278645833333334 0.2942708333333333 0.020833333333333332 0.033854166666666664
1 0.5559895833333334 0.6315104166666666 0.03125 0.026041666666666668
1 0.7252604166666666 0.21875 0.03125 0.028645833333333332
1 0.3072916666666667 0.2513020833333333 0.052083333333333336 0.036458333333333336
1 0.4583333333333333 0.2942708333333333 0.033854166666666664 0.028645833333333332
1 0.2786458333333333 0.5807291666666666 0.036458333333333336 0.03125
1 0.7395833333333334 0.2682291666666667 0.036458333333333336 0.026041666666666668
1 0.5130208333333334 0.71875 0.044270833333333336 0.033854166666666664
1 0.6627604166666666 0.7096354166666666 0.033854166666666664 0.020833333333333332
1 0.5338541666666666 0.20833333333333334 0.0390625 0.020833333333333332
1 0.3385416666666667 0.20703125 0.03125 0.036458333333333336
1 0.4622395833333333 0.7799479166666666 0.036458333333333336 0.036458333333333336
1 0.3294270833333333 0.5559895833333334 0.046875 0.0234375
1 0.64453125 0.75390625 0.028645833333333332 0.0390625
1 0.3020833333333333 0.328125 0.0234375 0.03125