1 0.6145833333333334 0.3854166666666667 0.028645833333333332 0.057291666666666664
1 0.62890625 0.3151041666666667 0.044270833333333336 0.057291666666666664
1 0.2903645833333333 0.4700520833333333 0.046875 0.057291666666666664
1 0.2890625 0.7044270833333334 0.046875 0.046875
1 0.7200520833333334 0.3450520833333333 0.028645833333333332 0.0546875
1 0.41015625 0.4817708333333333 0.041666666666666664 0.03125
1 0.5182291666666666 0.6341145833333334 0.026041666666666668 0.057291666666666664
1 0.6875 0.75 0.03125 0.046875
1 0.54296875 0.25 0.049479166666666664 0.057291666666666664
1 0.1953125 0.5494791666666666 0.044270833333333336 0.057291666666666664
1 0.5846354166666666 0.6809895833333334 0.036458333333333336 0.057291666666666664
1 0.33984375 0.33984375 0.041666666666666664 0.0625
1 0.4322916666666667 0.3059895833333333 0.0234375 0.052083333333333336
1 0.6484375 0.5703125 0.041666666666666664 0.052083333333333336
1 0.5403645833333334 0.5182291666666666 0.041666666666666664 0.0703125
1 0.49609375 0.5377604166666666 0.041666666666666664 0.057291666666666664
1 0.45703125 0.58984375 0.033854166666666664 0.0390625
1 0.46484375 0.125 0.052083333333333336 0.046875
1 0.31640625 0.6822916666666666 0.036458333333333336 0.06510416666666667