1 0.8385416666666666 0.22916666666666666 0.046875 0.06510416666666667
1 0.5260416666666666 0.41015625 0.049479166666666664 0.06770833333333333
1 0.6471354166666666 0.20052083333333334 0.0625 0.0546875
1 0.7395833333333334 0.5546875 0.0546875 0.049479166666666664
1 0.5520833333333334 0.78515625 0.059895833333333336 0.059895833333333336
1 0.7552083333333334 0.3216145833333333 0.059895833333333336 0.057291666666666664
1 0.7278645833333334 0.4427083333333333 0.049479166666666664 0.0703125
1 0.65625 0.703125 0.033854166666666664 0.0625
1 0.4375 0.3736979166666667 0.044270833333333336 0.07291666666666667
1 0.33984375 0.62890625 0.046875 0.07552083333333333
1 0.5703125 0.2604166666666667 0.0546875 0.08072916666666667
1 0.3489583333333333 0.5013020833333334 0.052083333333333336 0.036458333333333336
1 0.6197916666666666 0.5104166666666666 0.059895833333333336 0.044270833333333336