0 0.5091145833333334 0.80859375 0.16666666666666666 0.18229166666666666
0 0.8645833333333334 0.5247395833333334 0.15625 0.1953125
0 0.4752604166666667 0.6080729166666666 0.16145833333333334 0.171875
0 0.23177083333333334 0.7291666666666666 0.1953125 0.15104166666666666
0 0.4752604166666667 0.3606770833333333 0.14583333333333334 0.17447916666666666
0 0.06640625 0.62109375 0.1328125 0.1796875
0 0.13541666666666666 0.18880208333333334 0.1640625 0.21614583333333334
0 0.8997395833333334 0.6966145833333334 0.16145833333333334 0.19270833333333334
0 0.63671875 0.5989583333333334 0.15885416666666666 0.1640625
0 0.7994791666666666 0.4986979166666667 0.1328125 0.1953125
0 0.6015625 0.6979166666666666 0.15885416666666666 0.13802083333333334
0 0.3515625 0.4036458333333333 0.16927083333333334 0.1796875
0 0.3098958333333333 0.13932291666666666 0.18229166666666666 0.18489583333333334
0 0.9153645833333334 0.3854166666666667 0.13020833333333334 0.12760416666666666