1 0.8580729166666666 0.203125 0.044270833333333336 0.049479166666666664
1 0.5546875 0.55078125 0.0546875 0.049479166666666664
1 0.4921875 0.5208333333333334 0.0390625 0.057291666666666664
1 0.6927083333333334 0.2825520833333333 0.0390625 0.06510416666666667
1 0.7239583333333334 0.39453125 0.044270833333333336 0.06510416666666667
1 0.7395833333333334 0.5 0.041666666666666664 0.0390625
1 0.6979166666666666 0.4908854166666667 0.044270833333333336 0.03125
1 0.609375 0.5104166666666666 0.049479166666666664 0.0390625
1 0.671875 0.3658854166666667 0.044270833333333336 0.0625
1 0.72265625 0.13802083333333334 0.052083333333333336 0.0625
1 0.6041666666666666 0.3463541666666667 0.057291666666666664 0.049479166666666664
1 0.70703125 0.3528645833333333 0.036458333333333336 0.057291666666666664
1 0.71875 0.5208333333333334 0.036458333333333336 0.052083333333333336
1 0.4921875 0.46484375 0.049479166666666664 0.036458333333333336
1 0.75390625 0.1328125 0.036458333333333336 0.059895833333333336
1 0.4973958333333333 0.4856770833333333 0.0546875 0.033854166666666664
1 0.7838541666666666 0.4375 0.041666666666666664 0.0703125
1 0.73046875 0.4713541666666667 0.041666666666666664 0.046875
1 0.5989583333333334 0.4856770833333333 0.059895833333333336 0.046875
1 0.76171875 0.3606770833333333 0.052083333333333336 0.041666666666666664
1 0.6575520833333334 0.50390625 0.041666666666666664 0.044270833333333336