1 0.51171875 0.3151041666666667 0.0390625 0.026041666666666668
1 0.3919270833333333 0.3802083333333333 0.041666666666666664 0.0234375
1 0.51171875 0.5455729166666666 0.044270833333333336 0.033854166666666664
1 0.4114583333333333 0.3216145833333333 0.036458333333333336 0.059895833333333336
1 0.5208333333333334 0.5078125 0.041666666666666664 0.036458333333333336
1 0.6822916666666666 0.3684895833333333 0.044270833333333336 0.033854166666666664
1 0.62109375 0.3645833333333333 0.041666666666666664 0.046875
1 0.4830729166666667 0.37890625 0.046875 0.041666666666666664
1 0.5416666666666666 0.41015625 0.046875 0.06510416666666667
1 0.6119791666666666 0.4479166666666667 0.036458333333333336 0.044270833333333336
1 0.5546875 0.3606770833333333 0.0390625 0.033854166666666664
1 0.3893229166666667 0.2955729166666667 0.028645833333333332 0.049479166666666664
1 0.4283854166666667 0.4895833333333333 0.028645833333333332 0.052083333333333336
1 0.5520833333333334 0.4557291666666667 0.049479166666666664 0.033854166666666664
1 0.3958333333333333 0.46875 0.046875 0.033854166666666664
1 0.3802083333333333 0.3463541666666667 0.033854166666666664 0.059895833333333336
1 0.4700520833333333 0.4544270833333333 0.0390625 0.057291666666666664
1 0.4505208333333333 0.3046875 0.028645833333333332 0.046875
1 0.4388020833333333 0.33984375 0.049479166666666664 0.046875
1 0.5794270833333334 0.46484375 0.0390625 0.057291666666666664
1 0.6184895833333334 0.3958333333333333 0.033854166666666664 0.033854166666666664
1 0.34375 0.3385416666666667 0.057291666666666664 0.0625
1 0.453125 0.46875 0.036458333333333336 0.036458333333333336
1 0.47265625 0.4075520833333333 0.0390625 0.0546875
1 0.4153645833333333 0.4244791666666667 0.0390625 0.0546875
1 0.4049479166666667 0.44140625 0.026041666666666668 0.036458333333333336
1 0.6640625 0.4075520833333333 0.046875 0.06510416666666667
1 0.4973958333333333 0.4127604166666667 0.028645833333333332 0.041666666666666664