0 0.390625 0.7890625 0.12760416666666666 0.15104166666666666
0 0.14713541666666666 0.4049479166666667 0.11197916666666667 0.171875
0 0.48828125 0.6106770833333334 0.12760416666666666 0.14322916666666666
0 0.6796875 0.8033854166666666 0.17447916666666666 0.10677083333333333
0 0.5690104166666666 0.3763020833333333 0.10677083333333333 0.15104166666666666
0 0.89453125 0.7630208333333334 0.15104166666666666 0.14322916666666666
0 0.9440104166666666 0.3229166666666667 0.11197916666666667 0.19270833333333334
0 0.05859375 0.5546875 0.1171875 0.16666666666666666
0 0.3385416666666667 0.5494791666666666 0.125 0.1328125
0 0.21744791666666666 0.4010416666666667 0.08333333333333333 0.1796875
0 0.33984375 0.6536458333333334 0.13802083333333334 0.1015625
0 0.671875 0.45703125 0.1328125 0.1484375
0 0.796875 0.22135416666666666 0.14583333333333334 0.15104166666666666
0 0.14453125 0.2565104166666667 0.10677083333333333 0.10416666666666667