1 0.4947916666666667 0.55078125 0.028645833333333332 0.03125
1 0.3815104166666667 0.17578125 0.028645833333333332 0.026041666666666668
1 0.2942708333333333 0.3763020833333333 0.03125 0.049479166666666664
1 0.5807291666666666 0.2890625 0.033854166666666664 0.049479166666666664
1 0.3111979166666667 0.44921875 0.028645833333333332 0.026041666666666668
1 0.4739583333333333 0.5494791666666666 0.026041666666666668 0.03125
1 0.4765625 0.6731770833333334 0.033854166666666664 0.046875
1 0.2421875 0.3828125 0.026041666666666668 0.044270833333333336
1 0.4114583333333333 0.46875 0.018229166666666668 0.057291666666666664
1 0.53515625 0.75390625 0.015625 0.041666666666666664
1 0.4557291666666667 0.4114583333333333 0.020833333333333332 0.041666666666666664
1 0.3463541666666667 0.4010416666666667 0.020833333333333332 0.033854166666666664
1 0.24479166666666666 0.4830729166666667 0.018229166666666668 0.059895833333333336
1 0.3815104166666667 0.4127604166666667 0.026041666666666668 0.036458333333333336
1 0.38671875 0.14583333333333334 0.0234375 0.028645833333333332
1 0.34765625 0.4270833333333333 0.018229166666666668 0.052083333333333336
1 0.3997395833333333 0.59375 0.018229166666666668 0.049479166666666664
1 0.37109375 0.4713541666666667 0.026041666666666668 0.03125
1 0.546875 0.24869791666666666 0.033854166666666664 0.0234375
1 0.4869791666666667 0.4075520833333333 0.041666666666666664 0.028645833333333332
1 0.5286458333333334 0.20703125 0.026041666666666668 0.0546875
1 0.24739583333333334 0.43359375 0.0234375 0.0390625
1 0.4947916666666667 0.23307291666666666 0.0234375 0.059895833333333336
1 0.3333333333333333 0.3893229166666667 0.028645833333333332 0.0546875
1 0.53125 0.29296875 0.0234375 0.052083333333333336
1 0.3111979166666667 0.3932291666666667 0.026041666666666668 0.036458333333333336
1 0.3893229166666667 0.3828125 0.026041666666666668 0.041666666666666664
1 0.4479166666666667 0.4609375 0.020833333333333332 0.052083333333333336
1 0.4765625 0.5807291666666666 0.026041666666666668 0.044270833333333336
1 0.4036458333333333 0.15234375 0.026041666666666668 0.049479166666666664
1 0.3815104166666667 0.13020833333333334 0.015625 0.0234375
1 0.515625 0.20182291666666666 0.020833333333333332 0.0546875
1 0.24739583333333334 0.3984375 0.020833333333333332 0.049479166666666664
1 0.37890625 0.3697916666666667 0.0234375 0.03125
1 0.4895833333333333 0.3697916666666667 0.0234375 0.041666666666666664
1 0.4856770833333333 0.2838541666666667 0.026041666666666668 0.036458333333333336
1 0.23177083333333334 0.4557291666666667 0.013020833333333334 0.044270833333333336
1 0.3502604166666667 0.45703125 0.018229166666666668 0.041666666666666664
1 0.3489583333333333 0.36328125 0.028645833333333332 0.036458333333333336
1 0.4869791666666667 0.3216145833333333 0.018229166666666668 0.0546875
1 0.2916666666666667 0.4244791666666667 0.036458333333333336 0.033854166666666664
1 0.3151041666666667 0.24609375 0.015625 0.0546875
1 0.3606770833333333 0.4140625 0.015625 0.052083333333333336
1 0.4401041666666667 0.2903645833333333 0.018229166666666668 0.049479166666666664
1 0.46875 0.4869791666666667 0.013020833333333334 0.046875
1 0.4869791666666667 0.44140625 0.0234375 0.03125
1 0.4244791666666667 0.1640625 0.020833333333333332 0.0625
1 0.50390625 0.6171875 0.015625 0.0546875
1 0.3841145833333333 0.46484375 0.0234375 0.044270833333333336
1 0.3919270833333333 0.4791666666666667 0.020833333333333332 0.033854166666666664
1 0.2669270833333333 0.4244791666666667 0.015625 0.057291666666666664
1 0.5494791666666666 0.27734375 0.0234375 0.0390625