1 0.36328125 0.4583333333333333 0.028645833333333332 0.018229166666666668
1 0.7447916666666666 0.6653645833333334 0.0234375 0.028645833333333332
1 0.6263020833333334 0.5598958333333334 0.018229166666666668 0.026041666666666668
1 0.6302083333333334 0.5963541666666666 0.026041666666666668 0.020833333333333332
1 0.5403645833333334 0.4283854166666667 0.013020833333333334 0.020833333333333332
1 0.2760416666666667 0.4635416666666667 0.020833333333333332 0.018229166666666668
1 0.23307291666666666 0.4661458333333333 0.015625 0.015625
1 0.2825520833333333 0.4518229166666667 0.020833333333333332 0.018229166666666668
1 0.7395833333333334 0.6731770833333334 0.020833333333333332 0.0234375
1 0.6236979166666666 0.5416666666666666 0.026041666666666668 0.020833333333333332
1 0.5611979166666666 0.37890625 0.018229166666666668 0.018229166666666668
1 0.2682291666666667 0.4609375 0.0234375 0.0234375
1 0.2838541666666667 0.4700520833333333 0.015625 0.018229166666666668
1 0.5299479166666666 0.38671875 0.026041666666666668 0.018229166666666668
1 0.5390625 0.4036458333333333 0.0234375 0.0390625
1 0.25390625 0.4609375 0.0234375 0.018229166666666668
1 0.4453125 0.4127604166666667 0.0234375 0.0234375
1 0.3125 0.4596354166666667 0.028645833333333332 0.018229166666666668
1 0.3346354166666667 0.4479166666666667 0.013020833333333334 0.026041666666666668
1 0.2890625 0.4700520833333333 0.018229166666666668 0.026041666666666668
1 0.3098958333333333 0.4453125 0.0234375 0.018229166666666668
1 0.3645833333333333 0.4505208333333333 0.020833333333333332 0.013020833333333334
1 0.7578125 0.6861979166666666 0.020833333333333332 0.026041666666666668
1 0.6171875 0.6028645833333334 0.013020833333333334 0.028645833333333332
1 0.3294270833333333 0.4713541666666667 0.015625 0.013020833333333334
1 0.4856770833333333 0.4830729166666667 0.020833333333333332 0.015625
1 0.73828125 0.5364583333333334 0.0078125 0.018229166666666668
1 0.7395833333333334 0.51953125 0.015625 0.015625
1 0.3463541666666667 0.45703125 0.020833333333333332 0.018229166666666668
1 0.2552083333333333 0.5325520833333334 0.03125 0.026041666666666668