1 0.4934895833333333 0.6796875 0.0234375 0.036458333333333336
1 0.5677083333333334 0.7434895833333334 0.028645833333333332 0.026041666666666668
1 0.5234375 0.859375 0.013020833333333334 0.0234375
1 0.6432291666666666 0.8359375 0.018229166666666668 0.044270833333333336
1 0.7200520833333334 0.625 0.033854166666666664 0.018229166666666668
1 0.4817708333333333 0.7317708333333334 0.036458333333333336 0.036458333333333336
1 0.48046875 0.7721354166666666 0.033854166666666664 0.0234375
1 0.6184895833333334 0.5729166666666666 0.03125 0.018229166666666668
1 0.5885416666666666 0.69140625 0.015625 0.046875
1 0.4973958333333333 0.7135416666666666 0.018229166666666668 0.049479166666666664
1 0.4765625 0.6875 0.020833333333333332 0.041666666666666664
1 0.52734375 0.8333333333333334 0.033854166666666664 0.033854166666666664
1 0.515625 0.71484375 0.028645833333333332 0.036458333333333336
1 0.6393229166666666 0.6940104166666666 0.018229166666666668 0.049479166666666664
1 0.5091145833333334 0.859375 0.005208333333333333 0.020833333333333332