0 0.53125 0.7174479166666666 0.13802083333333334 0.11197916666666667
0 0.5026041666666666 0.546875 0.09895833333333333 0.11458333333333333
0 0.3567708333333333 0.4518229166666667 0.11979166666666667 0.10677083333333333
0 0.5481770833333334 0.2630208333333333 0.0703125 0.16666666666666666
0 0.5885416666666666 0.2552083333333333 0.11458333333333333 0.1484375
0 0.4283854166666667 0.4830729166666667 0.109375 0.11197916666666667
0 0.44921875 0.375 0.109375 0.07552083333333333
0 0.5078125 0.4088541666666667 0.11197916666666667 0.1328125
0 0.2955729166666667 0.19270833333333334 0.14583333333333334 0.19270833333333334
0 0.5 0.6614583333333334 0.10677083333333333 0.13802083333333334
0 0.4609375 0.2591145833333333 0.15104166666666666 0.16927083333333334