1 0.515625 0.4895833333333333 0.036458333333333336 0.0546875
1 0.5234375 0.3255208333333333 0.033854166666666664 0.0390625
1 0.3802083333333333 0.17578125 0.041666666666666664 0.057291666666666664
1 0.41796875 0.28515625 0.041666666666666664 0.059895833333333336
1 0.31640625 0.2838541666666667 0.041666666666666664 0.052083333333333336
1 0.484375 0.3763020833333333 0.044270833333333336 0.049479166666666664
1 0.3346354166666667 0.3723958333333333 0.036458333333333336 0.046875
1 0.3697916666666667 0.5572916666666666 0.033854166666666664 0.052083333333333336
1 0.3645833333333333 0.5130208333333334 0.033854166666666664 0.0546875
1 0.5260416666666666 0.4622395833333333 0.033854166666666664 0.049479166666666664
1 0.40625 0.5 0.03125 0.046875
1 0.4309895833333333 0.484375 0.0390625 0.03125
1 0.328125 0.3333333333333333 0.0390625 0.059895833333333336
1 0.4075520833333333 0.4453125 0.033854166666666664 0.057291666666666664
1 0.4830729166666667 0.3515625 0.041666666666666664 0.041666666666666664
1 0.4049479166666667 0.51953125 0.036458333333333336 0.059895833333333336
1 0.4609375 0.3125 0.044270833333333336 0.0390625
1 0.5364583333333334 0.375 0.028645833333333332 0.046875
1 0.51171875 0.3098958333333333 0.033854166666666664 0.044270833333333336
1 0.3828125 0.15104166666666666 0.036458333333333336 0.036458333333333336
1 0.4713541666666667 0.3854166666666667 0.033854166666666664 0.0546875
1 0.4283854166666667 0.3528645833333333 0.036458333333333336 0.033854166666666664
1 0.4231770833333333 0.3229166666666667 0.044270833333333336 0.044270833333333336
1 0.4479166666666667 0.3385416666666667 0.033854166666666664 0.0546875
1 0.3932291666666667 0.3359375 0.036458333333333336 0.052083333333333336
1 0.4661458333333333 0.4778645833333333 0.03125 0.044270833333333336
1 0.4361979166666667 0.51171875 0.0390625 0.044270833333333336
1 0.3854166666666667 0.47265625 0.03125 0.0390625
1 0.4296875 0.640625 0.044270833333333336 0.046875
1 0.5013020833333334 0.4192708333333333 0.0390625 0.052083333333333336
1 0.453125 0.4049479166666667 0.036458333333333336 0.044270833333333336
1 0.3111979166666667 0.4596354166666667 0.0390625 0.049479166666666664
1 0.3385416666666667 0.5377604166666666 0.0390625 0.052083333333333336
1 0.3697916666666667 0.4348958333333333 0.033854166666666664 0.033854166666666664
1 0.4375 0.26953125 0.033854166666666664 0.033854166666666664
1 0.40234375 0.3828125 0.036458333333333336 0.0390625
1 0.4830729166666667 0.62109375 0.036458333333333336 0.044270833333333336
1 0.3619791666666667 0.28515625 0.041666666666666664 0.041666666666666664
1 0.2760416666666667 0.2838541666666667 0.03125 0.052083333333333336
1 0.4674479166666667 0.3372395833333333 0.028645833333333332 0.041666666666666664
1 0.2669270833333333 0.3893229166666667 0.0390625 0.052083333333333336
1 0.3098958333333333 0.3151041666666667 0.036458333333333336 0.052083333333333336
1 0.42578125 0.390625 0.0390625 0.046875
1 0.3567708333333333 0.5963541666666666 0.036458333333333336 0.0390625
1 0.3151041666666667 0.3489583333333333 0.036458333333333336 0.036458333333333336
1 0.46484375 0.5377604166666666 0.033854166666666664 0.0546875
1 0.4518229166666667 0.5065104166666666 0.03125 0.049479166666666664
1 0.4244791666666667 0.5911458333333334 0.03125 0.046875
1 0.4401041666666667 0.6015625 0.033854166666666664 0.046875
1 0.4127604166666667 0.6080729166666666 0.03125 0.052083333333333336
1 0.4947916666666667 0.2708333333333333 0.033854166666666664 0.057291666666666664
1 0.4283854166666667 0.24869791666666666 0.041666666666666664 0.044270833333333336
1 0.390625 0.20182291666666666 0.041666666666666664 0.046875
1 0.2513020833333333 0.38671875 0.036458333333333336 0.049479166666666664
1 0.3802083333333333 0.3658854166666667 0.036458333333333336 0.052083333333333336
1 0.3463541666666667 0.3190104166666667 0.036458333333333336 0.052083333333333336
1 0.4440104166666667 0.4270833333333333 0.0390625 0.057291666666666664
1 0.37890625 0.6015625 0.033854166666666664 0.041666666666666664
1 0.3971354166666667 0.5989583333333334 0.033854166666666664 0.0546875
1 0.3515625 0.4908854166666667 0.033854166666666664 0.03125
1 0.390625 0.5338541666666666 0.033854166666666664 0.049479166666666664
1 0.3984375 0.453125 0.028645833333333332 0.052083333333333336
1 0.5442708333333334 0.421875 0.033854166666666664 0.052083333333333336
1 0.4869791666666667 0.30859375 0.036458333333333336 0.046875
1 0.2552083333333333 0.2565104166666667 0.041666666666666664 0.046875
1 0.3658854166666667 0.3190104166666667 0.033854166666666664 0.046875
1 0.4700520833333333 0.4518229166666667 0.033854166666666664 0.033854166666666664
1 0.3645833333333333 0.4140625 0.041666666666666664 0.046875
1 0.3346354166666667 0.4596354166666667 0.028645833333333332 0.046875
1 0.4088541666666667 0.55859375 0.0390625 0.046875
1 0.4231770833333333 0.4192708333333333 0.036458333333333336 0.0390625
1 0.38671875 0.5026041666666666 0.041666666666666664 0.049479166666666664
1 0.44140625 0.484375 0.03125 0.041666666666666664
1 0.4765625 0.6015625 0.03125 0.0390625
1 0.3489583333333333 0.3723958333333333 0.041666666666666664 0.052083333333333336
1 0.37890625 0.390625 0.03125 0.033854166666666664
1 0.53515625 0.5013020833333334 0.028645833333333332 0.049479166666666664
1 0.5872395833333334 0.6536458333333334 0.036458333333333336 0.057291666666666664
1 0.4908854166666667 0.58984375 0.036458333333333336 0.033854166666666664
1 0.5520833333333334 0.4895833333333333 0.046875 0.052083333333333336
1 0.5065104166666666 0.2721354166666667 0.036458333333333336 0.052083333333333336
1 0.3997395833333333 0.22135416666666666 0.036458333333333336 0.041666666666666664
1 0.2838541666666667 0.23828125 0.033854166666666664 0.044270833333333336
1 0.2643229166666667 0.3098958333333333 0.0390625 0.059895833333333336
1 0.4544270833333333 0.2942708333333333 0.036458333333333336 0.036458333333333336
1 0.3046875 0.2981770833333333 0.036458333333333336 0.046875
1 0.4049479166666667 0.421875 0.0390625 0.0546875
1 0.3697916666666667 0.3697916666666667 0.033854166666666664 0.036458333333333336
1 0.46484375 0.5755208333333334 0.0390625 0.0390625
1 0.34765625 0.4700520833333333 0.036458333333333336 0.03125
1 0.3684895833333333 0.4453125 0.036458333333333336 0.036458333333333336
1 0.5338541666666666 0.51171875 0.033854166666666664 0.059895833333333336
1 0.3893229166666667 0.17838541666666666 0.03125 0.044270833333333336
1 0.4934895833333333 0.5416666666666666 0.0390625 0.033854166666666664
1 0.4322916666666667 0.16276041666666666 0.036458333333333336 0.057291666666666664
1 0.2421875 0.4166666666666667 0.0390625 0.041666666666666664
1 0.4817708333333333 0.5078125 0.0390625 0.044270833333333336
1 0.4479166666666667 0.5546875 0.03125 0.052083333333333336
1 0.4283854166666667 0.4583333333333333 0.033854166666666664 0.046875
1 0.41796875 0.5963541666666666 0.036458333333333336 0.049479166666666664
1 0.3697916666666667 0.4908854166666667 0.033854166666666664 0.03125
1 0.4049479166666667 0.5208333333333334 0.041666666666666664 0.041666666666666664
1 0.4661458333333333 0.5377604166666666 0.033854166666666664 0.03125
1 0.40625 0.3567708333333333 0.036458333333333336 0.046875