1 0.6731770833333334 0.6119791666666666 0.046875 0.033854166666666664
1 0.6354166666666666 0.4934895833333333 0.028645833333333332 0.06770833333333333
1 0.71484375 0.5286458333333334 0.041666666666666664 0.0390625
1 0.5065104166666666 0.4921875 0.044270833333333336 0.026041666666666668
1 0.5221354166666666 0.671875 0.028645833333333332 0.041666666666666664
1 0.6536458333333334 0.6575520833333334 0.044270833333333336 0.03125
1 0.5625 0.4453125 0.046875 0.036458333333333336
1 0.53125 0.6263020833333334 0.028645833333333332 0.044270833333333336
1 0.5052083333333334 0.5911458333333334 0.026041666666666668 0.0625
1 0.6796875 0.64453125 0.052083333333333336 0.033854166666666664
1 0.79296875 0.55078125 0.046875 0.041666666666666664
1 0.74609375 0.5026041666666666 0.026041666666666668 0.0546875
1 0.5377604166666666 0.40234375 0.049479166666666664 0.036458333333333336
1 0.5559895833333334 0.5221354166666666 0.046875 0.044270833333333336
1 0.75390625 0.5611979166666666 0.046875 0.028645833333333332
1 0.703125 0.4895833333333333 0.020833333333333332 0.044270833333333336
1 0.7421875 0.6419270833333334 0.020833333333333332 0.028645833333333332
1 0.72265625 0.5794270833333334 0.059895833333333336 0.033854166666666664
1 0.6041666666666666 0.45703125 0.036458333333333336 0.036458333333333336
1 0.7799479166666666 0.6341145833333334 0.033854166666666664 0.0703125
1 0.609375 0.5182291666666666 0.0390625 0.057291666666666664
1 0.546875 0.6731770833333334 0.026041666666666668 0.03125
1 0.6901041666666666 0.5390625 0.020833333333333332 0.049479166666666664
1 0.5703125 0.48046875 0.033854166666666664 0.06510416666666667
1 0.66796875 0.4609375 0.028645833333333332 0.041666666666666664
1 0.6015625 0.4778645833333333 0.052083333333333336 0.059895833333333336
1 0.5403645833333334 0.5859375 0.046875 0.028645833333333332
1 0.5611979166666666 0.4283854166666667 0.044270833333333336 0.020833333333333332
1 0.72265625 0.49609375 0.026041666666666668 0.059895833333333336
1 0.4986979166666667 0.5455729166666666 0.028645833333333332 0.044270833333333336
1 0.5143229166666666 0.5130208333333334 0.0546875 0.028645833333333332
1 0.5533854166666666 0.62890625 0.036458333333333336 0.0546875
1 0.6848958333333334 0.45703125 0.020833333333333332 0.057291666666666664
1 0.8138020833333334 0.5442708333333334 0.052083333333333336 0.028645833333333332
1 0.53125 0.4674479166666667 0.049479166666666664 0.0703125
1 0.5625 0.5546875 0.036458333333333336 0.044270833333333336