1 0.5520833333333334 0.5052083333333334 0.0234375 0.049479166666666664
1 0.671875 0.69921875 0.033854166666666664 0.036458333333333336
1 0.4166666666666667 0.3893229166666667 0.03125 0.041666666666666664
1 0.45703125 0.609375 0.033854166666666664 0.0390625
1 0.4778645833333333 0.4817708333333333 0.0234375 0.052083333333333336
1 0.53515625 0.5338541666666666 0.028645833333333332 0.044270833333333336
1 0.58984375 0.5052083333333334 0.020833333333333332 0.0625
1 0.7565104166666666 0.7447916666666666 0.041666666666666664 0.041666666666666664
1 0.4713541666666667 0.359375 0.026041666666666668 0.036458333333333336
1 0.44921875 0.5677083333333334 0.028645833333333332 0.057291666666666664
1 0.4869791666666667 0.5026041666666666 0.020833333333333332 0.0546875
1 0.5026041666666666 0.5325520833333334 0.0234375 0.059895833333333336
1 0.44140625 0.4388020833333333 0.018229166666666668 0.057291666666666664
1 0.45703125 0.52734375 0.0234375 0.057291666666666664
1 0.4270833333333333 0.60546875 0.036458333333333336 0.0234375
1 0.5234375 0.4375 0.033854166666666664 0.03125
1 0.58203125 0.5299479166666666 0.026041666666666668 0.044270833333333336
1 0.3971354166666667 0.5338541666666666 0.036458333333333336 0.033854166666666664
1 0.4505208333333333 0.5026041666666666 0.018229166666666668 0.0625
1 0.47265625 0.515625 0.013020833333333334 0.052083333333333336
1 0.5169270833333334 0.4622395833333333 0.03125 0.028645833333333332
1 0.5078125 0.4986979166666667 0.026041666666666668 0.0546875
1 0.515625 0.5208333333333334 0.013020833333333334 0.0546875
1 0.4296875 0.35546875 0.033854166666666664 0.049479166666666664
1 0.4908854166666667 0.578125 0.026041666666666668 0.044270833333333336
1 0.4830729166666667 0.56640625 0.03125 0.052083333333333336
1 0.49609375 0.4348958333333333 0.0234375 0.07291666666666667
1 0.52734375 0.4778645833333333 0.033854166666666664 0.03125
1 0.4192708333333333 0.48046875 0.018229166666666668 0.0234375
1 0.4752604166666667 0.4049479166666667 0.033854166666666664 0.046875
1 0.4348958333333333 0.5572916666666666 0.028645833333333332 0.0625
1 0.4817708333333333 0.6145833333333334 0.033854166666666664 0.057291666666666664
1 0.4661458333333333 0.5716145833333334 0.033854166666666664 0.044270833333333336
1 0.5690104166666666 0.47265625 0.013020833333333334 0.0546875
1 0.046875 0.9609375 0.028645833333333332 0.046875
1 0.4674479166666667 0.4518229166666667 0.018229166666666668 0.06510416666666667
1 0.48046875 0.53515625 0.028645833333333332 0.041666666666666664
1 0.4856770833333333 0.44921875 0.026041666666666668 0.057291666666666664
1 0.5520833333333334 0.4440104166666667 0.036458333333333336 0.03125
1 0.58203125 0.5690104166666666 0.0234375 0.049479166666666664