0 0.625 0.7213541666666666 0.15104166666666666 0.125
0 0.23567708333333334 0.4661458333333333 0.17708333333333334 0.20572916666666666
0 0.7369791666666666 0.52734375 0.1640625 0.22135416666666666
0 0.3815104166666667 0.2981770833333333 0.16145833333333334 0.234375
0 0.609375 0.8229166666666666 0.17708333333333334 0.16927083333333334
0 0.5807291666666666 0.5638020833333334 0.14322916666666666 0.203125
0 0.3736979166666667 0.5533854166666666 0.15885416666666666 0.17708333333333334
0 0.5846354166666666 0.18880208333333334 0.1875 0.16145833333333334
0 0.4713541666666667 0.8372395833333334 0.13541666666666666 0.22916666666666666
0 0.5403645833333334 0.3033854166666667 0.16927083333333334 0.13802083333333334
0 0.28125 0.60546875 0.1484375 0.13802083333333334