1 0.3385416666666667 0.8502604166666666 0.07291666666666667 0.06770833333333333
1 0.5885416666666666 0.4401041666666667 0.049479166666666664 0.07552083333333333
1 0.6015625 0.56640625 0.06510416666666667 0.09375
1 0.48046875 0.7083333333333334 0.06510416666666667 0.0859375
1 0.49609375 0.4830729166666667 0.033854166666666664 0.1015625
1 0.5234375 0.6979166666666666 0.07291666666666667 0.078125
1 0.4765625 0.5846354166666666 0.0625 0.08333333333333333
1 0.4348958333333333 0.6705729166666666 0.046875 0.08854166666666667
1 0.5091145833333334 0.3997395833333333 0.057291666666666664 0.0625
1 0.671875 0.5091145833333334 0.07552083333333333 0.11197916666666667
1 0.6888020833333334 0.5520833333333334 0.078125 0.07291666666666667
1 0.7669270833333334 0.53125 0.057291666666666664 0.09895833333333333
1 0.4674479166666667 0.4947916666666667 0.036458333333333336 0.0859375
1 0.46875 0.390625 0.059895833333333336 0.057291666666666664
1 0.4440104166666667 0.4947916666666667 0.033854166666666664 0.09375
1 0.64453125 0.60546875 0.08072916666666667 0.0546875
1 0.75390625 0.62890625 0.06770833333333333 0.08333333333333333
1 0.4309895833333333 0.5807291666666666 0.052083333333333336 0.036458333333333336
1 0.5625 0.5377604166666666 0.078125 0.0625
1 0.6458333333333334 0.4661458333333333 0.0703125 0.046875
1 0.5807291666666666 0.64453125 0.08333333333333333 0.059895833333333336
1 0.62890625 0.6484375 0.07291666666666667 0.06770833333333333
1 0.5520833333333334 0.6106770833333334 0.052083333333333336 0.078125
1 0.484375 0.34765625 0.059895833333333336 0.044270833333333336
1 0.4231770833333333 0.4895833333333333 0.046875 0.1015625
1 0.7083333333333334 0.62890625 0.057291666666666664 0.10416666666666667
1 0.58984375 0.4908854166666667 0.09114583333333333 0.052083333333333336
1 0.3580729166666667 0.9036458333333334 0.08072916666666667 0.078125
1 0.3138020833333333 0.4309895833333333 0.059895833333333336 0.09375
1 0.3502604166666667 0.5572916666666666 0.0703125 0.044270833333333336
1 0.7369791666666666 0.4986979166666667 0.09375 0.09114583333333333
1 0.5078125 0.5130208333333334 0.036458333333333336 0.09635416666666667
1 0.5377604166666666 0.4166666666666667 0.046875 0.1015625
1 0.5690104166666666 0.43359375 0.057291666666666664 0.07552083333333333
1 0.453125 0.33984375 0.059895833333333336 0.0859375
1 0.6901041666666666 0.5911458333333334 0.049479166666666664 0.109375
1 0.50390625 0.6158854166666666 0.07552083333333333 0.07291666666666667
1 0.4557291666666667 0.66796875 0.033854166666666664 0.07552083333333333
1 0.6302083333333334 0.703125 0.033854166666666664 0.0546875
1 0.6380208333333334 0.5716145833333334 0.0703125 0.059895833333333336
1 0.45703125 0.5533854166666666 0.0625 0.041666666666666664
1 0.5416666666666666 0.56640625 0.07552083333333333 0.046875
1 0.4270833333333333 0.6471354166666666 0.07291666666666667 0.09375
1 0.4830729166666667 0.51953125 0.0390625 0.08333333333333333
1 0.4427083333333333 0.7174479166666666 0.0390625 0.1171875