1 0.421875 0.3528645833333333 0.109375 0.09114583333333333
1 0.5104166666666666 0.6263020833333334 0.09375 0.11197916666666667
1 0.6354166666666666 0.61328125 0.06770833333333333 0.09895833333333333
1 0.6653645833333334 0.23697916666666666 0.09375 0.09114583333333333
1 0.9166666666666666 0.4921875 0.08333333333333333 0.11979166666666667
1 0.3763020833333333 0.5559895833333334 0.109375 0.0859375
1 0.40234375 0.7903645833333334 0.09635416666666667 0.09375
1 0.7864583333333334 0.5455729166666666 0.07291666666666667 0.125
1 0.3815104166666667 0.2643229166666667 0.09895833333333333 0.09635416666666667
1 0.23697916666666666 0.5247395833333334 0.10677083333333333 0.09895833333333333
1 0.9427083333333334 0.6875 0.09635416666666667 0.11979166666666667
1 0.5807291666666666 0.88671875 0.11458333333333333 0.109375
1 0.7591145833333334 0.6223958333333334 0.11458333333333333 0.10416666666666667