1 0.48828125 0.61328125 0.03125 0.03125
1 0.4427083333333333 0.59375 0.033854166666666664 0.036458333333333336
1 0.4205729166666667 0.6302083333333334 0.020833333333333332 0.044270833333333336
1 0.3450520833333333 0.6510416666666666 0.026041666666666668 0.028645833333333332
1 0.2890625 0.58203125 0.033854166666666664 0.036458333333333336
1 0.4153645833333333 0.5572916666666666 0.0234375 0.03125
1 0.4674479166666667 0.2877604166666667 0.03125 0.049479166666666664
1 0.4114583333333333 0.5338541666666666 0.0234375 0.0234375
1 0.42578125 0.4309895833333333 0.026041666666666668 0.044270833333333336
1 0.3776041666666667 0.4322916666666667 0.018229166666666668 0.041666666666666664
1 0.4947916666666667 0.5026041666666666 0.0234375 0.0390625
1 0.5533854166666666 0.44140625 0.026041666666666668 0.036458333333333336
1 0.3541666666666667 0.7317708333333334 0.028645833333333332 0.03125
1 0.5104166666666666 0.6588541666666666 0.028645833333333332 0.0390625
1 0.6015625 0.3033854166666667 0.026041666666666668 0.044270833333333336
1 0.2734375 0.63671875 0.028645833333333332 0.028645833333333332
1 0.2903645833333333 0.6966145833333334 0.0234375 0.046875
1 0.47265625 0.5690104166666666 0.03125 0.044270833333333336
1 0.4375 0.62109375 0.026041666666666668 0.0390625
1 0.3033854166666667 0.6549479166666666 0.026041666666666668 0.03125
1 0.2916666666666667 0.65625 0.028645833333333332 0.052083333333333336
1 0.3684895833333333 0.4361979166666667 0.020833333333333332 0.044270833333333336
1 0.3841145833333333 0.3125 0.026041666666666668 0.046875
1 0.5559895833333334 0.5338541666666666 0.03125 0.044270833333333336
1 0.4674479166666667 0.7356770833333334 0.026041666666666668 0.049479166666666664
1 0.546875 0.4088541666666667 0.026041666666666668 0.049479166666666664
1 0.5 0.6341145833333334 0.03125 0.03125
1 0.4010416666666667 0.57421875 0.028645833333333332 0.036458333333333336
1 0.3359375 0.6627604166666666 0.028645833333333332 0.0234375
1 0.34375 0.3515625 0.0234375 0.046875
1 0.5065104166666666 0.4231770833333333 0.020833333333333332 0.044270833333333336
1 0.4856770833333333 0.3880208333333333 0.026041666666666668 0.041666666666666664
1 0.56640625 0.5143229166666666 0.028645833333333332 0.03125
1 0.33984375 0.6197916666666666 0.036458333333333336 0.041666666666666664
1 0.3463541666666667 0.3854166666666667 0.028645833333333332 0.046875
1 0.4986979166666667 0.6575520833333334 0.0234375 0.046875
1 0.4596354166666667 0.609375 0.0234375 0.041666666666666664
1 0.3736979166666667 0.6471354166666666 0.028645833333333332 0.033854166666666664
1 0.3658854166666667 0.40234375 0.03125 0.03125
1 0.4661458333333333 0.4921875 0.026041666666666668 0.033854166666666664
1 0.4778645833333333 0.5091145833333334 0.020833333333333332 0.033854166666666664
1 0.53125 0.5559895833333334 0.033854166666666664 0.033854166666666664
1 0.4127604166666667 0.46484375 0.03125 0.0390625
1 0.4114583333333333 0.44140625 0.026041666666666668 0.033854166666666664
1 0.421875 0.6861979166666666 0.03125 0.036458333333333336
1 0.4479166666666667 0.61328125 0.033854166666666664 0.041666666666666664
1 0.5455729166666666 0.65234375 0.026041666666666668 0.049479166666666664
1 0.51171875 0.5885416666666666 0.028645833333333332 0.046875
1 0.3932291666666667 0.6158854166666666 0.028645833333333332 0.028645833333333332
1 0.3111979166666667 0.6822916666666666 0.026041666666666668 0.036458333333333336
1 0.3893229166666667 0.3489583333333333 0.03125 0.044270833333333336
1 0.4765625 0.3854166666666667 0.0234375 0.0390625
1 0.2760416666666667 0.6158854166666666 0.0234375 0.0390625
1 0.41015625 0.6966145833333334 0.028645833333333332 0.020833333333333332
1 0.53515625 0.4440104166666667 0.03125 0.057291666666666664
1 0.4244791666666667 0.5221354166666666 0.0234375 0.0390625
1 0.3372395833333333 0.7604166666666666 0.033854166666666664 0.044270833333333336
1 0.4296875 0.6497395833333334 0.0234375 0.041666666666666664
1 0.4153645833333333 0.5846354166666666 0.03125 0.026041666666666668
1 0.3919270833333333 0.5911458333333334 0.028645833333333332 0.036458333333333336
1 0.3216145833333333 0.6575520833333334 0.028645833333333332 0.049479166666666664
1 0.2838541666666667 0.64453125 0.03125 0.0390625
1 0.3229166666666667 0.4205729166666667 0.028645833333333332 0.0390625
1 0.3958333333333333 0.3294270833333333 0.028645833333333332 0.03125
1 0.55859375 0.3268229166666667 0.028645833333333332 0.033854166666666664
1 0.4934895833333333 0.4296875 0.0234375 0.046875
1 0.3177083333333333 0.7356770833333334 0.0234375 0.041666666666666664
1 0.3151041666666667 0.7565104166666666 0.036458333333333336 0.049479166666666664