1 0.5520833333333334 0.5091145833333334 0.033854166666666664 0.052083333333333336
1 0.7200520833333334 0.3567708333333333 0.041666666666666664 0.041666666666666664
1 0.3893229166666667 0.5833333333333334 0.036458333333333336 0.046875
1 0.48828125 0.3828125 0.041666666666666664 0.044270833333333336
1 0.4739583333333333 0.51171875 0.033854166666666664 0.0546875
1 0.54296875 0.4778645833333333 0.036458333333333336 0.046875
1 0.5872395833333334 0.51953125 0.033854166666666664 0.06510416666666667
1 0.8138020833333334 0.3346354166666667 0.046875 0.046875
1 0.43359375 0.6276041666666666 0.03125 0.0390625
1 0.4700520833333333 0.421875 0.0390625 0.059895833333333336
1 0.48828125 0.4947916666666667 0.03125 0.057291666666666664
1 0.51171875 0.46875 0.033854166666666664 0.0625
1 0.4270833333333333 0.5416666666666666 0.03125 0.057291666666666664
1 0.4661458333333333 0.4622395833333333 0.033854166666666664 0.059895833333333336
1 0.4596354166666667 0.37890625 0.0390625 0.03125
1 0.5052083333333334 0.56640625 0.0390625 0.036458333333333336
1 0.5872395833333334 0.4934895833333333 0.033854166666666664 0.049479166666666664
1 0.41015625 0.4388020833333333 0.044270833333333336 0.041666666666666664
1 0.453125 0.484375 0.03125 0.06510416666666667
1 0.4778645833333333 0.4765625 0.0234375 0.052083333333333336
1 0.5065104166666666 0.5403645833333334 0.036458333333333336 0.036458333333333336
1 0.5078125 0.5026041666666666 0.036458333333333336 0.059895833333333336
1 0.5208333333333334 0.484375 0.0234375 0.0546875
1 0.3919270833333333 0.6197916666666666 0.044270833333333336 0.0546875
1 0.5130208333333334 0.4231770833333333 0.033854166666666664 0.046875
1 0.5026041666666666 0.4322916666666667 0.041666666666666664 0.057291666666666664
1 0.4778645833333333 0.5611979166666666 0.0390625 0.07552083333333333
1 0.51953125 0.5286458333333334 0.0390625 0.0390625
1 0.41796875 0.4973958333333333 0.0234375 0.026041666666666668
1 0.44921875 0.5846354166666666 0.041666666666666664 0.052083333333333336
1 0.4544270833333333 0.4270833333333333 0.041666666666666664 0.06510416666666667
1 0.5143229166666666 0.3854166666666667 0.044270833333333336 0.0625
1 0.4869791666666667 0.421875 0.041666666666666664 0.049479166666666664
1 0.55859375 0.5455729166666666 0.0234375 0.0546875
1 0.4557291666666667 0.5377604166666666 0.03125 0.06510416666666667
1 0.4908854166666667 0.4596354166666667 0.036458333333333336 0.046875
1 0.47265625 0.5455729166666666 0.036458333333333336 0.059895833333333336
1 0.5338541666666666 0.5677083333333334 0.041666666666666664 0.036458333333333336
1 0.59765625 0.4557291666666667 0.033854166666666664 0.052083333333333336