1 0.7421875 0.7591145833333334 0.0625 0.0546875
1 0.82421875 0.6796875 0.059895833333333336 0.052083333333333336
1 0.7747395833333334 0.3697916666666667 0.041666666666666664 0.06510416666666667
1 0.6145833333333334 0.11458333333333333 0.057291666666666664 0.052083333333333336
1 0.5872395833333334 0.11197916666666667 0.059895833333333336 0.057291666666666664
1 0.5533854166666666 0.13411458333333334 0.057291666666666664 0.07291666666666667
1 0.14973958333333334 0.23958333333333334 0.041666666666666664 0.057291666666666664
1 0.18880208333333334 0.2981770833333333 0.033854166666666664 0.059895833333333336
1 0.49609375 0.4401041666666667 0.052083333333333336 0.046875
1 0.4986979166666667 0.5143229166666666 0.036458333333333336 0.059895833333333336
1 0.13020833333333334 0.4440104166666667 0.033854166666666664 0.0546875
1 0.21223958333333334 0.5104166666666666 0.044270833333333336 0.0390625
1 0.26953125 0.5286458333333334 0.0625 0.059895833333333336
1 0.3203125 0.5481770833333334 0.041666666666666664 0.08072916666666667
1 0.33203125 0.546875 0.046875 0.07552083333333333
1 0.34765625 0.4895833333333333 0.046875 0.044270833333333336
1 0.3658854166666667 0.4739583333333333 0.052083333333333336 0.06770833333333333
1 0.359375 0.5638020833333334 0.036458333333333336 0.049479166666666664
1 0.6901041666666666 0.83984375 0.057291666666666664 0.0625
1 0.7317708333333334 0.81640625 0.046875 0.0703125
1 0.7669270833333334 0.69921875 0.052083333333333336 0.06770833333333333
1 0.79296875 0.6028645833333334 0.041666666666666664 0.06510416666666667
1 0.8229166666666666 0.5729166666666666 0.0546875 0.0625
1 0.8372395833333334 0.5455729166666666 0.06510416666666667 0.046875
1 0.8229166666666666 0.3671875 0.044270833333333336 0.06770833333333333
1 0.6432291666666666 0.1640625 0.0546875 0.046875
1 0.45703125 0.22265625 0.044270833333333336 0.044270833333333336
1 0.2760416666666667 0.3424479166666667 0.041666666666666664 0.049479166666666664
1 0.515625 0.4739583333333333 0.044270833333333336 0.07552083333333333
1 0.3033854166666667 0.5494791666666666 0.0390625 0.06510416666666667
1 0.3372395833333333 0.51171875 0.044270833333333336 0.041666666666666664
1 0.42578125 0.5442708333333334 0.049479166666666664 0.059895833333333336
1 0.3776041666666667 0.8098958333333334 0.044270833333333336 0.044270833333333336
1 0.24609375 0.7252604166666666 0.046875 0.0390625
1 0.23177083333333334 0.6953125 0.046875 0.0625
1 0.80078125 0.7317708333333334 0.06510416666666667 0.08072916666666667
1 0.7421875 0.6809895833333334 0.052083333333333336 0.08072916666666667
1 0.7044270833333334 0.6861979166666666 0.057291666666666664 0.046875
1 0.1796875 0.22135416666666666 0.044270833333333336 0.041666666666666664
1 0.3046875 0.3815104166666667 0.059895833333333336 0.0625
1 0.5234375 0.3346354166666667 0.049479166666666664 0.09114583333333333
1 0.10807291666666667 0.3984375 0.046875 0.059895833333333336
1 0.14322916666666666 0.4830729166666667 0.03125 0.046875
1 0.24739583333333334 0.4140625 0.0546875 0.08333333333333333
1 0.3919270833333333 0.6861979166666666 0.044270833333333336 0.059895833333333336
1 0.4127604166666667 0.8255208333333334 0.059895833333333336 0.046875
1 0.11588541666666667 0.6458333333333334 0.046875 0.041666666666666664
1 0.53125 0.7278645833333334 0.052083333333333336 0.0703125
1 0.5690104166666666 0.703125 0.057291666666666664 0.0546875
1 0.6197916666666666 0.5221354166666666 0.041666666666666664 0.057291666666666664
1 0.7838541666666666 0.6796875 0.059895833333333336 0.052083333333333336
1 0.8776041666666666 0.4986979166666667 0.059895833333333336 0.052083333333333336
1 0.7213541666666666 0.2955729166666667 0.046875 0.08333333333333333
1 0.21875 0.2421875 0.046875 0.036458333333333336
1 0.17708333333333334 0.3333333333333333 0.03125 0.052083333333333336
1 0.17708333333333334 0.3111979166666667 0.046875 0.059895833333333336
1 0.2421875 0.2838541666666667 0.052083333333333336 0.0546875
1 0.359375 0.3255208333333333 0.052083333333333336 0.041666666666666664
1 0.5143229166666666 0.4140625 0.052083333333333336 0.044270833333333336
1 0.16015625 0.4153645833333333 0.041666666666666664 0.0625
1 0.24609375 0.4388020833333333 0.036458333333333336 0.059895833333333336
1 0.35546875 0.5260416666666666 0.057291666666666664 0.046875
1 0.3619791666666667 0.5963541666666666 0.052083333333333336 0.046875
1 0.4088541666666667 0.6588541666666666 0.052083333333333336 0.0625
1 0.3880208333333333 0.7408854166666666 0.028645833333333332 0.057291666666666664
1 0.40234375 0.7825520833333334 0.044270833333333336 0.0625
1 0.14713541666666666 0.69140625 0.046875 0.07291666666666667
1 0.6028645833333334 0.5299479166666666 0.059895833333333336 0.0859375
1 0.625 0.4713541666666667 0.057291666666666664 0.08072916666666667
1 0.73828125 0.8489583333333334 0.06770833333333333 0.049479166666666664
1 0.734375 0.7955729166666666 0.052083333333333336 0.0703125
1 0.7526041666666666 0.7955729166666666 0.046875 0.0703125
1 0.7708333333333334 0.6432291666666666 0.052083333333333336 0.059895833333333336
1 0.8033854166666666 0.3307291666666667 0.046875 0.049479166666666664
1 0.7161458333333334 0.31640625 0.052083333333333336 0.0703125
1 0.390625 0.16015625 0.041666666666666664 0.049479166666666664
1 0.17578125 0.2421875 0.046875 0.041666666666666664
1 0.3033854166666667 0.24348958333333334 0.049479166666666664 0.057291666666666664
1 0.5 0.3489583333333333 0.052083333333333336 0.046875
1 0.3802083333333333 0.5169270833333334 0.041666666666666664 0.052083333333333336
1 0.4036458333333333 0.7122395833333334 0.049479166666666664 0.057291666666666664
1 0.40234375 0.7604166666666666 0.049479166666666664 0.049479166666666664
1 0.3984375 0.80859375 0.0390625 0.06510416666666667
1 0.13671875 0.62890625 0.049479166666666664 0.041666666666666664
1 0.63671875 0.609375 0.07291666666666667 0.0625
1 0.7174479166666666 0.8138020833333334 0.057291666666666664 0.07552083333333333
1 0.79296875 0.3645833333333333 0.041666666666666664 0.078125
1 0.76171875 0.3190104166666667 0.0546875 0.08333333333333333
1 0.7486979166666666 0.2994791666666667 0.049479166666666664 0.0703125
1 0.2916666666666667 0.3307291666666667 0.0390625 0.0625
1 0.3151041666666667 0.3658854166666667 0.046875 0.0625
1 0.5260416666666666 0.4908854166666667 0.0625 0.0703125
1 0.51171875 0.5494791666666666 0.052083333333333336 0.0625
1 0.2734375 0.5611979166666666 0.033854166666666664 0.049479166666666664
1 0.3893229166666667 0.5963541666666666 0.046875 0.0703125
1 0.4283854166666667 0.7955729166666666 0.049479166666666664 0.0703125
1 0.5481770833333334 0.7408854166666666 0.044270833333333336 0.057291666666666664
1 0.5677083333333334 0.6744791666666666 0.057291666666666664 0.059895833333333336
1 0.6067708333333334 0.6901041666666666 0.0546875 0.052083333333333336
1 0.65625 0.8997395833333334 0.057291666666666664 0.0625
1 0.78125 0.7942708333333334 0.0546875 0.078125
1 0.8203125 0.6536458333333334 0.057291666666666664 0.044270833333333336
1 0.84765625 0.5651041666666666 0.057291666666666664 0.046875
1 0.890625 0.51953125 0.0703125 0.06770833333333333
1 0.8671875 0.4231770833333333 0.044270833333333336 0.06770833333333333
1 0.7356770833333334 0.2981770833333333 0.049479166666666664 0.07291666666666667
1 0.6549479166666666 0.1953125 0.049479166666666664 0.052083333333333336
1 0.62890625 0.13671875 0.052083333333333336 0.0546875
1 0.11458333333333333 0.23697916666666666 0.044270833333333336 0.044270833333333336
1 0.16276041666666666 0.20442708333333334 0.0390625 0.044270833333333336
1 0.15234375 0.2890625 0.049479166666666664 0.052083333333333336
1 0.5052083333333334 0.30859375 0.0390625 0.0625
1 0.4947916666666667 0.484375 0.049479166666666664 0.049479166666666664
1 0.07552083333333333 0.3567708333333333 0.046875 0.059895833333333336
1 0.2682291666666667 0.3958333333333333 0.036458333333333336 0.036458333333333336
1 0.453125 0.55859375 0.041666666666666664 0.0546875
1 0.4557291666666667 0.5833333333333334 0.052083333333333336 0.057291666666666664
1 0.3776041666666667 0.69140625 0.044270833333333336 0.06510416666666667
1 0.4244791666666667 0.8619791666666666 0.049479166666666664 0.0703125
1 0.17578125 0.6927083333333334 0.0390625 0.06510416666666667
1 0.5091145833333334 0.6888020833333334 0.046875 0.059895833333333336
1 0.5390625 0.6419270833333334 0.044270833333333336 0.044270833333333336
1 0.6028645833333334 0.6653645833333334 0.049479166666666664 0.046875
1 0.6588541666666666 0.6341145833333334 0.046875 0.0625
1 0.6197916666666666 0.5963541666666666 0.049479166666666664 0.06510416666666667
1 0.6315104166666666 0.8971354166666666 0.0546875 0.078125
1 0.6549479166666666 0.8763020833333334 0.052083333333333336 0.041666666666666664
1 0.6419270833333334 0.85546875 0.059895833333333336 0.049479166666666664
1 0.7903645833333334 0.6575520833333334 0.052083333333333336 0.046875
1 0.12760416666666666 0.20963541666666666 0.059895833333333336 0.059895833333333336
1 0.3723958333333333 0.54296875 0.044270833333333336 0.033854166666666664
1 0.3919270833333333 0.49609375 0.041666666666666664 0.057291666666666664
1 0.4166666666666667 0.6822916666666666 0.0390625 0.0546875
1 0.4674479166666667 0.7330729166666666 0.041666666666666664 0.059895833333333336
1 0.2799479166666667 0.7513020833333334 0.0546875 0.041666666666666664
1 0.20963541666666666 0.7239583333333334 0.0390625 0.0625