1 0.8880208333333334 0.5442708333333334 0.07291666666666667 0.049479166666666664
1 0.7721354166666666 0.4557291666666667 0.06770833333333333 0.044270833333333336
1 0.6341145833333334 0.4609375 0.059895833333333336 0.057291666666666664
1 0.828125 0.4934895833333333 0.0625 0.059895833333333336
1 0.8958333333333334 0.5065104166666666 0.06510416666666667 0.049479166666666664
1 0.19270833333333334 0.38671875 0.07552083333333333 0.0546875
1 0.5559895833333334 0.4140625 0.07552083333333333 0.0546875
1 0.5065104166666666 0.4947916666666667 0.057291666666666664 0.041666666666666664
1 0.7421875 0.4869791666666667 0.0625 0.046875
1 0.296875 0.4309895833333333 0.078125 0.0546875
1 0.2682291666666667 0.4283854166666667 0.06510416666666667 0.041666666666666664