0 0.3372395833333333 0.23828125 0.15364583333333334 0.171875
0 0.171875 0.66015625 0.14322916666666666 0.19010416666666666
0 0.4674479166666667 0.39453125 0.15104166666666666 0.1640625
0 0.6184895833333334 0.16796875 0.19010416666666666 0.13802083333333334
0 0.5911458333333334 0.6080729166666666 0.1328125 0.16666666666666666
0 0.8359375 0.16666666666666666 0.17447916666666666 0.16927083333333334
0 0.9479166666666666 0.5859375 0.10416666666666667 0.20833333333333334
0 0.06380208333333333 0.5299479166666666 0.12760416666666666 0.18489583333333334
0 0.33203125 0.4817708333333333 0.1484375 0.15364583333333334
0 0.2421875 0.6510416666666666 0.1171875 0.19010416666666666
0 0.3138020833333333 0.3802083333333333 0.15364583333333334 0.125
0 0.67578125 0.5091145833333334 0.15885416666666666 0.16927083333333334
0 0.84375 0.7174479166666666 0.171875 0.17447916666666666
0 0.19791666666666666 0.8059895833333334 0.12239583333333333 0.11979166666666667