1 0.7122395833333334 0.8098958333333334 0.033854166666666664 0.0390625
1 0.59375 0.4908854166666667 0.03125 0.041666666666666664
1 0.4453125 0.3033854166666667 0.03125 0.041666666666666664
1 0.6549479166666666 0.64453125 0.036458333333333336 0.049479166666666664
1 0.4309895833333333 0.5130208333333334 0.0390625 0.041666666666666664
1 0.7018229166666666 0.2669270833333333 0.0390625 0.052083333333333336
1 0.5091145833333334 0.3333333333333333 0.028645833333333332 0.049479166666666664
1 0.39453125 0.6419270833333334 0.041666666666666664 0.046875
1 0.4609375 0.5325520833333334 0.03125 0.041666666666666664
1 0.7473958333333334 0.5924479166666666 0.041666666666666664 0.0390625
1 0.6875 0.4986979166666667 0.033854166666666664 0.046875
1 0.7591145833333334 0.421875 0.036458333333333336 0.036458333333333336
1 0.54296875 0.5755208333333334 0.028645833333333332 0.044270833333333336
1 0.6966145833333334 0.6770833333333334 0.036458333333333336 0.057291666666666664
1 0.7044270833333334 0.3359375 0.036458333333333336 0.044270833333333336
1 0.7057291666666666 0.2942708333333333 0.044270833333333336 0.036458333333333336
1 0.6875 0.18229166666666666 0.033854166666666664 0.0546875
1 0.5416666666666666 0.3893229166666667 0.0390625 0.046875
1 0.5690104166666666 0.7161458333333334 0.041666666666666664 0.057291666666666664
1 0.44140625 0.421875 0.041666666666666664 0.041666666666666664
1 0.7083333333333334 0.6119791666666666 0.046875 0.036458333333333336
1 0.5729166666666666 0.4947916666666667 0.033854166666666664 0.033854166666666664
1 0.4635416666666667 0.24479166666666666 0.033854166666666664 0.033854166666666664
1 0.5924479166666666 0.6744791666666666 0.044270833333333336 0.041666666666666664
1 0.5494791666666666 0.4153645833333333 0.033854166666666664 0.049479166666666664
1 0.3932291666666667 0.4296875 0.0390625 0.028645833333333332
1 0.4166666666666667 0.3528645833333333 0.0390625 0.059895833333333336
1 0.5286458333333334 0.5455729166666666 0.0390625 0.044270833333333336
1 0.76171875 0.4622395833333333 0.033854166666666664 0.046875
1 0.7877604166666666 0.4075520833333333 0.036458333333333336 0.052083333333333336
1 0.7994791666666666 0.36328125 0.0390625 0.044270833333333336
1 0.4661458333333333 0.36328125 0.036458333333333336 0.044270833333333336
1 0.453125 0.2708333333333333 0.028645833333333332 0.044270833333333336
1 0.7903645833333334 0.484375 0.0546875 0.046875