1 0.49609375 0.64453125 0.0234375 0.018229166666666668
1 0.48046875 0.671875 0.018229166666666668 0.015625
1 0.3828125 0.5299479166666666 0.015625 0.0234375
1 0.4778645833333333 0.6315104166666666 0.013020833333333334 0.0234375
1 0.3763020833333333 0.59375 0.015625 0.018229166666666668
1 0.515625 0.6328125 0.015625 0.0234375
1 0.5026041666666666 0.6119791666666666 0.015625 0.018229166666666668
1 0.4466145833333333 0.5989583333333334 0.0234375 0.020833333333333332
1 0.5872395833333334 0.7252604166666666 0.018229166666666668 0.036458333333333336
1 0.5716145833333334 0.59765625 0.0234375 0.018229166666666668
1 0.5885416666666666 0.6028645833333334 0.015625 0.026041666666666668
1 0.6041666666666666 0.59375 0.020833333333333332 0.03125
1 0.4583333333333333 0.6145833333333334 0.020833333333333332 0.018229166666666668
1 0.34765625 0.5494791666666666 0.018229166666666668 0.018229166666666668
1 0.4869791666666667 0.5924479166666666 0.015625 0.028645833333333332
1 0.3971354166666667 0.62890625 0.013020833333333334 0.0234375
1 0.44921875 0.5924479166666666 0.020833333333333332 0.018229166666666668
1 0.4921875 0.6236979166666666 0.013020833333333334 0.0234375
1 0.5377604166666666 0.6484375 0.018229166666666668 0.020833333333333332
1 0.3463541666666667 0.5364583333333334 0.018229166666666668 0.020833333333333332
1 0.4622395833333333 0.6328125 0.018229166666666668 0.018229166666666668
1 0.5247395833333334 0.6770833333333334 0.020833333333333332 0.018229166666666668
1 0.3606770833333333 0.61328125 0.015625 0.0234375
1 0.4283854166666667 0.6796875 0.013020833333333334 0.028645833333333332
1 0.4296875 0.5794270833333334 0.015625 0.028645833333333332
1 0.4166666666666667 0.6158854166666666 0.0234375 0.020833333333333332
1 0.4557291666666667 0.671875 0.020833333333333332 0.013020833333333334
1 0.5143229166666666 0.6614583333333334 0.015625 0.020833333333333332
1 0.390625 0.6106770833333334 0.015625 0.0234375
1 0.3697916666666667 0.5989583333333334 0.015625 0.020833333333333332
1 0.4244791666666667 0.5833333333333334 0.015625 0.03125
1 0.40234375 0.5729166666666666 0.020833333333333332 0.018229166666666668
1 0.6458333333333334 0.640625 0.018229166666666668 0.03125
1 0.60546875 0.58203125 0.015625 0.020833333333333332
1 0.609375 0.5546875 0.015625 0.026041666666666668
1 0.3229166666666667 0.5494791666666666 0.018229166666666668 0.0234375
1 0.50390625 0.6744791666666666 0.013020833333333334 0.020833333333333332
1 0.4231770833333333 0.5533854166666666 0.010416666666666666 0.018229166666666668
1 0.4322916666666667 0.5690104166666666 0.015625 0.026041666666666668
1 0.44921875 0.6484375 0.015625 0.0234375
1 0.37890625 0.6067708333333334 0.010416666666666666 0.018229166666666668
1 0.3841145833333333 0.5729166666666666 0.013020833333333334 0.026041666666666668
1 0.3997395833333333 0.5911458333333334 0.015625 0.020833333333333332
1 0.3671875 0.53515625 0.015625 0.0234375
1 0.3997395833333333 0.65625 0.013020833333333334 0.0234375
1 0.4635416666666667 0.5716145833333334 0.013020833333333334 0.026041666666666668
1 0.4752604166666667 0.5989583333333334 0.013020833333333334 0.026041666666666668
1 0.4088541666666667 0.5911458333333334 0.013020833333333334 0.0234375
1 0.5703125 0.6458333333333334 0.020833333333333332 0.0234375
1 0.390625 0.5807291666666666 0.018229166666666668 0.03125
1 0.4869791666666667 0.6796875 0.0234375 0.015625
1 0.3645833333333333 0.5455729166666666 0.010416666666666666 0.0234375
1 0.50390625 0.6627604166666666 0.015625 0.020833333333333332
1 0.59375 0.6888020833333334 0.013020833333333334 0.028645833333333332
1 0.65234375 0.6458333333333334 0.015625 0.028645833333333332
1 0.4244791666666667 0.5299479166666666 0.0234375 0.013020833333333334
1 0.59375 0.62890625 0.0234375 0.0234375
1 0.6588541666666666 0.5104166666666666 0.0234375 0.0234375
1 0.375 0.5859375 0.010416666666666666 0.0234375
1 0.328125 0.5481770833333334 0.018229166666666668 0.028645833333333332
1 0.4440104166666667 0.5338541666666666 0.020833333333333332 0.015625
1 0.5299479166666666 0.6861979166666666 0.020833333333333332 0.020833333333333332
1 0.5247395833333334 0.65234375 0.015625 0.020833333333333332
1 0.3841145833333333 0.54296875 0.013020833333333334 0.0234375
1 0.5364583333333334 0.6666666666666666 0.018229166666666668 0.015625
1 0.4778645833333333 0.6549479166666666 0.018229166666666668 0.026041666666666668
1 0.4583333333333333 0.6432291666666666 0.013020833333333334 0.018229166666666668
1 0.4075520833333333 0.5442708333333334 0.020833333333333332 0.0234375
1 0.5208333333333334 0.6158854166666666 0.0234375 0.015625
1 0.5611979166666666 0.6458333333333334 0.018229166666666668 0.0234375
1 0.48828125 0.6393229166666666 0.015625 0.018229166666666668
1 0.5638020833333334 0.62890625 0.015625 0.0234375
1 0.6041666666666666 0.6276041666666666 0.018229166666666668 0.0234375
1 0.6901041666666666 0.4856770833333333 0.015625 0.028645833333333332
1 0.359375 0.58203125 0.015625 0.013020833333333334
1 0.5390625 0.6315104166666666 0.015625 0.020833333333333332
1 0.4427083333333333 0.6731770833333334 0.0234375 0.028645833333333332
1 0.484375 0.6067708333333334 0.015625 0.028645833333333332
1 0.4869791666666667 0.65625 0.013020833333333334 0.015625
1 0.4973958333333333 0.5872395833333334 0.013020833333333334 0.015625
1 0.4231770833333333 0.6510416666666666 0.020833333333333332 0.0234375
1 0.5338541666666666 0.6080729166666666 0.013020833333333334 0.0234375
1 0.55859375 0.5859375 0.018229166666666668 0.0234375
1 0.5963541666666666 0.5611979166666666 0.013020833333333334 0.026041666666666668
1 0.58984375 0.5755208333333334 0.013020833333333334 0.0234375
1 0.6302083333333334 0.5520833333333334 0.0234375 0.015625
1 0.3841145833333333 0.5989583333333334 0.010416666666666666 0.026041666666666668
1 0.4348958333333333 0.546875 0.013020833333333334 0.018229166666666668
1 0.4661458333333333 0.6861979166666666 0.0234375 0.0234375
1 0.5299479166666666 0.6354166666666666 0.013020833333333334 0.026041666666666668
1 0.375 0.5677083333333334 0.013020833333333334 0.026041666666666668
1 0.3489583333333333 0.5703125 0.018229166666666668 0.0234375
1 0.5104166666666666 0.6809895833333334 0.020833333333333332 0.0234375
1 0.4283854166666667 0.6119791666666666 0.015625 0.020833333333333332
1 0.546875 0.6796875 0.020833333333333332 0.018229166666666668
1 0.5169270833333334 0.59375 0.020833333333333332 0.026041666666666668
1 0.55859375 0.5703125 0.028645833333333332 0.0234375
1 0.5859375 0.5859375 0.018229166666666668 0.015625
1 0.5416666666666666 0.5703125 0.013020833333333334 0.028645833333333332
1 0.5716145833333334 0.5846354166666666 0.015625 0.028645833333333332
1 0.5807291666666666 0.5533854166666666 0.020833333333333332 0.0234375
1 0.5768229166666666 0.5651041666666666 0.018229166666666668 0.026041666666666668
1 0.546875 0.6497395833333334 0.0234375 0.018229166666666668
1 0.4453125 0.625 0.015625 0.026041666666666668
1 0.4010416666666667 0.6080729166666666 0.018229166666666668 0.013020833333333334
1 0.46484375 0.6627604166666666 0.015625 0.018229166666666668
1 0.3619791666666667 0.5559895833333334 0.018229166666666668 0.03125
1 0.37109375 0.6653645833333334 0.018229166666666668 0.033854166666666664
1 0.4049479166666667 0.625 0.010416666666666666 0.028645833333333332
1 0.4700520833333333 0.6458333333333334 0.018229166666666668 0.026041666666666668
1 0.4934895833333333 0.6901041666666666 0.026041666666666668 0.020833333333333332
1 0.4401041666666667 0.6263020833333334 0.013020833333333334 0.026041666666666668
1 0.4309895833333333 0.6315104166666666 0.015625 0.018229166666666668
1 0.5091145833333334 0.63671875 0.018229166666666668 0.028645833333333332
1 0.4153645833333333 0.5690104166666666 0.013020833333333334 0.0234375
1 0.5690104166666666 0.6940104166666666 0.020833333333333332 0.026041666666666668
1 0.4088541666666667 0.5286458333333334 0.015625 0.013020833333333334
1 0.6354166666666666 0.5390625 0.0234375 0.018229166666666668
1 0.33984375 0.6276041666666666 0.015625 0.026041666666666668
1 0.4661458333333333 0.6067708333333334 0.018229166666666668 0.036458333333333336
1 0.4401041666666667 0.6536458333333334 0.013020833333333334 0.0234375
1 0.39453125 0.5403645833333334 0.018229166666666668 0.020833333333333332
1 0.3372395833333333 0.5625 0.018229166666666668 0.020833333333333332
1 0.4934895833333333 0.6666666666666666 0.015625 0.018229166666666668
1 0.4973958333333333 0.6119791666666666 0.015625 0.0234375
1 0.44140625 0.5625 0.013020833333333334 0.0234375
1 0.3776041666666667 0.55078125 0.010416666666666666 0.026041666666666668
1 0.5052083333333334 0.5963541666666666 0.018229166666666668 0.0234375
1 0.5794270833333334 0.73828125 0.020833333333333332 0.028645833333333332
1 0.59765625 0.64453125 0.015625 0.020833333333333332
1 0.6263020833333334 0.5690104166666666 0.018229166666666668 0.015625