1 0.11328125 0.55078125 0.0703125 0.033854166666666664
1 0.24739583333333334 0.609375 0.06510416666666667 0.03125
1 0.37890625 0.5703125 0.052083333333333336 0.046875
1 0.18359375 0.5859375 0.0546875 0.049479166666666664
1 0.11458333333333333 0.5885416666666666 0.059895833333333336 0.036458333333333336
1 0.8255208333333334 0.53515625 0.0703125 0.0390625
1 0.4661458333333333 0.5963541666666666 0.0703125 0.0390625
1 0.4947916666666667 0.5065104166666666 0.052083333333333336 0.03125
1 0.2682291666666667 0.5716145833333334 0.057291666666666664 0.033854166666666664
1 0.7135416666666666 0.5182291666666666 0.07291666666666667 0.0390625
1 0.7421875 0.5130208333333334 0.06510416666666667 0.026041666666666668