1 0.73046875 0.7122395833333334 0.057291666666666664 0.0546875
1 0.6341145833333334 0.6458333333333334 0.0625 0.09114583333333333
1 0.4986979166666667 0.21744791666666666 0.0625 0.06770833333333333
1 0.5169270833333334 0.10416666666666667 0.049479166666666664 0.06770833333333333
1 0.3841145833333333 0.20442708333333334 0.036458333333333336 0.0703125
1 0.734375 0.6692708333333334 0.049479166666666664 0.059895833333333336
1 0.5872395833333334 0.5182291666666666 0.046875 0.044270833333333336
1 0.7122395833333334 0.4075520833333333 0.046875 0.0546875
1 0.4973958333333333 0.13671875 0.06510416666666667 0.0546875
1 0.7786458333333334 0.3815104166666667 0.059895833333333336 0.06510416666666667
1 0.8098958333333334 0.5859375 0.0390625 0.07291666666666667
1 0.75 0.5299479166666666 0.049479166666666664 0.0546875
1 0.4856770833333333 0.5442708333333334 0.0390625 0.059895833333333336
1 0.3411458333333333 0.3346354166666667 0.059895833333333336 0.046875
1 0.421875 0.5950520833333334 0.057291666666666664 0.08854166666666667
1 0.4921875 0.46875 0.057291666666666664 0.046875
1 0.4153645833333333 0.1953125 0.046875 0.049479166666666664
1 0.8658854166666666 0.5989583333333334 0.057291666666666664 0.06510416666666667
1 0.6627604166666666 0.2721354166666667 0.036458333333333336 0.049479166666666664
1 0.51953125 0.6263020833333334 0.0546875 0.049479166666666664
1 0.3684895833333333 0.29296875 0.041666666666666664 0.06770833333333333
1 0.6080729166666666 0.19010416666666666 0.059895833333333336 0.0625
1 0.8268229166666666 0.37890625 0.046875 0.06770833333333333
1 0.5286458333333334 0.4518229166666667 0.036458333333333336 0.057291666666666664
1 0.6002604166666666 0.4739583333333333 0.049479166666666664 0.044270833333333336
1 0.75 0.3229166666666667 0.059895833333333336 0.0703125
1 0.6484375 0.23567708333333334 0.044270833333333336 0.0703125
1 0.3697916666666667 0.51953125 0.0390625 0.059895833333333336
1 0.68359375 0.4283854166666667 0.041666666666666664 0.07291666666666667
1 0.6158854166666666 0.5286458333333334 0.036458333333333336 0.0546875
1 0.4114583333333333 0.23307291666666666 0.0546875 0.052083333333333336
1 0.3958333333333333 0.30859375 0.036458333333333336 0.059895833333333336
1 0.4088541666666667 0.4791666666666667 0.041666666666666664 0.057291666666666664
1 0.36328125 0.33984375 0.041666666666666664 0.046875