0 0.4739583333333333 0.7174479166666666 0.14322916666666666 0.12239583333333333
0 0.4908854166666667 0.5455729166666666 0.10677083333333333 0.12239583333333333
0 0.375 0.4166666666666667 0.125 0.11458333333333333
0 0.6080729166666666 0.2838541666666667 0.08333333333333333 0.16927083333333334
0 0.6484375 0.2864583333333333 0.125 0.15625
0 0.4348958333333333 0.46484375 0.1171875 0.11979166666666667
0 0.484375 0.3658854166666667 0.11458333333333333 0.0859375
0 0.53125 0.4140625 0.11979166666666667 0.140625
0 0.3815104166666667 0.14973958333333334 0.16145833333333334 0.20052083333333334
0 0.4583333333333333 0.65625 0.1171875 0.14322916666666666
0 0.5247395833333334 0.2565104166666667 0.16145833333333334 0.1796875