1 0.6875 0.4661458333333333 0.052083333333333336 0.036458333333333336
1 0.5494791666666666 0.4088541666666667 0.0546875 0.03125
1 0.7838541666666666 0.7018229166666666 0.06770833333333333 0.036458333333333336
1 0.6171875 0.68359375 0.0390625 0.046875
1 0.6666666666666666 0.53515625 0.046875 0.0390625
1 0.5026041666666666 0.57421875 0.057291666666666664 0.044270833333333336
1 0.5768229166666666 0.44921875 0.0546875 0.044270833333333336
1 0.41796875 0.3997395833333333 0.0390625 0.0390625
1 0.6419270833333334 0.5520833333333334 0.06510416666666667 0.041666666666666664
1 0.52734375 0.4270833333333333 0.041666666666666664 0.033854166666666664
1 0.5794270833333334 0.6692708333333334 0.049479166666666664 0.052083333333333336
1 0.60546875 0.3958333333333333 0.049479166666666664 0.052083333333333336
1 0.3893229166666667 0.3984375 0.046875 0.0390625
1 0.5729166666666666 0.4010416666666667 0.028645833333333332 0.046875
1 0.4427083333333333 0.3802083333333333 0.044270833333333336 0.036458333333333336
1 0.3033854166666667 0.5950520833333334 0.044270833333333336 0.041666666666666664
1 0.9114583333333334 0.76171875 0.0625 0.0390625
1 0.3841145833333333 0.4466145833333333 0.057291666666666664 0.036458333333333336
1 0.4544270833333333 0.66015625 0.036458333333333336 0.041666666666666664
1 0.4830729166666667 0.6653645833333334 0.046875 0.041666666666666664
1 0.5716145833333334 0.41015625 0.044270833333333336 0.036458333333333336
1 0.4986979166666667 0.4114583333333333 0.052083333333333336 0.0390625
1 0.6419270833333334 0.69921875 0.049479166666666664 0.057291666666666664
1 0.4700520833333333 0.6223958333333334 0.0546875 0.049479166666666664