1 0.13020833333333334 0.6888020833333334 0.06510416666666667 0.08333333333333333
1 0.4739583333333333 0.296875 0.049479166666666664 0.06510416666666667
1 0.4322916666666667 0.6627604166666666 0.052083333333333336 0.0703125
1 0.4127604166666667 0.6510416666666666 0.06510416666666667 0.08854166666666667
1 0.4466145833333333 0.5950520833333334 0.059895833333333336 0.0625
1 0.546875 0.3828125 0.059895833333333336 0.08072916666666667
1 0.6223958333333334 0.3463541666666667 0.059895833333333336 0.078125
1 0.2903645833333333 0.61328125 0.057291666666666664 0.0625
1 0.3255208333333333 0.5364583333333334 0.06510416666666667 0.0859375
1 0.52734375 0.3580729166666667 0.046875 0.059895833333333336
1 0.6223958333333334 0.6223958333333334 0.046875 0.059895833333333336
1 0.6419270833333334 0.49609375 0.06510416666666667 0.08333333333333333
1 0.27734375 0.7317708333333334 0.0546875 0.0703125
1 0.46484375 0.6692708333333334 0.06770833333333333 0.09375
1 0.4544270833333333 0.5598958333333334 0.0625 0.07291666666666667
1 0.57421875 0.4322916666666667 0.059895833333333336 0.078125
1 0.5651041666666666 0.3984375 0.0625 0.078125
1 0.6263020833333334 0.18359375 0.041666666666666664 0.0625
1 0.6380208333333334 0.20703125 0.049479166666666664 0.046875
1 0.5859375 0.3216145833333333 0.052083333333333336 0.0703125
1 0.2760416666666667 0.4765625 0.06770833333333333 0.08072916666666667
1 0.3072916666666667 0.6731770833333334 0.057291666666666664 0.057291666666666664
1 0.5260416666666666 0.66796875 0.0625 0.07552083333333333
1 0.5768229166666666 0.5716145833333334 0.046875 0.0546875
1 0.2643229166666667 0.3502604166666667 0.0703125 0.09635416666666667
1 0.4309895833333333 0.70703125 0.057291666666666664 0.059895833333333336
1 0.375 0.7278645833333334 0.0625 0.07552083333333333
1 0.4075520833333333 0.5481770833333334 0.06510416666666667 0.08072916666666667
1 0.3229166666666667 0.6432291666666666 0.0546875 0.078125
1 0.6080729166666666 0.2708333333333333 0.057291666666666664 0.0546875
1 0.3450520833333333 0.2421875 0.07291666666666667 0.08072916666666667
1 0.5338541666666666 0.4856770833333333 0.052083333333333336 0.059895833333333336
1 0.6315104166666666 0.2981770833333333 0.059895833333333336 0.08333333333333333
1 0.58203125 0.23958333333333334 0.0546875 0.06510416666666667
1 0.22916666666666666 0.2604166666666667 0.0546875 0.059895833333333336
1 0.5377604166666666 0.6028645833333334 0.052083333333333336 0.057291666666666664
1 0.3138020833333333 0.3997395833333333 0.07291666666666667 0.08854166666666667
1 0.2565104166666667 0.41796875 0.0625 0.07291666666666667
1 0.44140625 0.7434895833333334 0.059895833333333336 0.07291666666666667
1 0.4947916666666667 0.5013020833333334 0.0546875 0.07291666666666667
1 0.5364583333333334 0.4557291666666667 0.06770833333333333 0.09635416666666667
1 0.5130208333333334 0.3567708333333333 0.052083333333333336 0.07552083333333333
1 0.51171875 0.2916666666666667 0.057291666666666664 0.07552083333333333
1 0.4973958333333333 0.4283854166666667 0.059895833333333336 0.07552083333333333
1 0.4375 0.2877604166666667 0.0625 0.08072916666666667
1 0.4557291666666667 0.4244791666666667 0.0546875 0.07291666666666667
1 0.5611979166666666 0.3294270833333333 0.052083333333333336 0.06770833333333333
1 0.6432291666666666 0.5546875 0.052083333333333336 0.059895833333333336
1 0.6549479166666666 0.5234375 0.057291666666666664 0.07291666666666667
1 0.6015625 0.5247395833333334 0.06510416666666667 0.06770833333333333
1 0.4231770833333333 0.17447916666666666 0.057291666666666664 0.07552083333333333
1 0.5677083333333334 0.22395833333333334 0.052083333333333336 0.06510416666666667
1 0.3684895833333333 0.41796875 0.0625 0.08333333333333333
1 0.3893229166666667 0.33203125 0.0546875 0.06770833333333333
1 0.4791666666666667 0.8333333333333334 0.0546875 0.06770833333333333
1 0.5950520833333334 0.6080729166666666 0.0390625 0.049479166666666664
1 0.62890625 0.5286458333333334 0.049479166666666664 0.0546875
1 0.66796875 0.3515625 0.057291666666666664 0.059895833333333336
1 0.3828125 0.2760416666666667 0.057291666666666664 0.0703125
1 0.3971354166666667 0.38671875 0.0625 0.0859375
1 0.28515625 0.56640625 0.057291666666666664 0.08072916666666667
1 0.48046875 0.4296875 0.06770833333333333 0.08333333333333333
1 0.4856770833333333 0.3580729166666667 0.046875 0.0546875
1 0.6236979166666666 0.5716145833333334 0.044270833333333336 0.044270833333333336
1 0.64453125 0.4661458333333333 0.07552083333333333 0.08854166666666667
1 0.46875 0.7473958333333334 0.0703125 0.09375
1 0.4192708333333333 0.56640625 0.052083333333333336 0.06770833333333333
1 0.453125 0.4778645833333333 0.0546875 0.06770833333333333
1 0.5572916666666666 0.2825520833333333 0.057291666666666664 0.0703125
1 0.3033854166666667 0.5807291666666666 0.0625 0.06510416666666667