0 0.4544270833333333 0.75 0.1484375 0.125
0 0.73828125 0.3815104166666667 0.17447916666666666 0.203125
0 0.2838541666666667 0.6028645833333334 0.16145833333333334 0.21875
0 0.546875 0.26953125 0.15625 0.23177083333333334
0 0.5013020833333334 0.8411458333333334 0.17447916666666666 0.16666666666666666
0 0.4440104166666667 0.5872395833333334 0.140625 0.203125
0 0.63671875 0.5091145833333334 0.15625 0.17447916666666666
0 0.3177083333333333 0.23307291666666666 0.18489583333333334 0.15885416666666666
0 0.63671875 0.80859375 0.1328125 0.22916666666666666
0 0.3971354166666667 0.328125 0.16927083333333334 0.13541666666666666
0 0.7421875 0.5286458333333334 0.14583333333333334 0.13541666666666666