1 0.3997395833333333 0.2760416666666667 0.0546875 0.06770833333333333
1 0.4661458333333333 0.359375 0.03125 0.049479166666666664
1 0.4908854166666667 0.3515625 0.044270833333333336 0.059895833333333336
1 0.4752604166666667 0.4908854166666667 0.046875 0.049479166666666664
1 0.6536458333333334 0.6848958333333334 0.044270833333333336 0.026041666666666668
1 0.4609375 0.29296875 0.052083333333333336 0.057291666666666664
1 0.4388020833333333 0.2630208333333333 0.033854166666666664 0.0234375
1 0.5859375 0.4309895833333333 0.0390625 0.06510416666666667
1 0.41015625 0.3151041666666667 0.0546875 0.0703125
1 0.4296875 0.2942708333333333 0.033854166666666664 0.06510416666666667
1 0.45703125 0.42578125 0.036458333333333336 0.0546875
1 0.4778645833333333 0.4479166666666667 0.041666666666666664 0.036458333333333336