1 0.4934895833333333 0.58203125 0.08333333333333333 0.0703125
1 0.5013020833333334 0.7044270833333334 0.09114583333333333 0.0546875
1 0.6106770833333334 0.9049479166666666 0.09635416666666667 0.057291666666666664
1 0.2838541666666667 0.3268229166666667 0.052083333333333336 0.059895833333333336
1 0.23828125 0.5638020833333334 0.1015625 0.052083333333333336
1 0.2526041666666667 0.38671875 0.08854166666666667 0.033854166666666664
1 0.7994791666666666 0.4166666666666667 0.109375 0.06510416666666667
1 0.5572916666666666 0.62109375 0.109375 0.06770833333333333
1 0.6744791666666666 0.26171875 0.0703125 0.08333333333333333
1 0.76953125 0.5846354166666666 0.06770833333333333 0.0859375
1 0.56640625 0.3997395833333333 0.057291666666666664 0.059895833333333336
1 0.22135416666666666 0.3645833333333333 0.078125 0.0546875
1 0.68359375 0.3216145833333333 0.09375 0.0390625
1 0.6627604166666666 0.4375 0.0625 0.08333333333333333
1 0.234375 0.24609375 0.07552083333333333 0.07291666666666667
1 0.703125 0.4752604166666667 0.078125 0.09375
1 0.5260416666666666 0.48828125 0.078125 0.078125