1 0.5234375 0.5729166666666666 0.03125 0.0234375
1 0.53125 0.6236979166666666 0.0390625 0.036458333333333336
1 0.5768229166666666 0.671875 0.046875 0.028645833333333332
1 0.4778645833333333 0.6328125 0.028645833333333332 0.052083333333333336
1 0.4934895833333333 0.6783854166666666 0.044270833333333336 0.046875
1 0.5221354166666666 0.6627604166666666 0.028645833333333332 0.033854166666666664
1 0.6197916666666666 0.60546875 0.0390625 0.0546875
1 0.5651041666666666 0.6354166666666666 0.0234375 0.03125
1 0.4895833333333333 0.6067708333333334 0.0390625 0.028645833333333332
1 0.4856770833333333 0.58203125 0.046875 0.041666666666666664
1 0.671875 0.5807291666666666 0.0390625 0.049479166666666664
1 0.5403645833333334 0.6731770833333334 0.028645833333333332 0.049479166666666664
1 0.45703125 0.6236979166666666 0.03125 0.0703125
1 0.5104166666666666 0.6510416666666666 0.036458333333333336 0.046875
1 0.6783854166666666 0.6041666666666666 0.0390625 0.052083333333333336
1 0.6119791666666666 0.55859375 0.028645833333333332 0.044270833333333336
1 0.48046875 0.546875 0.036458333333333336 0.036458333333333336
1 0.5716145833333334 0.5546875 0.046875 0.0546875
1 0.6106770833333334 0.59765625 0.033854166666666664 0.044270833333333336
1 0.6315104166666666 0.6236979166666666 0.028645833333333332 0.046875
1 0.578125 0.6236979166666666 0.0390625 0.049479166666666664
1 0.6471354166666666 0.59765625 0.03125 0.052083333333333336
1 0.5377604166666666 0.5325520833333334 0.036458333333333336 0.0625
1 0.5833333333333334 0.6002604166666666 0.028645833333333332 0.044270833333333336
1 0.5286458333333334 0.59375 0.041666666666666664 0.033854166666666664
1 0.59765625 0.56640625 0.028645833333333332 0.06510416666666667
1 0.5546875 0.5807291666666666 0.03125 0.049479166666666664
1 0.5690104166666666 0.6106770833333334 0.044270833333333336 0.026041666666666668
1 0.5065104166666666 0.5390625 0.036458333333333336 0.049479166666666664
1 0.5416666666666666 0.6354166666666666 0.03125 0.033854166666666664
1 0.6458333333333334 0.5651041666666666 0.0625 0.044270833333333336