1 0.6380208333333334 0.5182291666666666 0.033854166666666664 0.0625
1 0.5846354166666666 0.7330729166666666 0.044270833333333336 0.0390625
1 0.5260416666666666 0.6223958333333334 0.041666666666666664 0.0546875
1 0.6666666666666666 0.6549479166666666 0.059895833333333336 0.0703125
1 0.6106770833333334 0.41015625 0.03125 0.06770833333333333
1 0.5533854166666666 0.4036458333333333 0.041666666666666664 0.10416666666666667
1 0.4127604166666667 0.4661458333333333 0.044270833333333336 0.052083333333333336
1 0.5026041666666666 0.625 0.0234375 0.08072916666666667
1 0.42578125 0.4296875 0.033854166666666664 0.06510416666666667
1 0.6197916666666666 0.6158854166666666 0.044270833333333336 0.059895833333333336
1 0.4817708333333333 0.3463541666666667 0.041666666666666664 0.06510416666666667
1 0.6184895833333334 0.4817708333333333 0.049479166666666664 0.052083333333333336
1 0.6640625 0.69140625 0.041666666666666664 0.0546875
1 0.5377604166666666 0.6640625 0.049479166666666664 0.0390625
1 0.5403645833333334 0.7044270833333334 0.041666666666666664 0.046875
1 0.6484375 0.6809895833333334 0.046875 0.06510416666666667
1 0.5208333333333334 0.6744791666666666 0.041666666666666664 0.036458333333333336