1 0.46484375 0.32421875 0.028645833333333332 0.0390625
1 0.5286458333333334 0.24869791666666666 0.03125 0.028645833333333332
1 0.4674479166666667 0.140625 0.015625 0.0234375
1 0.5885416666666666 0.14583333333333334 0.0234375 0.044270833333333336
1 0.6979166666666666 0.3424479166666667 0.033854166666666664 0.0234375
1 0.4453125 0.2747395833333333 0.041666666666666664 0.041666666666666664
1 0.4388020833333333 0.234375 0.036458333333333336 0.028645833333333332
1 0.60546875 0.41015625 0.033854166666666664 0.0234375
1 0.55859375 0.296875 0.0234375 0.049479166666666664
1 0.46484375 0.2890625 0.026041666666666668 0.052083333333333336
1 0.4479166666666667 0.3190104166666667 0.026041666666666668 0.044270833333333336
1 0.4739583333333333 0.16666666666666666 0.036458333333333336 0.036458333333333336
1 0.4817708333333333 0.28515625 0.033854166666666664 0.041666666666666664
1 0.6080729166666666 0.2864583333333333 0.026041666666666668 0.049479166666666664
1 0.453125 0.14322916666666666 0.0078125 0.020833333333333332