1 0.5091145833333334 0.53125 0.125 0.0546875
1 0.6276041666666666 0.5703125 0.07552083333333333 0.0625
1 0.58203125 0.5494791666666666 0.059895833333333336 0.0625
1 0.625 0.3359375 0.13802083333333334 0.057291666666666664
1 0.5520833333333334 0.3580729166666667 0.07552083333333333 0.044270833333333336
1 0.4140625 0.4895833333333333 0.13541666666666666 0.052083333333333336
1 0.625 0.5963541666666666 0.07552083333333333 0.041666666666666664
1 0.4036458333333333 0.3997395833333333 0.044270833333333336 0.052083333333333336
1 0.4856770833333333 0.54296875 0.10416666666666667 0.041666666666666664
1 0.74609375 0.3880208333333333 0.06510416666666667 0.059895833333333336
1 0.4947916666666667 0.41015625 0.06770833333333333 0.046875
1 0.5729166666666666 0.4622395833333333 0.10677083333333333 0.041666666666666664
1 0.4088541666666667 0.6510416666666666 0.15885416666666666 0.06510416666666667
1 0.60546875 0.6901041666666666 0.12239583333333333 0.0546875
1 0.6536458333333334 0.4791666666666667 0.044270833333333336 0.049479166666666664
1 0.7526041666666666 0.3346354166666667 0.09895833333333333 0.057291666666666664
1 0.3489583333333333 0.36328125 0.078125 0.044270833333333336
1 0.2760416666666667 0.4140625 0.078125 0.0546875
1 0.5703125 0.41796875 0.078125 0.059895833333333336
1 0.6549479166666666 0.3828125 0.06770833333333333 0.0546875
1 0.39453125 0.8255208333333334 0.09895833333333333 0.06510416666666667
1 0.4778645833333333 0.4427083333333333 0.0859375 0.052083333333333336
1 0.6666666666666666 0.4296875 0.12760416666666666 0.057291666666666664
1 0.7565104166666666 0.59765625 0.057291666666666664 0.057291666666666664
1 0.6432291666666666 0.4427083333333333 0.059895833333333336 0.028645833333333332
1 0.46484375 0.3502604166666667 0.07552083333333333 0.049479166666666664
1 0.20833333333333334 0.3541666666666667 0.078125 0.052083333333333336
1 0.6731770833333334 0.5494791666666666 0.06510416666666667 0.0625
1 0.6015625 0.37109375 0.07291666666666667 0.046875
1 0.5065104166666666 0.3828125 0.10677083333333333 0.046875
1 0.5755208333333334 0.3359375 0.10677083333333333 0.041666666666666664
1 0.3580729166666667 0.3919270833333333 0.06770833333333333 0.059895833333333336
1 0.4479166666666667 0.41015625 0.07552083333333333 0.057291666666666664
1 0.4127604166666667 0.3697916666666667 0.09114583333333333 0.0546875
1 0.5872395833333334 0.4348958333333333 0.06510416666666667 0.044270833333333336
1 0.74609375 0.3541666666666667 0.08854166666666667 0.052083333333333336