1 0.4544270833333333 0.5026041666666666 0.028645833333333332 0.06770833333333333
1 0.4934895833333333 0.51171875 0.028645833333333332 0.0625
1 0.5338541666666666 0.3828125 0.0234375 0.06510416666666667
1 0.4869791666666667 0.3880208333333333 0.0234375 0.046875
1 0.4596354166666667 0.57421875 0.026041666666666668 0.0625
1 0.49609375 0.62890625 0.03125 0.057291666666666664
1 0.4557291666666667 0.6341145833333334 0.03125 0.0703125
1 0.4830729166666667 0.42578125 0.03125 0.044270833333333336
1 0.4479166666666667 0.5520833333333334 0.033854166666666664 0.0625
1 0.4791666666666667 0.4635416666666667 0.028645833333333332 0.0546875
1 0.5 0.296875 0.033854166666666664 0.052083333333333336
1 0.5026041666666666 0.3580729166666667 0.033854166666666664 0.0625
1 0.4739583333333333 0.50390625 0.028645833333333332 0.0546875