1 0.3229166666666667 0.3528645833333333 0.03125 0.052083333333333336
1 0.7421875 0.6458333333333334 0.036458333333333336 0.059895833333333336
1 0.4322916666666667 0.5833333333333334 0.046875 0.046875
1 0.6276041666666666 0.48046875 0.033854166666666664 0.052083333333333336
1 0.3619791666666667 0.4361979166666667 0.033854166666666664 0.057291666666666664
1 0.59765625 0.2682291666666667 0.052083333333333336 0.0390625
1 0.3359375 0.6861979166666666 0.0390625 0.036458333333333336
1 0.6080729166666666 0.4778645833333333 0.033854166666666664 0.059895833333333336
1 0.3802083333333333 0.38671875 0.028645833333333332 0.046875
1 0.3619791666666667 0.3541666666666667 0.049479166666666664 0.033854166666666664
1 0.5598958333333334 0.2421875 0.033854166666666664 0.046875
1 0.7356770833333334 0.14322916666666666 0.03125 0.049479166666666664
1 0.7057291666666666 0.4739583333333333 0.036458333333333336 0.057291666666666664
1 0.20833333333333334 0.5078125 0.033854166666666664 0.057291666666666664
1 0.5442708333333334 0.45703125 0.0390625 0.0546875
1 0.7604166666666666 0.15625 0.052083333333333336 0.052083333333333336
1 0.2825520833333333 0.48046875 0.046875 0.0390625
1 0.7044270833333334 0.64453125 0.0390625 0.052083333333333336