1 0.6809895833333334 0.45703125 0.044270833333333336 0.03125
1 0.2747395833333333 0.5638020833333334 0.020833333333333332 0.033854166666666664
1 0.9244791666666666 0.51171875 0.020833333333333332 0.033854166666666664
1 0.7786458333333334 0.43359375 0.020833333333333332 0.033854166666666664
1 0.9322916666666666 0.4283854166666667 0.03125 0.033854166666666664
1 0.5520833333333334 0.4908854166666667 0.0234375 0.033854166666666664
1 0.7369791666666666 0.4401041666666667 0.044270833333333336 0.015625
1 0.3346354166666667 0.3528645833333333 0.018229166666666668 0.044270833333333336
1 0.6315104166666666 0.56640625 0.041666666666666664 0.026041666666666668
1 0.6354166666666666 0.4622395833333333 0.033854166666666664 0.036458333333333336
1 0.703125 0.4505208333333333 0.0390625 0.0234375
1 0.69140625 0.3580729166666667 0.044270833333333336 0.018229166666666668
1 0.6028645833333334 0.390625 0.041666666666666664 0.0234375
1 0.10286458333333333 0.4088541666666667 0.033854166666666664 0.03125
1 0.80078125 0.33203125 0.020833333333333332 0.03125
1 0.29296875 0.6119791666666666 0.044270833333333336 0.0234375
1 0.3815104166666667 0.2565104166666667 0.028645833333333332 0.033854166666666664
1 0.7278645833333334 0.4921875 0.033854166666666664 0.03125
1 0.7239583333333334 0.3489583333333333 0.028645833333333332 0.033854166666666664
1 0.53125 0.3997395833333333 0.03125 0.033854166666666664