1 0.4622395833333333 0.5455729166666666 0.033854166666666664 0.046875
1 0.3919270833333333 0.6380208333333334 0.033854166666666664 0.033854166666666664
1 0.6223958333333334 0.5755208333333334 0.033854166666666664 0.06510416666666667
1 0.5364583333333334 0.6796875 0.03125 0.044270833333333336
1 0.48828125 0.6796875 0.041666666666666664 0.036458333333333336
1 0.6171875 0.63671875 0.026041666666666668 0.044270833333333336
1 0.5130208333333334 0.53125 0.0390625 0.0546875
1 0.56640625 0.7734375 0.036458333333333336 0.046875
1 0.3138020833333333 0.6979166666666666 0.03125 0.0546875
1 0.3502604166666667 0.70703125 0.028645833333333332 0.049479166666666664
1 0.34765625 0.7408854166666666 0.0234375 0.0390625
1 0.5169270833333334 0.6940104166666666 0.0390625 0.028645833333333332
1 0.6106770833333334 0.6640625 0.028645833333333332 0.046875
1 0.58203125 0.7434895833333334 0.0390625 0.046875
1 0.5442708333333334 0.7799479166666666 0.033854166666666664 0.052083333333333336
1 0.5247395833333334 0.4934895833333333 0.018229166666666668 0.028645833333333332
1 0.55078125 0.5729166666666666 0.0234375 0.046875
1 0.5638020833333334 0.7213541666666666 0.041666666666666664 0.059895833333333336
1 0.4401041666666667 0.5442708333333334 0.03125 0.0546875
1 0.35546875 0.71875 0.033854166666666664 0.028645833333333332
1 0.5963541666666666 0.59375 0.0390625 0.028645833333333332
1 0.6341145833333334 0.671875 0.036458333333333336 0.0390625
1 0.4622395833333333 0.74609375 0.041666666666666664 0.026041666666666668
1 0.6067708333333334 0.6171875 0.0234375 0.0390625
1 0.4088541666666667 0.5833333333333334 0.036458333333333336 0.052083333333333336
1 0.3645833333333333 0.64453125 0.044270833333333336 0.026041666666666668
1 0.3697916666666667 0.609375 0.03125 0.052083333333333336
1 0.5924479166666666 0.69921875 0.028645833333333332 0.020833333333333332
1 0.7044270833333334 0.6536458333333334 0.03125 0.046875
1 0.55078125 0.8268229166666666 0.036458333333333336 0.044270833333333336
1 0.3684895833333333 0.79296875 0.0390625 0.052083333333333336
1 0.390625 0.7135416666666666 0.0390625 0.028645833333333332
1 0.60546875 0.72265625 0.018229166666666668 0.036458333333333336
1 0.33203125 0.6653645833333334 0.036458333333333336 0.0390625
1 0.5247395833333334 0.5546875 0.0390625 0.049479166666666664
1 0.5794270833333334 0.4440104166666667 0.036458333333333336 0.0390625
1 0.5546875 0.5494791666666666 0.0234375 0.018229166666666668
1 0.6458333333333334 0.69140625 0.036458333333333336 0.0546875
1 0.3489583333333333 0.62890625 0.0390625 0.041666666666666664
1 0.3567708333333333 0.7682291666666666 0.0390625 0.046875
1 0.3958333333333333 0.7395833333333334 0.044270833333333336 0.0390625
1 0.5390625 0.5286458333333334 0.028645833333333332 0.044270833333333336
1 0.59765625 0.5794270833333334 0.036458333333333336 0.041666666666666664
1 0.6236979166666666 0.7135416666666666 0.033854166666666664 0.0234375
1 0.58203125 0.5481770833333334 0.03125 0.0546875