1 0.5625 0.6458333333333334 0.0234375 0.026041666666666668
1 0.69921875 0.5911458333333334 0.026041666666666668 0.026041666666666668
1 0.4830729166666667 0.56640625 0.0234375 0.020833333333333332
1 0.7278645833333334 0.41015625 0.010416666666666666 0.015625
1 0.47265625 0.7955729166666666 0.026041666666666668 0.041666666666666664
1 0.71484375 0.5755208333333334 0.026041666666666668 0.028645833333333332
1 0.8932291666666666 0.41796875 0.015625 0.018229166666666668
1 0.5130208333333334 0.5 0.020833333333333332 0.036458333333333336
1 0.9518229166666666 0.34375 0.0234375 0.013020833333333334
1 0.46484375 0.5481770833333334 0.033854166666666664 0.028645833333333332
1 0.5247395833333334 0.5221354166666666 0.013020833333333334 0.020833333333333332
1 0.3294270833333333 0.52734375 0.018229166666666668 0.0234375
1 0.5494791666666666 0.6549479166666666 0.018229166666666668 0.0234375
1 0.4830729166666667 0.6263020833333334 0.010416666666666666 0.020833333333333332
1 0.7578125 0.44140625 0.020833333333333332 0.015625
1 0.4921875 0.6158854166666666 0.0234375 0.0234375
1 0.4140625 0.4895833333333333 0.020833333333333332 0.015625
1 0.5442708333333334 0.6692708333333334 0.015625 0.018229166666666668
1 0.46875 0.5013020833333334 0.0078125 0.015625
1 0.5247395833333334 0.5716145833333334 0.0390625 0.03125
1 0.5416666666666666 0.46875 0.0234375 0.0234375
1 0.5364583333333334 0.6106770833333334 0.018229166666666668 0.0234375
1 0.4270833333333333 0.5950520833333334 0.026041666666666668 0.0234375
1 0.3919270833333333 0.50390625 0.020833333333333332 0.018229166666666668
1 0.4427083333333333 0.53125 0.020833333333333332 0.03125
1 0.4856770833333333 0.7708333333333334 0.015625 0.026041666666666668
1 0.515625 0.5494791666666666 0.018229166666666668 0.03125
1 0.51953125 0.59375 0.0234375 0.0234375
1 0.5911458333333334 0.5611979166666666 0.020833333333333332 0.015625
1 0.4518229166666667 0.5690104166666666 0.0234375 0.028645833333333332
1 0.6002604166666666 0.5690104166666666 0.018229166666666668 0.015625
1 0.4700520833333333 0.81640625 0.026041666666666668 0.0234375
1 0.4622395833333333 0.6354166666666666 0.013020833333333334 0.013020833333333334
1 0.5364583333333334 0.4817708333333333 0.020833333333333332 0.0234375
1 0.5546875 0.4635416666666667 0.020833333333333332 0.015625
1 0.7395833333333334 0.5703125 0.018229166666666668 0.026041666666666668
1 0.6041666666666666 0.6197916666666666 0.020833333333333332 0.018229166666666668
1 0.5924479166666666 0.5989583333333334 0.041666666666666664 0.026041666666666668
1 0.8424479166666666 0.5377604166666666 0.020833333333333332 0.018229166666666668
1 0.5 0.7682291666666666 0.028645833333333332 0.018229166666666668
1 0.65234375 0.6471354166666666 0.018229166666666668 0.033854166666666664
1 0.7356770833333334 0.6510416666666666 0.028645833333333332 0.033854166666666664
1 0.4973958333333333 0.515625 0.033854166666666664 0.028645833333333332
1 0.4583333333333333 0.5325520833333334 0.0234375 0.018229166666666668
1 0.5546875 0.4075520833333333 0.0234375 0.018229166666666668
1 0.4322916666666667 0.53125 0.018229166666666668 0.026041666666666668
1 0.5651041666666666 0.6171875 0.020833333333333332 0.018229166666666668
1 0.5026041666666666 0.59375 0.018229166666666668 0.013020833333333334
1 0.7955729166666666 0.53515625 0.028645833333333332 0.03125
1 0.6796875 0.4479166666666667 0.026041666666666668 0.020833333333333332
1 0.5416666666666666 0.4583333333333333 0.0234375 0.015625
1 0.5104166666666666 0.4518229166666667 0.010416666666666666 0.015625
1 0.5338541666666666 0.5885416666666666 0.018229166666666668 0.0234375
1 0.7356770833333334 0.60546875 0.020833333333333332 0.033854166666666664
1 0.5026041666666666 0.75 0.018229166666666668 0.0234375
1 0.72265625 0.6223958333333334 0.013020833333333334 0.028645833333333332
1 0.5169270833333334 0.6158854166666666 0.018229166666666668 0.015625
1 0.5690104166666666 0.5559895833333334 0.026041666666666668 0.018229166666666668
1 0.5286458333333334 0.5533854166666666 0.026041666666666668 0.026041666666666668
1 0.6549479166666666 0.5924479166666666 0.033854166666666664 0.026041666666666668
1 0.6028645833333334 0.5013020833333334 0.033854166666666664 0.0234375
1 0.60546875 0.60546875 0.028645833333333332 0.018229166666666668
1 0.7291666666666666 0.4388020833333333 0.0390625 0.03125
1 0.59765625 0.5364583333333334 0.03125 0.033854166666666664
1 0.46484375 0.5924479166666666 0.015625 0.013020833333333334
1 0.53515625 0.4921875 0.013020833333333334 0.015625
1 0.5403645833333334 0.5494791666666666 0.020833333333333332 0.020833333333333332
1 0.5052083333333334 0.5481770833333334 0.0234375 0.036458333333333336
1 0.3528645833333333 0.5416666666666666 0.020833333333333332 0.028645833333333332
1 0.4817708333333333 0.53125 0.020833333333333332 0.028645833333333332
1 0.73046875 0.77734375 0.026041666666666668 0.033854166666666664
1 0.6588541666666666 0.51953125 0.013020833333333334 0.026041666666666668
1 0.7356770833333334 0.6276041666666666 0.020833333333333332 0.028645833333333332
1 0.70703125 0.63671875 0.020833333333333332 0.026041666666666668
1 0.5885416666666666 0.5520833333333334 0.018229166666666668 0.015625
1 0.6770833333333334 0.73828125 0.020833333333333332 0.013020833333333334
1 0.7317708333333334 0.8489583333333334 0.028645833333333332 0.026041666666666668
1 0.4609375 0.6171875 0.028645833333333332 0.033854166666666664
1 0.47265625 0.5651041666666666 0.020833333333333332 0.033854166666666664
1 0.4127604166666667 0.5729166666666666 0.0234375 0.0390625
1 0.4609375 0.5794270833333334 0.0234375 0.020833333333333332
1 0.9791666666666666 0.3919270833333333 0.026041666666666668 0.026041666666666668
1 0.8736979166666666 0.5416666666666666 0.015625 0.026041666666666668
1 0.4401041666666667 0.6575520833333334 0.013020833333333334 0.020833333333333332
1 0.6666666666666666 0.6080729166666666 0.0234375 0.026041666666666668
1 0.6236979166666666 0.6184895833333334 0.020833333333333332 0.015625
1 0.4739583333333333 0.6080729166666666 0.010416666666666666 0.015625
1 0.5416666666666666 0.5755208333333334 0.013020833333333334 0.013020833333333334
1 0.58984375 0.4661458333333333 0.026041666666666668 0.028645833333333332
1 0.5364583333333334 0.5286458333333334 0.026041666666666668 0.028645833333333332
1 0.4348958333333333 0.5078125 0.020833333333333332 0.015625
1 0.4505208333333333 0.6119791666666666 0.03125 0.03125
1 0.6809895833333334 0.8268229166666666 0.0234375 0.018229166666666668
1 0.5520833333333334 0.6002604166666666 0.0234375 0.018229166666666668
1 0.7135416666666666 0.4934895833333333 0.018229166666666668 0.013020833333333334
1 0.5208333333333334 0.4856770833333333 0.018229166666666668 0.026041666666666668
1 0.4817708333333333 0.8255208333333334 0.028645833333333332 0.020833333333333332
1 0.9140625 0.5872395833333334 0.026041666666666668 0.0234375
1 0.5638020833333334 0.4817708333333333 0.028645833333333332 0.020833333333333332
1 0.69921875 0.6184895833333334 0.028645833333333332 0.033854166666666664
1 0.4713541666666667 0.7434895833333334 0.036458333333333336 0.036458333333333336
1 0.5859375 0.58984375 0.03125 0.020833333333333332
1 0.7174479166666666 0.6354166666666666 0.018229166666666668 0.03125
1 0.6953125 0.64453125 0.028645833333333332 0.036458333333333336
1 0.4934895833333333 0.5638020833333334 0.020833333333333332 0.028645833333333332
1 0.578125 0.5325520833333334 0.028645833333333332 0.033854166666666664
1 0.9596354166666666 0.4075520833333333 0.036458333333333336 0.026041666666666668
1 0.4479166666666667 0.4921875 0.018229166666666668 0.018229166666666668
1 0.6197916666666666 0.609375 0.015625 0.013020833333333334
1 0.4270833333333333 0.5442708333333334 0.028645833333333332 0.0234375
1 0.5091145833333334 0.7890625 0.0234375 0.036458333333333336
1 0.7526041666666666 0.83203125 0.0234375 0.018229166666666668
1 0.6080729166666666 0.5611979166666666 0.026041666666666668 0.033854166666666664
1 0.38671875 0.4934895833333333 0.03125 0.028645833333333332
1 0.5390625 0.6432291666666666 0.018229166666666668 0.018229166666666668
1 0.6549479166666666 0.6796875 0.018229166666666668 0.013020833333333334
1 0.4479166666666667 0.6484375 0.015625 0.010416666666666666
1 0.7565104166666666 0.4205729166666667 0.033854166666666664 0.033854166666666664
1 0.4700520833333333 0.515625 0.020833333333333332 0.026041666666666668
1 0.4674479166666667 0.4817708333333333 0.018229166666666668 0.018229166666666668
1 0.62890625 0.5833333333333334 0.036458333333333336 0.036458333333333336
1 0.48828125 0.5052083333333334 0.036458333333333336 0.028645833333333332
1 0.5299479166666666 0.4583333333333333 0.010416666666666666 0.010416666666666666
1 0.5494791666666666 0.5390625 0.015625 0.013020833333333334
1 0.5065104166666666 0.609375 0.018229166666666668 0.018229166666666668
1 0.66796875 0.5833333333333334 0.026041666666666668 0.018229166666666668
1 0.4596354166666667 0.4869791666666667 0.015625 0.0234375
1 0.4752604166666667 0.6223958333333334 0.013020833333333334 0.020833333333333332
1 0.6354166666666666 0.64453125 0.020833333333333332 0.013020833333333334
1 0.5872395833333334 0.6223958333333334 0.018229166666666668 0.03125
1 0.48828125 0.5533854166666666 0.028645833333333332 0.03125
1 0.7291666666666666 0.7122395833333334 0.026041666666666668 0.0234375
1 0.4674479166666667 0.5234375 0.018229166666666668 0.026041666666666668
1 0.7109375 0.50390625 0.020833333333333332 0.015625
1 0.5143229166666666 0.51953125 0.015625 0.010416666666666666
1 0.6080729166666666 0.5768229166666666 0.0234375 0.015625
1 0.5169270833333334 0.5807291666666666 0.018229166666666668 0.018229166666666668
1 0.5768229166666666 0.54296875 0.028645833333333332 0.028645833333333332
1 0.4466145833333333 0.51953125 0.020833333333333332 0.015625
1 0.6549479166666666 0.48828125 0.020833333333333332 0.0234375
1 0.6432291666666666 0.6067708333333334 0.026041666666666668 0.026041666666666668
1 0.7096354166666666 0.5559895833333334 0.028645833333333332 0.026041666666666668
1 0.9401041666666666 0.5104166666666666 0.026041666666666668 0.026041666666666668
1 0.6822916666666666 0.5598958333333334 0.03125 0.028645833333333332
1 0.5286458333333334 0.5833333333333334 0.018229166666666668 0.015625
1 0.6106770833333334 0.4869791666666667 0.026041666666666668 0.026041666666666668
1 0.77734375 0.4153645833333333 0.0234375 0.018229166666666668
1 0.61328125 0.453125 0.0234375 0.020833333333333332
1 0.5546875 0.5833333333333334 0.033854166666666664 0.026041666666666668
1 0.5677083333333334 0.4700520833333333 0.026041666666666668 0.0234375
1 0.4231770833333333 0.6236979166666666 0.0234375 0.020833333333333332
1 0.5559895833333334 0.5572916666666666 0.010416666666666666 0.0078125