1 0.6614583333333334 0.8815104166666666 0.052083333333333336 0.08072916666666667
1 0.6510416666666666 0.3606770833333333 0.036458333333333336 0.06510416666666667
1 0.4479166666666667 0.66796875 0.0390625 0.0703125
1 0.4700520833333333 0.671875 0.046875 0.08854166666666667
1 0.4791666666666667 0.6080729166666666 0.052083333333333336 0.057291666666666664
1 0.5390625 0.3802083333333333 0.044270833333333336 0.08072916666666667
1 0.5052083333333334 0.3033854166666667 0.046875 0.078125
1 0.5872395833333334 0.72265625 0.049479166666666664 0.057291666666666664
1 0.6106770833333334 0.640625 0.049479166666666664 0.0859375
1 0.5703125 0.375 0.036458333333333336 0.059895833333333336
1 0.328125 0.515625 0.036458333333333336 0.059895833333333336
1 0.3932291666666667 0.40625 0.052083333333333336 0.08333333333333333
1 0.5221354166666666 0.8203125 0.044270833333333336 0.06770833333333333
1 0.41796875 0.65234375 0.049479166666666664 0.09375
1 0.49609375 0.5755208333333334 0.052083333333333336 0.0703125
1 0.4869791666666667 0.4010416666666667 0.046875 0.07552083333333333
1 0.515625 0.3802083333333333 0.049479166666666664 0.07291666666666667
1 0.6067708333333334 0.17578125 0.03125 0.0625
1 0.5833333333333334 0.18619791666666666 0.044270833333333336 0.041666666666666664
1 0.5481770833333334 0.30859375 0.0390625 0.0703125
1 0.6861979166666666 0.6263020833333334 0.0546875 0.078125
1 0.53515625 0.7565104166666666 0.049479166666666664 0.052083333333333336
1 0.3723958333333333 0.6119791666666666 0.049479166666666664 0.07291666666666667
1 0.3958333333333333 0.5052083333333334 0.036458333333333336 0.052083333333333336
1 0.7760416666666666 0.5364583333333334 0.052083333333333336 0.09635416666666667
1 0.4192708333333333 0.703125 0.049479166666666664 0.0546875
1 0.44921875 0.7552083333333334 0.049479166666666664 0.07291666666666667
1 0.5403645833333334 0.5963541666666666 0.052083333333333336 0.078125
1 0.54296875 0.7239583333333334 0.0390625 0.08072916666666667
1 0.5651041666666666 0.25390625 0.0546875 0.046875
1 0.7838541666666666 0.40234375 0.059895833333333336 0.07552083333333333
1 0.4830729166666667 0.4674479166666667 0.044270833333333336 0.0546875
1 0.5286458333333334 0.2604166666666667 0.044270833333333336 0.08333333333333333
1 0.60546875 0.24739583333333334 0.044270833333333336 0.0625
1 0.8619791666666666 0.4908854166666667 0.046875 0.0546875
1 0.4049479166666667 0.5546875 0.044270833333333336 0.052083333333333336
1 0.70703125 0.54296875 0.059895833333333336 0.08333333333333333
1 0.73828125 0.59375 0.049479166666666664 0.06770833333333333
1 0.3880208333333333 0.7239583333333334 0.046875 0.07291666666666667
1 0.5026041666666666 0.5052083333333334 0.041666666666666664 0.07291666666666667
1 0.5013020833333334 0.4427083333333333 0.049479166666666664 0.09635416666666667
1 0.58203125 0.3815104166666667 0.036458333333333336 0.07552083333333333
1 0.625 0.33203125 0.044270833333333336 0.07291666666666667
1 0.5481770833333334 0.4466145833333333 0.046875 0.07552083333333333
1 0.6848958333333334 0.3776041666666667 0.049479166666666664 0.08072916666666667
1 0.5833333333333334 0.4713541666666667 0.0390625 0.07291666666666667
1 0.5638020833333334 0.3307291666666667 0.0390625 0.06770833333333333
1 0.35546875 0.4505208333333333 0.041666666666666664 0.0546875
1 0.3658854166666667 0.41796875 0.044270833333333336 0.0703125
1 0.40625 0.4544270833333333 0.057291666666666664 0.0625
1 0.7682291666666666 0.2994791666666667 0.041666666666666664 0.07552083333333333
1 0.6263020833333334 0.24479166666666666 0.041666666666666664 0.0625
1 0.6536458333333334 0.5221354166666666 0.046875 0.08333333333333333
1 0.6927083333333334 0.4427083333333333 0.041666666666666664 0.06510416666666667
1 0.3020833333333333 0.7682291666666666 0.044270833333333336 0.06770833333333333
1 0.3567708333333333 0.5221354166666666 0.028645833333333332 0.049479166666666664
1 0.3828125 0.4401041666666667 0.041666666666666664 0.049479166666666664
1 0.4674479166666667 0.2786458333333333 0.049479166666666664 0.0546875
1 0.7330729166666666 0.4036458333333333 0.044270833333333336 0.06770833333333333
1 0.65234375 0.4791666666666667 0.046875 0.0859375
1 0.6223958333333334 0.6888020833333334 0.041666666666666664 0.08072916666666667
1 0.5598958333333334 0.4596354166666667 0.0546875 0.08072916666666667
1 0.6015625 0.4010416666666667 0.0390625 0.052083333333333336
1 0.3580729166666667 0.4752604166666667 0.0390625 0.0390625
1 0.4114583333333333 0.3802083333333333 0.0625 0.0859375
1 0.3645833333333333 0.7096354166666666 0.052083333333333336 0.09375
1 0.51953125 0.6028645833333334 0.041666666666666664 0.06770833333333333
1 0.55078125 0.5130208333333334 0.041666666666666664 0.06510416666666667
1 0.5963541666666666 0.296875 0.044270833333333336 0.0703125
1 0.59765625 0.6888020833333334 0.057291666666666664 0.057291666666666664