1 0.6536458333333334 0.6041666666666666 0.03125 0.044270833333333336
1 0.6809895833333334 0.5026041666666666 0.026041666666666668 0.0546875
1 0.5729166666666666 0.4453125 0.026041666666666668 0.018229166666666668
1 0.4869791666666667 0.5677083333333334 0.028645833333333332 0.046875
1 0.5546875 0.57421875 0.026041666666666668 0.049479166666666664
1 0.6354166666666666 0.63671875 0.033854166666666664 0.049479166666666664
1 0.62890625 0.375 0.026041666666666668 0.028645833333333332
1 0.6627604166666666 0.6380208333333334 0.026041666666666668 0.044270833333333336
1 0.6158854166666666 0.4453125 0.013020833333333334 0.046875
1 0.5130208333333334 0.6041666666666666 0.015625 0.046875
1 0.6380208333333334 0.3502604166666667 0.026041666666666668 0.033854166666666664
1 0.5052083333333334 0.5403645833333334 0.0234375 0.059895833333333336
1 0.5286458333333334 0.625 0.026041666666666668 0.049479166666666664
1 0.5052083333333334 0.3255208333333333 0.03125 0.026041666666666668
1 0.484375 0.5377604166666666 0.028645833333333332 0.036458333333333336
1 0.5598958333333334 0.31640625 0.018229166666666668 0.033854166666666664
1 0.5703125 0.3385416666666667 0.020833333333333332 0.018229166666666668
1 0.5703125 0.3697916666666667 0.03125 0.041666666666666664
1 0.6236979166666666 0.3619791666666667 0.020833333333333332 0.020833333333333332
1 0.6028645833333334 0.41015625 0.018229166666666668 0.041666666666666664
1 0.5520833333333334 0.3515625 0.03125 0.020833333333333332
1 0.671875 0.5520833333333334 0.03125 0.036458333333333336
1 0.64453125 0.49609375 0.026041666666666668 0.036458333333333336
1 0.5390625 0.5625 0.020833333333333332 0.044270833333333336
1 0.6276041666666666 0.6653645833333334 0.026041666666666668 0.028645833333333332
1 0.7044270833333334 0.4557291666666667 0.036458333333333336 0.049479166666666664
1 0.5481770833333334 0.3229166666666667 0.03125 0.036458333333333336
1 0.4908854166666667 0.6184895833333334 0.028645833333333332 0.028645833333333332
1 0.73046875 0.4505208333333333 0.026041666666666668 0.0234375
1 0.62890625 0.3333333333333333 0.03125 0.03125