1 0.5247395833333334 0.50390625 0.013020833333333334 0.018229166666666668
1 0.92578125 0.7200520833333334 0.015625 0.015625
1 0.8932291666666666 0.6861979166666666 0.015625 0.018229166666666668
1 0.734375 0.87109375 0.018229166666666668 0.026041666666666668
1 0.54296875 0.5768229166666666 0.015625 0.018229166666666668
1 0.5403645833333334 0.4244791666666667 0.018229166666666668 0.015625
1 0.4791666666666667 0.4544270833333333 0.015625 0.018229166666666668
1 0.51171875 0.6171875 0.0234375 0.020833333333333332
1 0.48046875 0.6223958333333334 0.015625 0.015625
1 0.5221354166666666 0.5494791666666666 0.018229166666666668 0.015625
1 0.9322916666666666 0.70703125 0.018229166666666668 0.018229166666666668
1 0.57421875 0.5572916666666666 0.013020833333333334 0.018229166666666668
1 0.4309895833333333 0.52734375 0.018229166666666668 0.0234375
1 0.890625 0.6614583333333334 0.020833333333333332 0.0234375
1 0.5182291666666666 0.5546875 0.018229166666666668 0.015625
1 0.4114583333333333 0.5416666666666666 0.015625 0.018229166666666668
1 0.4856770833333333 0.5768229166666666 0.020833333333333332 0.020833333333333332
1 0.5221354166666666 0.5690104166666666 0.015625 0.020833333333333332
1 0.91015625 0.6953125 0.013020833333333334 0.0234375
1 0.5690104166666666 0.5533854166666666 0.013020833333333334 0.020833333333333332
1 0.46484375 0.5013020833333334 0.018229166666666668 0.015625
1 0.4192708333333333 0.61328125 0.013020833333333334 0.0234375
1 0.9205729166666666 0.6119791666666666 0.018229166666666668 0.026041666666666668
1 0.9192708333333334 0.69140625 0.015625 0.020833333333333332
1 0.8841145833333334 0.6861979166666666 0.013020833333333334 0.018229166666666668
1 0.5794270833333334 0.4674479166666667 0.018229166666666668 0.015625
1 0.5377604166666666 0.5859375 0.015625 0.013020833333333334
1 0.5572916666666666 0.3841145833333333 0.018229166666666668 0.015625
1 0.4713541666666667 0.5520833333333334 0.013020833333333334 0.0234375
1 0.5325520833333334 0.6041666666666666 0.015625 0.0234375
1 0.4296875 0.64453125 0.018229166666666668 0.015625
1 0.3971354166666667 0.6471354166666666 0.018229166666666668 0.026041666666666668