1 0.5091145833333334 0.4388020833333333 0.03125 0.046875
1 0.2552083333333333 0.4557291666666667 0.026041666666666668 0.0625
1 0.4322916666666667 0.55078125 0.036458333333333336 0.013020833333333334
1 0.24869791666666666 0.7122395833333334 0.0390625 0.057291666666666664
1 0.2513020833333333 0.3932291666666667 0.0390625 0.020833333333333332
1 0.6302083333333334 0.5611979166666666 0.028645833333333332 0.052083333333333336
1 0.3802083333333333 0.4348958333333333 0.03125 0.028645833333333332
1 0.4947916666666667 0.59765625 0.026041666666666668 0.03125
1 0.4908854166666667 0.6588541666666666 0.03125 0.026041666666666668
1 0.55078125 0.57421875 0.026041666666666668 0.026041666666666668
1 0.4075520833333333 0.5052083333333334 0.020833333333333332 0.0625
1 0.5052083333333334 0.6276041666666666 0.03125 0.036458333333333336
1 0.3919270833333333 0.3619791666666667 0.020833333333333332 0.046875
1 0.49609375 0.53125 0.020833333333333332 0.059895833333333336
1 0.3580729166666667 0.65625 0.018229166666666668 0.06770833333333333
1 0.3177083333333333 0.40625 0.03125 0.018229166666666668
1 0.48828125 0.7708333333333334 0.041666666666666664 0.033854166666666664
1 0.2604166666666667 0.55859375 0.028645833333333332 0.041666666666666664
1 0.4049479166666667 0.40625 0.036458333333333336 0.044270833333333336
1 0.4375 0.7161458333333334 0.020833333333333332 0.036458333333333336
1 0.515625 0.4674479166666667 0.041666666666666664 0.057291666666666664
1 0.41796875 0.6145833333333334 0.03125 0.041666666666666664
1 0.3450520833333333 0.4895833333333333 0.03125 0.036458333333333336
1 0.4296875 0.4674479166666667 0.041666666666666664 0.0390625
1 0.2838541666666667 0.4713541666666667 0.03125 0.041666666666666664
1 0.3684895833333333 0.3893229166666667 0.026041666666666668 0.041666666666666664
1 0.2825520833333333 0.4453125 0.036458333333333336 0.041666666666666664
1 0.4609375 0.80859375 0.036458333333333336 0.0390625
1 0.5598958333333334 0.33203125 0.041666666666666664 0.018229166666666668
1 0.55078125 0.36328125 0.03125 0.03125
1 0.4322916666666667 0.5208333333333334 0.036458333333333336 0.036458333333333336
1 0.6223958333333334 0.4817708333333333 0.028645833333333332 0.036458333333333336
1 0.38671875 0.6744791666666666 0.0390625 0.046875
1 0.34375 0.7018229166666666 0.026041666666666668 0.033854166666666664
1 0.23828125 0.4036458333333333 0.03125 0.028645833333333332
1 0.53125 0.6015625 0.026041666666666668 0.03125
1 0.5690104166666666 0.6549479166666666 0.026041666666666668 0.0390625
1 0.484375 0.6770833333333334 0.018229166666666668 0.036458333333333336
1 0.46875 0.6184895833333334 0.036458333333333336 0.026041666666666668
1 0.3229166666666667 0.7109375 0.015625 0.049479166666666664
1 0.546875 0.5377604166666666 0.018229166666666668 0.041666666666666664
1 0.60546875 0.3984375 0.026041666666666668 0.046875
1 0.47265625 0.7369791666666666 0.026041666666666668 0.0390625
1 0.3671875 0.75390625 0.018229166666666668 0.036458333333333336
1 0.2721354166666667 0.68359375 0.026041666666666668 0.0546875
1 0.3828125 0.7239583333333334 0.036458333333333336 0.03125
1 0.3098958333333333 0.54296875 0.018229166666666668 0.036458333333333336
1 0.2786458333333333 0.515625 0.026041666666666668 0.046875
1 0.5455729166666666 0.4192708333333333 0.046875 0.036458333333333336
1 0.6223958333333334 0.4518229166666667 0.036458333333333336 0.028645833333333332
1 0.5729166666666666 0.4895833333333333 0.026041666666666668 0.041666666666666664
1 0.4700520833333333 0.5638020833333334 0.020833333333333332 0.036458333333333336
1 0.2955729166666667 0.7200520833333334 0.036458333333333336 0.046875
1 0.3919270833333333 0.7643229166666666 0.020833333333333332 0.041666666666666664
1 0.5625 0.54296875 0.026041666666666668 0.026041666666666668
1 0.3151041666666667 0.7643229166666666 0.015625 0.041666666666666664
1 0.4375 0.3997395833333333 0.018229166666666668 0.052083333333333336
1 0.4166666666666667 0.33984375 0.020833333333333332 0.0625
1 0.3815104166666667 0.5208333333333334 0.03125 0.036458333333333336
1 0.61328125 0.7174479166666666 0.041666666666666664 0.033854166666666664
1 0.2421875 0.6236979166666666 0.013020833333333334 0.049479166666666664
1 0.3815104166666667 0.38671875 0.015625 0.044270833333333336
1 0.3294270833333333 0.6015625 0.018229166666666668 0.049479166666666664
1 0.6484375 0.4388020833333333 0.020833333333333332 0.0546875
1 0.4127604166666667 0.7578125 0.026041666666666668 0.0703125
1 0.5169270833333334 0.5729166666666666 0.033854166666666664 0.020833333333333332
1 0.4700520833333333 0.5130208333333334 0.036458333333333336 0.0234375
1 0.4466145833333333 0.62109375 0.010416666666666666 0.041666666666666664
1 0.4296875 0.7864583333333334 0.026041666666666668 0.078125
1 0.2565104166666667 0.4127604166666667 0.0234375 0.03125
1 0.64453125 0.6328125 0.028645833333333332 0.057291666666666664
1 0.640625 0.4622395833333333 0.015625 0.049479166666666664
1 0.3125 0.5703125 0.028645833333333332 0.018229166666666668
1 0.3463541666666667 0.53515625 0.015625 0.052083333333333336
1 0.3984375 0.5794270833333334 0.020833333333333332 0.057291666666666664
1 0.4283854166666667 0.3411458333333333 0.020833333333333332 0.06770833333333333
1 0.2526041666666667 0.6770833333333334 0.010416666666666666 0.046875
1 0.2981770833333333 0.7421875 0.041666666666666664 0.041666666666666664
1 0.4388020833333333 0.5924479166666666 0.018229166666666668 0.033854166666666664
1 0.35546875 0.4283854166666667 0.010416666666666666 0.052083333333333336
1 0.3919270833333333 0.3333333333333333 0.03125 0.028645833333333332
1 0.2903645833333333 0.6171875 0.0234375 0.033854166666666664
1 0.2643229166666667 0.5989583333333334 0.010416666666666666 0.036458333333333336
1 0.4700520833333333 0.3880208333333333 0.0234375 0.033854166666666664
1 0.44921875 0.7877604166666666 0.03125 0.057291666666666664
1 0.296875 0.6015625 0.033854166666666664 0.018229166666666668
1 0.3580729166666667 0.5755208333333334 0.020833333333333332 0.018229166666666668
1 0.2630208333333333 0.5455729166666666 0.026041666666666668 0.026041666666666668
1 0.5533854166666666 0.5169270833333334 0.036458333333333336 0.026041666666666668
1 0.3463541666666667 0.3971354166666667 0.033854166666666664 0.041666666666666664
1 0.578125 0.62109375 0.020833333333333332 0.036458333333333336
1 0.40625 0.5416666666666666 0.010416666666666666 0.036458333333333336
1 0.2760416666666667 0.5703125 0.041666666666666664 0.0234375
1 0.515625 0.7109375 0.028645833333333332 0.036458333333333336
1 0.43359375 0.6692708333333334 0.013020833333333334 0.046875
1 0.234375 0.37109375 0.041666666666666664 0.020833333333333332
1 0.4635416666666667 0.421875 0.036458333333333336 0.026041666666666668
1 0.5455729166666666 0.4348958333333333 0.044270833333333336 0.03125
1 0.68359375 0.4856770833333333 0.036458333333333336 0.018229166666666668
1 0.39453125 0.7994791666666666 0.03125 0.033854166666666664
1 0.37890625 0.6328125 0.0234375 0.03125
1 0.3958333333333333 0.5338541666666666 0.010416666666666666 0.0390625
1 0.44921875 0.5377604166666666 0.041666666666666664 0.015625
1 0.5794270833333334 0.71484375 0.033854166666666664 0.057291666666666664
1 0.5872395833333334 0.44921875 0.018229166666666668 0.041666666666666664
1 0.4921875 0.4713541666666667 0.026041666666666668 0.041666666666666664
1 0.3684895833333333 0.6028645833333334 0.010416666666666666 0.028645833333333332
1 0.3919270833333333 0.4466145833333333 0.03125 0.018229166666666668
1 0.33203125 0.56640625 0.018229166666666668 0.033854166666666664
1 0.52734375 0.74609375 0.0546875 0.03125
1 0.4518229166666667 0.7421875 0.026041666666666668 0.026041666666666668
1 0.2838541666666667 0.4049479166666667 0.026041666666666668 0.03125
1 0.6080729166666666 0.6653645833333334 0.059895833333333336 0.036458333333333336
1 0.63671875 0.6875 0.046875 0.0390625
1 0.6354166666666666 0.6184895833333334 0.036458333333333336 0.06770833333333333
1 0.3203125 0.6666666666666666 0.020833333333333332 0.046875
1 0.3893229166666667 0.4934895833333333 0.018229166666666668 0.036458333333333336
1 0.6328125 0.375 0.020833333333333332 0.041666666666666664
1 0.21484375 0.4309895833333333 0.044270833333333336 0.0234375