1 0.5885416666666666 0.7395833333333334 0.057291666666666664 0.0625
1 0.6536458333333334 0.7486979166666666 0.046875 0.09635416666666667
1 0.43359375 0.5716145833333334 0.06770833333333333 0.09895833333333333
1 0.4713541666666667 0.5130208333333334 0.08072916666666667 0.11979166666666667
1 0.5625 0.70703125 0.07291666666666667 0.1015625
1 0.5794270833333334 0.8502604166666666 0.07552083333333333 0.08333333333333333
1 0.3580729166666667 0.4283854166666667 0.0625 0.09635416666666667
1 0.53515625 0.42578125 0.08072916666666667 0.078125
1 0.6223958333333334 0.6510416666666666 0.0625 0.08072916666666667
1 0.4778645833333333 0.4140625 0.0390625 0.06770833333333333
1 0.6276041666666666 0.4817708333333333 0.07291666666666667 0.08854166666666667
1 0.453125 0.6796875 0.08072916666666667 0.11458333333333333
1 0.4934895833333333 0.7473958333333334 0.078125 0.0546875
1 0.61328125 0.7955729166666666 0.08333333333333333 0.052083333333333336
1 0.62109375 0.72265625 0.046875 0.08072916666666667
1 0.5611979166666666 0.7903645833333334 0.049479166666666664 0.059895833333333336
1 0.4075520833333333 0.3385416666666667 0.0625 0.046875
1 0.640625 0.8697916666666666 0.0625 0.08333333333333333
1 0.3958333333333333 0.3828125 0.06770833333333333 0.0546875
1 0.6002604166666666 0.6822916666666666 0.078125 0.049479166666666664
1 0.5182291666666666 0.6653645833333334 0.0625 0.09114583333333333
1 0.5299479166666666 0.7955729166666666 0.06510416666666667 0.13020833333333334
1 0.4440104166666667 0.4479166666666667 0.0625 0.08072916666666667
1 0.6432291666666666 0.5390625 0.06510416666666667 0.10416666666666667
1 0.4609375 0.3515625 0.07552083333333333 0.10677083333333333
1 0.5221354166666666 0.5911458333333334 0.059895833333333336 0.09114583333333333
1 0.6276041666666666 0.8268229166666666 0.125 0.08072916666666667
1 0.48046875 0.6484375 0.06510416666666667 0.09635416666666667
1 0.40234375 0.5442708333333334 0.0625 0.09635416666666667
1 0.44140625 0.3763020833333333 0.044270833333333336 0.0703125
1 0.6484375 0.5846354166666666 0.06510416666666667 0.09895833333333333
1 0.5572916666666666 0.625 0.044270833333333336 0.0625
1 0.8255208333333334 0.9088541666666666 0.06510416666666667 0.06770833333333333
1 0.5872395833333334 0.5065104166666666 0.06510416666666667 0.08854166666666667
1 0.390625 0.4388020833333333 0.041666666666666664 0.08854166666666667
1 0.3880208333333333 0.5065104166666666 0.057291666666666664 0.08072916666666667
1 0.5013020833333334 0.4518229166666667 0.059895833333333336 0.057291666666666664
1 0.3541666666666667 0.3463541666666667 0.078125 0.078125
1 0.4479166666666667 0.4244791666666667 0.059895833333333336 0.06510416666666667
1 0.5611979166666666 0.54296875 0.057291666666666664 0.09114583333333333
1 0.6315104166666666 0.625 0.07552083333333333 0.09114583333333333
1 0.5130208333333334 0.4869791666666667 0.08072916666666667 0.057291666666666664