1 0.4322916666666667 0.54296875 0.0625 0.059895833333333336
1 0.6588541666666666 0.3072916666666667 0.0703125 0.044270833333333336
1 0.4127604166666667 0.2825520833333333 0.078125 0.044270833333333336
1 0.6861979166666666 0.5208333333333334 0.07291666666666667 0.0703125
1 0.74609375 0.5013020833333334 0.078125 0.049479166666666664
1 0.7473958333333334 0.3450520833333333 0.0703125 0.0625
1 0.6080729166666666 0.4856770833333333 0.0703125 0.059895833333333336
1 0.80859375 0.4466145833333333 0.08333333333333333 0.052083333333333336
1 0.33203125 0.40625 0.09635416666666667 0.052083333333333336
1 0.5950520833333334 0.6315104166666666 0.09114583333333333 0.07291666666666667
1 0.5651041666666666 0.5286458333333334 0.0546875 0.0703125
1 0.5546875 0.5859375 0.07552083333333333 0.044270833333333336
1 0.6796875 0.4609375 0.07291666666666667 0.046875
1 0.55078125 0.4049479166666667 0.10677083333333333 0.0546875
1 0.6966145833333334 0.6041666666666666 0.10677083333333333 0.0625
1 0.5234375 0.4401041666666667 0.0625 0.06770833333333333
1 0.234375 0.5416666666666666 0.10677083333333333 0.049479166666666664
1 0.3723958333333333 0.5182291666666666 0.07552083333333333 0.057291666666666664
1 0.5533854166666666 0.19140625 0.057291666666666664 0.057291666666666664
1 0.7981770833333334 0.5598958333333334 0.049479166666666664 0.057291666666666664
1 0.6575520833333334 0.4049479166666667 0.078125 0.057291666666666664
1 0.5638020833333334 0.3138020833333333 0.049479166666666664 0.0546875
1 0.7018229166666666 0.2890625 0.09375 0.07291666666666667
1 0.7513020833333334 0.41015625 0.0546875 0.0625
1 0.5377604166666666 0.2864583333333333 0.09114583333333333 0.0625