1 0.5703125 0.4830729166666667 0.0390625 0.049479166666666664
1 0.87109375 0.6080729166666666 0.033854166666666664 0.052083333333333336
1 0.7369791666666666 0.51171875 0.041666666666666664 0.0546875
1 0.734375 0.3450520833333333 0.0703125 0.044270833333333336
1 0.7864583333333334 0.3919270833333333 0.052083333333333336 0.052083333333333336
1 0.76953125 0.4231770833333333 0.06770833333333333 0.028645833333333332
1 0.8125 0.5442708333333334 0.049479166666666664 0.059895833333333336
1 0.5611979166666666 0.7408854166666666 0.057291666666666664 0.07552083333333333
1 0.9153645833333334 0.4921875 0.057291666666666664 0.036458333333333336
1 0.5403645833333334 0.4921875 0.049479166666666664 0.059895833333333336
1 0.4765625 0.48046875 0.026041666666666668 0.036458333333333336
1 0.76171875 0.5338541666666666 0.0625 0.059895833333333336
1 0.7395833333333334 0.4088541666666667 0.06510416666666667 0.03125
1 0.3971354166666667 0.4778645833333333 0.052083333333333336 0.08072916666666667