1 0.45703125 0.484375 0.026041666666666668 0.06770833333333333
1 0.4973958333333333 0.4869791666666667 0.026041666666666668 0.0625
1 0.4986979166666667 0.6223958333333334 0.020833333333333332 0.0625
1 0.4544270833333333 0.6028645833333334 0.0234375 0.046875
1 0.4830729166666667 0.4166666666666667 0.0234375 0.0625
1 0.5338541666666666 0.375 0.028645833333333332 0.0546875
1 0.49609375 0.359375 0.028645833333333332 0.0703125
1 0.4622395833333333 0.56640625 0.028645833333333332 0.044270833333333336
1 0.46484375 0.4348958333333333 0.03125 0.059895833333333336
1 0.46875 0.5286458333333334 0.026041666666666668 0.0546875
1 0.4401041666666667 0.6953125 0.03125 0.052083333333333336
1 0.4609375 0.63671875 0.03125 0.059895833333333336
1 0.4765625 0.4895833333333333 0.026041666666666668 0.0546875