1 0.4557291666666667 0.4895833333333333 0.018229166666666668 0.06510416666666667
1 0.49609375 0.4869791666666667 0.018229166666666668 0.059895833333333336
1 0.5130208333333334 0.62109375 0.013020833333333334 0.0625
1 0.4674479166666667 0.6080729166666666 0.015625 0.046875
1 0.47265625 0.4192708333333333 0.015625 0.059895833333333336
1 0.5182291666666666 0.3723958333333333 0.0234375 0.052083333333333336
1 0.4791666666666667 0.3606770833333333 0.020833333333333332 0.06770833333333333
1 0.4700520833333333 0.5703125 0.0234375 0.041666666666666664
1 0.45703125 0.4401041666666667 0.0234375 0.057291666666666664
1 0.47265625 0.5325520833333334 0.020833333333333332 0.052083333333333336
1 0.46484375 0.7005208333333334 0.026041666666666668 0.049479166666666664
1 0.4778645833333333 0.640625 0.0234375 0.057291666666666664
1 0.4752604166666667 0.4921875 0.020833333333333332 0.052083333333333336