1 0.4921875 0.55078125 0.033854166666666664 0.036458333333333336
1 0.6927083333333334 0.21354166666666666 0.033854166666666664 0.033854166666666664
1 0.73046875 0.4309895833333333 0.041666666666666664 0.0546875
1 0.47265625 0.2747395833333333 0.044270833333333336 0.0546875
1 0.6966145833333334 0.49609375 0.033854166666666664 0.03125
1 0.5130208333333334 0.5533854166666666 0.03125 0.036458333333333336
1 0.4817708333333333 0.6731770833333334 0.041666666666666664 0.052083333333333336
1 0.7786458333333334 0.44921875 0.033854166666666664 0.046875
1 0.59375 0.4908854166666667 0.03125 0.057291666666666664
1 0.4049479166666667 0.73828125 0.026041666666666668 0.041666666666666664
1 0.5651041666666666 0.4244791666666667 0.028645833333333332 0.044270833333333336
1 0.6731770833333334 0.44140625 0.028645833333333332 0.036458333333333336
1 0.7513020833333334 0.5455729166666666 0.033854166666666664 0.0625
1 0.63671875 0.4440104166666667 0.033854166666666664 0.041666666666666664
1 0.6953125 0.18359375 0.03125 0.033854166666666664
1 0.6653645833333334 0.4661458333333333 0.028645833333333332 0.052083333333333336
1 0.57421875 0.6145833333333334 0.028645833333333332 0.052083333333333336
1 0.6315104166666666 0.50390625 0.033854166666666664 0.036458333333333336
1 0.515625 0.24479166666666666 0.0390625 0.03125
1 0.53515625 0.4140625 0.046875 0.036458333333333336
1 0.54296875 0.20833333333333334 0.036458333333333336 0.059895833333333336
1 0.76171875 0.49609375 0.03125 0.041666666666666664
1 0.5703125 0.2421875 0.0390625 0.0625
1 0.6888020833333334 0.43359375 0.041666666666666664 0.059895833333333336
1 0.51953125 0.2916666666666667 0.036458333333333336 0.0546875
1 0.7083333333333334 0.4427083333333333 0.033854166666666664 0.041666666666666664
1 0.6354166666666666 0.4127604166666667 0.033854166666666664 0.046875
1 0.5598958333333334 0.4752604166666667 0.033854166666666664 0.0546875
1 0.5026041666666666 0.5833333333333334 0.033854166666666664 0.046875
1 0.6783854166666666 0.18619791666666666 0.036458333333333336 0.052083333333333336
1 0.7044270833333334 0.16927083333333334 0.020833333333333332 0.026041666666666668
1 0.5572916666666666 0.20703125 0.03125 0.057291666666666664
1 0.76953125 0.4622395833333333 0.03125 0.052083333333333336
1 0.6484375 0.4036458333333333 0.028645833333333332 0.033854166666666664
1 0.5416666666666666 0.3763020833333333 0.03125 0.044270833333333336
1 0.56640625 0.2942708333333333 0.033854166666666664 0.041666666666666664
1 0.7708333333333334 0.5221354166666666 0.020833333333333332 0.044270833333333336
1 0.65625 0.4947916666666667 0.028645833333333332 0.044270833333333336
1 0.6796875 0.4036458333333333 0.036458333333333336 0.041666666666666664
1 0.5559895833333334 0.3307291666666667 0.03125 0.0546875
1 0.7213541666666666 0.4765625 0.044270833333333336 0.041666666666666664
1 0.7408854166666666 0.2981770833333333 0.028645833333333332 0.057291666666666664
1 0.65625 0.4505208333333333 0.028645833333333332 0.0546875
1 0.6080729166666666 0.3111979166666667 0.028645833333333332 0.052083333333333336
1 0.5338541666666666 0.4947916666666667 0.0234375 0.046875
1 0.5260416666666666 0.4466145833333333 0.03125 0.036458333333333336
1 0.6549479166666666 0.19270833333333334 0.036458333333333336 0.06510416666666667
1 0.4674479166666667 0.61328125 0.028645833333333332 0.057291666666666664
1 0.62109375 0.4934895833333333 0.03125 0.049479166666666664
1 0.609375 0.5052083333333334 0.028645833333333332 0.036458333333333336
1 0.7447916666666666 0.4830729166666667 0.028645833333333332 0.057291666666666664
1 0.5065104166666666 0.2708333333333333 0.03125 0.044270833333333336