1 0.3372395833333333 0.6263020833333334 0.044270833333333336 0.033854166666666664
1 0.3645833333333333 0.5052083333333334 0.026041666666666668 0.06770833333333333
1 0.2877604166666667 0.5481770833333334 0.0390625 0.0390625
1 0.4934895833333333 0.4921875 0.044270833333333336 0.026041666666666668
1 0.4934895833333333 0.6731770833333334 0.028645833333333332 0.041666666666666664
1 0.3606770833333333 0.6705729166666666 0.041666666666666664 0.03125
1 0.43359375 0.4518229166666667 0.044270833333333336 0.036458333333333336
1 0.4791666666666667 0.62890625 0.028645833333333332 0.044270833333333336
1 0.5026041666666666 0.5911458333333334 0.026041666666666668 0.0625
1 0.3333333333333333 0.66015625 0.049479166666666664 0.033854166666666664
1 0.21223958333333334 0.5768229166666666 0.046875 0.041666666666666664
1 0.2552083333333333 0.5247395833333334 0.026041666666666668 0.0546875
1 0.453125 0.40625 0.049479166666666664 0.036458333333333336
1 0.4466145833333333 0.5260416666666666 0.046875 0.044270833333333336
1 0.2526041666666667 0.5833333333333334 0.046875 0.028645833333333332
1 0.296875 0.5065104166666666 0.020833333333333332 0.044270833333333336
1 0.2708333333333333 0.6627604166666666 0.020833333333333332 0.028645833333333332
1 0.28515625 0.5989583333333334 0.059895833333333336 0.033854166666666664
1 0.3919270833333333 0.4661458333333333 0.036458333333333336 0.036458333333333336
1 0.23307291666666666 0.6575520833333334 0.03125 0.06770833333333333
1 0.3932291666666667 0.52734375 0.036458333333333336 0.0546875
1 0.46875 0.6770833333333334 0.026041666666666668 0.03125
1 0.3138020833333333 0.5559895833333334 0.020833333333333332 0.049479166666666664
1 0.4283854166666667 0.4869791666666667 0.033854166666666664 0.0625
1 0.3294270833333333 0.4765625 0.028645833333333332 0.041666666666666664
1 0.3971354166666667 0.4869791666666667 0.049479166666666664 0.059895833333333336
1 0.4674479166666667 0.58984375 0.046875 0.028645833333333332
1 0.4322916666666667 0.4348958333333333 0.044270833333333336 0.020833333333333332
1 0.27734375 0.515625 0.026041666666666668 0.059895833333333336
1 0.5052083333333334 0.5455729166666666 0.028645833333333332 0.041666666666666664
1 0.4869791666666667 0.5143229166666666 0.0546875 0.026041666666666668
1 0.4583333333333333 0.6328125 0.033854166666666664 0.052083333333333336
1 0.3111979166666667 0.4739583333333333 0.018229166666666668 0.057291666666666664
1 0.19140625 0.5716145833333334 0.049479166666666664 0.028645833333333332
1 0.4661458333333333 0.4700520833333333 0.046875 0.0703125
1 0.4427083333333333 0.5598958333333334 0.036458333333333336 0.044270833333333336