1 0.4010416666666667 0.4778645833333333 0.0390625 0.03125
1 0.4596354166666667 0.5104166666666666 0.03125 0.026041666666666668
1 0.4283854166666667 0.4427083333333333 0.018229166666666668 0.036458333333333336
1 0.5638020833333334 0.484375 0.018229166666666668 0.044270833333333336
1 0.3815104166666667 0.4036458333333333 0.018229166666666668 0.0390625
1 0.4388020833333333 0.4088541666666667 0.03125 0.0234375
1 0.4401041666666667 0.4934895833333333 0.028645833333333332 0.018229166666666668
1 0.47265625 0.5169270833333334 0.0234375 0.033854166666666664
1 0.5442708333333334 0.3528645833333333 0.0234375 0.044270833333333336
1 0.4622395833333333 0.4895833333333333 0.0234375 0.033854166666666664
1 0.3515625 0.4544270833333333 0.036458333333333336 0.0234375
1 0.4401041666666667 0.5703125 0.018229166666666668 0.049479166666666664
1 0.59765625 0.4596354166666667 0.03125 0.0390625
1 0.41796875 0.3828125 0.020833333333333332 0.041666666666666664
1 0.44140625 0.3763020833333333 0.036458333333333336 0.028645833333333332
1 0.4661458333333333 0.6015625 0.013020833333333334 0.041666666666666664
1 0.4700520833333333 0.2760416666666667 0.03125 0.036458333333333336
1 0.5052083333333334 0.5130208333333334 0.0234375 0.049479166666666664