1 0.62890625 0.4375 0.028645833333333332 0.013020833333333334
1 0.2838541666666667 0.7018229166666666 0.020833333333333332 0.026041666666666668
1 0.3854166666666667 0.5794270833333334 0.015625 0.0234375
1 0.38671875 0.6158854166666666 0.0234375 0.018229166666666668
1 0.4479166666666667 0.4348958333333333 0.010416666666666666 0.018229166666666668
1 0.71484375 0.4283854166666667 0.018229166666666668 0.015625
1 0.7578125 0.42578125 0.013020833333333334 0.013020833333333334
1 0.70703125 0.41796875 0.018229166666666668 0.015625
1 0.2903645833333333 0.7083333333333334 0.018229166666666668 0.020833333333333332
1 0.3854166666666667 0.5598958333333334 0.0234375 0.018229166666666668
1 0.4205729166666667 0.390625 0.015625 0.015625
1 0.72265625 0.42578125 0.020833333333333332 0.020833333333333332
1 0.7096354166666666 0.4361979166666667 0.013020833333333334 0.018229166666666668
1 0.453125 0.3919270833333333 0.026041666666666668 0.015625
1 0.4466145833333333 0.4114583333333333 0.018229166666666668 0.036458333333333336
1 0.7369791666666666 0.4231770833333333 0.0234375 0.015625
1 0.5403645833333334 0.4049479166666667 0.020833333333333332 0.020833333333333332
1 0.6783854166666666 0.4296875 0.026041666666666668 0.013020833333333334
1 0.6549479166666666 0.421875 0.010416666666666666 0.0234375
1 0.7044270833333334 0.4375 0.015625 0.026041666666666668
1 0.6796875 0.4153645833333333 0.020833333333333332 0.015625
1 0.6263020833333334 0.4309895833333333 0.018229166666666668 0.010416666666666666
1 0.2747395833333333 0.7239583333333334 0.018229166666666668 0.0234375
1 0.3997395833333333 0.6197916666666666 0.010416666666666666 0.028645833333333332
1 0.6640625 0.4453125 0.015625 0.010416666666666666
1 0.51171875 0.4817708333333333 0.018229166666666668 0.013020833333333334
1 0.2708333333333333 0.5729166666666666 0.005208333333333333 0.018229166666666668
1 0.2669270833333333 0.5572916666666666 0.013020833333333334 0.015625
1 0.64453125 0.43359375 0.018229166666666668 0.015625
1 0.7473958333333334 0.4934895833333333 0.028645833333333332 0.020833333333333332