1 0.3606770833333333 0.46484375 0.041666666666666664 0.057291666666666664
1 0.3463541666666667 0.4075520833333333 0.028645833333333332 0.0546875
1 0.484375 0.66796875 0.033854166666666664 0.049479166666666664
1 0.5026041666666666 0.6653645833333334 0.0390625 0.06510416666666667
1 0.453125 0.6692708333333334 0.052083333333333336 0.041666666666666664
1 0.5455729166666666 0.4661458333333333 0.036458333333333336 0.07291666666666667
1 0.5169270833333334 0.7096354166666666 0.033854166666666664 0.044270833333333336
1 0.3841145833333333 0.6171875 0.026041666666666668 0.07552083333333333
1 0.3971354166666667 0.3723958333333333 0.041666666666666664 0.044270833333333336
1 0.4544270833333333 0.4869791666666667 0.036458333333333336 0.041666666666666664
1 0.40625 0.4309895833333333 0.036458333333333336 0.049479166666666664
1 0.4973958333333333 0.609375 0.033854166666666664 0.07291666666666667
1 0.4791666666666667 0.4375 0.049479166666666664 0.0390625
1 0.3736979166666667 0.4466145833333333 0.0390625 0.0546875
1 0.4778645833333333 0.6966145833333334 0.049479166666666664 0.036458333333333336
1 0.48828125 0.41796875 0.028645833333333332 0.044270833333333336
1 0.3723958333333333 0.40625 0.033854166666666664 0.057291666666666664
1 0.4869791666666667 0.6223958333333334 0.033854166666666664 0.0390625
1 0.46484375 0.6393229166666666 0.046875 0.041666666666666664
1 0.4036458333333333 0.4791666666666667 0.052083333333333336 0.036458333333333336
1 0.4283854166666667 0.4244791666666667 0.041666666666666664 0.049479166666666664
1 0.421875 0.3619791666666667 0.041666666666666664 0.057291666666666664