1 0.7473958333333334 0.40625 0.07291666666666667 0.041666666666666664
1 0.33203125 0.46875 0.052083333333333336 0.057291666666666664
1 0.24609375 0.4557291666666667 0.06770833333333333 0.059895833333333336
1 0.3671875 0.4856770833333333 0.06510416666666667 0.0390625
1 0.2734375 0.6028645833333334 0.052083333333333336 0.057291666666666664
1 0.6184895833333334 0.671875 0.07552083333333333 0.046875
1 0.8138020833333334 0.4153645833333333 0.059895833333333336 0.044270833333333336
1 0.39453125 0.5234375 0.052083333333333336 0.049479166666666664
1 0.5208333333333334 0.19270833333333334 0.07291666666666667 0.0546875
1 0.4205729166666667 0.3723958333333333 0.046875 0.046875
1 0.22916666666666666 0.6002604166666666 0.08333333333333333 0.049479166666666664
1 0.2513020833333333 0.5625 0.059895833333333336 0.0546875
1 0.5859375 0.6432291666666666 0.06510416666666667 0.0625
1 0.3723958333333333 0.3541666666666667 0.0546875 0.059895833333333336
1 0.06510416666666667 0.65234375 0.059895833333333336 0.0625
1 0.5794270833333334 0.3541666666666667 0.0625 0.033854166666666664
1 0.8268229166666666 0.6666666666666666 0.06510416666666667 0.0625
1 0.4049479166666667 0.8971354166666666 0.057291666666666664 0.059895833333333336
1 0.5572916666666666 0.3828125 0.0703125 0.041666666666666664