1 0.3541666666666667 0.2552083333333333 0.059895833333333336 0.057291666666666664
1 0.7877604166666666 0.5807291666666666 0.06510416666666667 0.06510416666666667
1 0.7135416666666666 0.3671875 0.06510416666666667 0.08854166666666667
1 0.546875 0.328125 0.06510416666666667 0.09114583333333333
1 0.4739583333333333 0.2265625 0.057291666666666664 0.08072916666666667
1 0.25 0.3502604166666667 0.07552083333333333 0.0859375
1 0.21744791666666666 0.2890625 0.07291666666666667 0.1015625
1 0.81640625 0.5833333333333334 0.07291666666666667 0.109375
1 0.703125 0.3294270833333333 0.06510416666666667 0.08854166666666667
1 0.8020833333333334 0.51171875 0.059895833333333336 0.0546875
1 0.6223958333333334 0.8645833333333334 0.06770833333333333 0.0703125
1 0.6588541666666666 0.8359375 0.0703125 0.09895833333333333
1 0.4700520833333333 0.26953125 0.06770833333333333 0.08333333333333333
1 0.5651041666666666 0.5989583333333334 0.0546875 0.078125
1 0.6393229166666666 0.5768229166666666 0.08072916666666667 0.10677083333333333
1 0.71875 0.4947916666666667 0.0546875 0.07291666666666667
1 0.6770833333333334 0.5690104166666666 0.0546875 0.052083333333333336
1 0.6953125 0.5989583333333334 0.049479166666666664 0.044270833333333336
1 0.7317708333333334 0.6536458333333334 0.046875 0.07552083333333333
1 0.4322916666666667 0.59765625 0.06510416666666667 0.09635416666666667
1 0.7578125 0.796875 0.059895833333333336 0.09895833333333333
1 0.7682291666666666 0.5729166666666666 0.059895833333333336 0.07291666666666667
1 0.6575520833333334 0.5625 0.06510416666666667 0.0703125
1 0.6471354166666666 0.4713541666666667 0.0546875 0.049479166666666664
1 0.23567708333333334 0.3841145833333333 0.057291666666666664 0.08072916666666667
1 0.4088541666666667 0.59375 0.06770833333333333 0.08333333333333333
1 0.52734375 0.18880208333333334 0.06510416666666667 0.08333333333333333
1 0.5559895833333334 0.29296875 0.0546875 0.046875
1 0.2955729166666667 0.3958333333333333 0.06510416666666667 0.07552083333333333
1 0.52734375 0.3450520833333333 0.06510416666666667 0.06770833333333333
1 0.44140625 0.7552083333333334 0.059895833333333336 0.059895833333333336
1 0.3893229166666667 0.3190104166666667 0.06770833333333333 0.06770833333333333
1 0.18359375 0.4583333333333333 0.07552083333333333 0.0859375
1 0.3190104166666667 0.3723958333333333 0.0625 0.049479166666666664
1 0.74609375 0.7252604166666666 0.0546875 0.07291666666666667
1 0.4114583333333333 0.5416666666666666 0.057291666666666664 0.0625
1 0.4518229166666667 0.4713541666666667 0.0546875 0.07552083333333333
1 0.6549479166666666 0.5078125 0.059895833333333336 0.06510416666666667
1 0.5052083333333334 0.4283854166666667 0.057291666666666664 0.06510416666666667
1 0.5677083333333334 0.5364583333333334 0.044270833333333336 0.041666666666666664
1 0.62890625 0.7513020833333334 0.057291666666666664 0.07552083333333333
1 0.55859375 0.6705729166666666 0.0390625 0.046875
1 0.4895833333333333 0.3138020833333333 0.06510416666666667 0.07291666666666667
1 0.7955729166666666 0.7083333333333334 0.07291666666666667 0.09375
1 0.3111979166666667 0.4557291666666667 0.0625 0.07291666666666667
1 0.7799479166666666 0.62890625 0.0625 0.052083333333333336
1 0.48046875 0.34375 0.078125 0.08854166666666667
1 0.5078125 0.7552083333333334 0.07291666666666667 0.09635416666666667
1 0.4153645833333333 0.2513020833333333 0.0546875 0.08072916666666667
1 0.640625 0.33203125 0.057291666666666664 0.08333333333333333
1 0.3684895833333333 0.6770833333333334 0.057291666666666664 0.08854166666666667
1 0.4401041666666667 0.2643229166666667 0.057291666666666664 0.09114583333333333
1 0.7591145833333334 0.87109375 0.06510416666666667 0.06770833333333333
1 0.3736979166666667 0.625 0.06770833333333333 0.078125
1 0.34765625 0.5234375 0.059895833333333336 0.08854166666666667
1 0.6927083333333334 0.7083333333333334 0.06770833333333333 0.10677083333333333
1 0.4856770833333333 0.6614583333333334 0.06770833333333333 0.07291666666666667
1 0.6380208333333334 0.7252604166666666 0.057291666666666664 0.09114583333333333
1 0.63671875 0.6744791666666666 0.057291666666666664 0.0859375
1 0.49609375 0.5325520833333334 0.057291666666666664 0.057291666666666664
1 0.4765625 0.45703125 0.0546875 0.08333333333333333
1 0.62109375 0.515625 0.06770833333333333 0.078125
1 0.5221354166666666 0.48046875 0.057291666666666664 0.06510416666666667
1 0.7122395833333334 0.4166666666666667 0.07291666666666667 0.09375
1 0.7408854166666666 0.61328125 0.057291666666666664 0.046875
1 0.7096354166666666 0.8033854166666666 0.0546875 0.09635416666666667
1 0.5846354166666666 0.4973958333333333 0.052083333333333336 0.049479166666666664
1 0.3294270833333333 0.20833333333333334 0.06510416666666667 0.09635416666666667
1 0.2786458333333333 0.5130208333333334 0.0859375 0.11197916666666667
1 0.3411458333333333 0.3111979166666667 0.0703125 0.07291666666666667
1 0.6536458333333334 0.2890625 0.049479166666666664 0.0859375
1 0.5768229166666666 0.83984375 0.057291666666666664 0.09895833333333333
1 0.4205729166666667 0.3346354166666667 0.078125 0.07291666666666667
1 0.5963541666666666 0.2916666666666667 0.052083333333333336 0.08072916666666667
1 0.5130208333333334 0.24869791666666666 0.06770833333333333 0.1015625
1 0.6692708333333334 0.3502604166666667 0.057291666666666664 0.09114583333333333
1 0.7578125 0.4166666666666667 0.049479166666666664 0.08854166666666667
1 0.3463541666666667 0.6888020833333334 0.08072916666666667 0.09895833333333333
1 0.5794270833333334 0.18619791666666666 0.057291666666666664 0.08854166666666667
1 0.67578125 0.734375 0.057291666666666664 0.08072916666666667
1 0.5052083333333334 0.6796875 0.06510416666666667 0.052083333333333336
1 0.5872395833333334 0.6822916666666666 0.057291666666666664 0.0625
1 0.4518229166666667 0.4010416666666667 0.0546875 0.052083333333333336
1 0.5143229166666666 0.3697916666666667 0.057291666666666664 0.046875
1 0.6653645833333334 0.4361979166666667 0.036458333333333336 0.046875
1 0.5859375 0.5872395833333334 0.052083333333333336 0.08333333333333333
1 0.4921875 0.625 0.0625 0.09114583333333333
1 0.6822916666666666 0.8020833333333334 0.08072916666666667 0.12760416666666666
1 0.7408854166666666 0.6158854166666666 0.059895833333333336 0.078125
1 0.5377604166666666 0.7161458333333334 0.06770833333333333 0.07291666666666667
1 0.27734375 0.2877604166666667 0.0703125 0.09895833333333333
1 0.5130208333333334 0.8294270833333334 0.049479166666666664 0.046875
1 0.3815104166666667 0.6770833333333334 0.049479166666666664 0.07552083333333333
1 0.5546875 0.20963541666666666 0.059895833333333336 0.0546875
1 0.4778645833333333 0.18359375 0.07291666666666667 0.078125
1 0.4791666666666667 0.7838541666666666 0.0859375 0.09635416666666667
1 0.3502604166666667 0.4401041666666667 0.06770833333333333 0.09895833333333333
1 0.80859375 0.44921875 0.0625 0.06770833333333333
1 0.7916666666666666 0.6614583333333334 0.059895833333333336 0.0703125
1 0.27734375 0.5677083333333334 0.08333333333333333 0.0859375
1 0.3619791666666667 0.3854166666666667 0.07552083333333333 0.07291666666666667
1 0.5403645833333334 0.6328125 0.0703125 0.07291666666666667
1 0.5260416666666666 0.6067708333333334 0.046875 0.06770833333333333
1 0.6119791666666666 0.5729166666666666 0.0625 0.07291666666666667
1 0.6328125 0.4348958333333333 0.0625 0.0625
1 0.5768229166666666 0.70703125 0.078125 0.0859375
1 0.5807291666666666 0.3177083333333333 0.059895833333333336 0.06770833333333333
1 0.7877604166666666 0.4856770833333333 0.059895833333333336 0.052083333333333336
1 0.7604166666666666 0.45703125 0.057291666666666664 0.078125
1 0.75390625 0.8932291666666666 0.07552083333333333 0.0859375
1 0.4713541666666667 0.8489583333333334 0.052083333333333336 0.0859375
1 0.8385416666666666 0.7526041666666666 0.07552083333333333 0.07291666666666667
1 0.56640625 0.8072916666666666 0.057291666666666664 0.09114583333333333
1 0.40234375 0.171875 0.06770833333333333 0.0859375
1 0.3385416666666667 0.61328125 0.044270833333333336 0.059895833333333336
1 0.7434895833333334 0.8229166666666666 0.06510416666666667 0.09375
1 0.78125 0.7760416666666666 0.049479166666666664 0.06770833333333333
1 0.59375 0.6549479166666666 0.041666666666666664 0.057291666666666664
1 0.4518229166666667 0.5143229166666666 0.0625 0.0625
1 0.5950520833333334 0.3541666666666667 0.0703125 0.08072916666666667
1 0.5364583333333334 0.55859375 0.0546875 0.0546875
1 0.6783854166666666 0.5234375 0.049479166666666664 0.0546875
1 0.5638020833333334 0.46875 0.06770833333333333 0.07552083333333333
1 0.5403645833333334 0.5221354166666666 0.0625 0.052083333333333336
1 0.5572916666666666 0.83984375 0.0546875 0.09375
1 0.3190104166666667 0.3515625 0.0546875 0.044270833333333336
1 0.7734375 0.3997395833333333 0.059895833333333336 0.08854166666666667
1 0.4739583333333333 0.7174479166666666 0.059895833333333336 0.07552083333333333
1 0.68359375 0.90234375 0.07291666666666667 0.09375
1 0.63671875 0.2838541666666667 0.0625 0.08854166666666667
1 0.5950520833333334 0.25 0.057291666666666664 0.08333333333333333
1 0.2734375 0.4739583333333333 0.0625 0.09635416666666667
1 0.4348958333333333 0.6471354166666666 0.052083333333333336 0.0625
1 0.3841145833333333 0.4830729166666667 0.0625 0.07291666666666667
1 0.6901041666666666 0.8502604166666666 0.057291666666666664 0.09895833333333333
1 0.4908854166666667 0.8255208333333334 0.06510416666666667 0.0703125
1 0.7135416666666666 0.6927083333333334 0.0625 0.078125
1 0.4700520833333333 0.3776041666666667 0.0625 0.0625
1 0.6770833333333334 0.4791666666666667 0.044270833333333336 0.049479166666666664
1 0.7473958333333334 0.6875 0.049479166666666664 0.041666666666666664
1 0.74609375 0.6653645833333334 0.052083333333333336 0.046875
1 0.7161458333333334 0.5677083333333334 0.046875 0.049479166666666664
1 0.6223958333333334 0.4713541666666667 0.059895833333333336 0.057291666666666664
1 0.77734375 0.4244791666666667 0.041666666666666664 0.07291666666666667
1 0.4283854166666667 0.20703125 0.052083333333333336 0.041666666666666664
1 0.5572916666666666 0.2591145833333333 0.0625 0.059895833333333336
1 0.5091145833333334 0.2955729166666667 0.046875 0.08072916666666667
1 0.4192708333333333 0.7356770833333334 0.0703125 0.06770833333333333
1 0.6328125 0.8268229166666666 0.0703125 0.10677083333333333
1 0.61328125 0.20572916666666666 0.057291666666666664 0.08333333333333333
1 0.4622395833333333 0.24479166666666666 0.0546875 0.059895833333333336
1 0.6015625 0.7981770833333334 0.059895833333333336 0.09375
1 0.8098958333333334 0.7005208333333334 0.0703125 0.08333333333333333
1 0.21223958333333334 0.3815104166666667 0.0625 0.09375
1 0.41015625 0.26953125 0.0625 0.078125
1 0.3372395833333333 0.5638020833333334 0.0703125 0.10677083333333333
1 0.609375 0.24088541666666666 0.052083333333333336 0.08854166666666667
1 0.3736979166666667 0.27734375 0.06510416666666667 0.08072916666666667
1 0.5390625 0.8229166666666666 0.052083333333333336 0.08854166666666667
1 0.8333333333333334 0.53125 0.06770833333333333 0.09635416666666667
1 0.3841145833333333 0.4205729166666667 0.07291666666666667 0.07552083333333333
1 0.41796875 0.4453125 0.06770833333333333 0.06770833333333333
1 0.5611979166666666 0.4140625 0.0625 0.08854166666666667
1 0.6041666666666666 0.421875 0.06510416666666667 0.078125
1 0.6979166666666666 0.5026041666666666 0.0703125 0.08072916666666667
1 0.69921875 0.4440104166666667 0.07291666666666667 0.10416666666666667
1 0.6640625 0.6276041666666666 0.036458333333333336 0.036458333333333336