1 0.6979166666666666 0.6041666666666666 0.028645833333333332 0.046875
1 0.4713541666666667 0.5494791666666666 0.020833333333333332 0.033854166666666664
1 0.5390625 0.4869791666666667 0.018229166666666668 0.03125
1 0.3971354166666667 0.54296875 0.026041666666666668 0.044270833333333336
1 0.5442708333333334 0.5716145833333334 0.0234375 0.03125
1 0.36328125 0.5364583333333334 0.0234375 0.049479166666666664
1 0.5989583333333334 0.5690104166666666 0.03125 0.0234375
1 0.5 0.5208333333333334 0.028645833333333332 0.036458333333333336
1 0.3958333333333333 0.49609375 0.013020833333333334 0.036458333333333336
1 0.6002604166666666 0.5846354166666666 0.03125 0.015625
1 0.4505208333333333 0.578125 0.026041666666666668 0.033854166666666664
1 0.56640625 0.578125 0.028645833333333332 0.033854166666666664
1 0.4609375 0.55078125 0.026041666666666668 0.015625
1 0.51171875 0.5859375 0.033854166666666664 0.028645833333333332
1 0.4440104166666667 0.5364583333333334 0.020833333333333332 0.036458333333333336
1 0.5 0.5546875 0.0234375 0.0390625
1 0.4765625 0.5729166666666666 0.03125 0.020833333333333332
1 0.3815104166666667 0.4908854166666667 0.0234375 0.044270833333333336
1 0.6692708333333334 0.6119791666666666 0.028645833333333332 0.028645833333333332
1 0.3984375 0.5130208333333334 0.026041666666666668 0.028645833333333332
1 0.4505208333333333 0.4986979166666667 0.026041666666666668 0.033854166666666664