1 0.6432291666666666 0.3776041666666667 0.0390625 0.028645833333333332
1 0.73046875 0.3880208333333333 0.0390625 0.026041666666666668
1 0.7291666666666666 0.33203125 0.03125 0.033854166666666664
1 0.6731770833333334 0.3880208333333333 0.03125 0.028645833333333332
1 0.8671875 0.5598958333333334 0.0390625 0.049479166666666664
1 0.7122395833333334 0.35546875 0.026041666666666668 0.036458333333333336
1 0.8815104166666666 0.5625 0.044270833333333336 0.049479166666666664
1 0.8098958333333334 0.5481770833333334 0.0234375 0.033854166666666664
1 0.5716145833333334 0.4856770833333333 0.036458333333333336 0.0390625
1 0.6236979166666666 0.7682291666666666 0.033854166666666664 0.033854166666666664
1 0.578125 0.6927083333333334 0.033854166666666664 0.028645833333333332
1 0.66796875 0.73046875 0.036458333333333336 0.0546875
1 0.5872395833333334 0.7513020833333334 0.041666666666666664 0.033854166666666664
1 0.703125 0.65625 0.03125 0.046875
1 0.5377604166666666 0.8151041666666666 0.036458333333333336 0.0390625
1 0.6458333333333334 0.7109375 0.033854166666666664 0.033854166666666664
1 0.5989583333333334 0.80859375 0.036458333333333336 0.041666666666666664
1 0.5885416666666666 0.83984375 0.018229166666666668 0.026041666666666668
1 0.6432291666666666 0.6901041666666666 0.033854166666666664 0.033854166666666664
1 0.4453125 0.6197916666666666 0.044270833333333336 0.049479166666666664
1 0.4830729166666667 0.7513020833333334 0.041666666666666664 0.036458333333333336
1 0.6015625 0.77734375 0.036458333333333336 0.0390625
1 0.5013020833333334 0.5559895833333334 0.028645833333333332 0.049479166666666664
1 0.4830729166666667 0.26171875 0.0390625 0.044270833333333336
1 0.5260416666666666 0.3177083333333333 0.033854166666666664 0.028645833333333332
1 0.3294270833333333 0.4296875 0.03125 0.041666666666666664
1 0.265625 0.3489583333333333 0.036458333333333336 0.03125
1 0.4075520833333333 0.2916666666666667 0.026041666666666668 0.041666666666666664
1 0.3658854166666667 0.3203125 0.026041666666666668 0.041666666666666664
1 0.3802083333333333 0.3372395833333333 0.026041666666666668 0.036458333333333336
1 0.40625 0.35546875 0.03125 0.020833333333333332
1 0.3997395833333333 0.3190104166666667 0.0234375 0.036458333333333336
1 0.78125 0.5416666666666666 0.028645833333333332 0.0390625
1 0.7135416666666666 0.3255208333333333 0.03125 0.044270833333333336
1 0.78515625 0.4713541666666667 0.03125 0.044270833333333336
1 0.703125 0.37890625 0.028645833333333332 0.03125
1 0.77734375 0.3671875 0.03125 0.036458333333333336
1 0.7864583333333334 0.3880208333333333 0.026041666666666668 0.036458333333333336
1 0.7018229166666666 0.4661458333333333 0.033854166666666664 0.041666666666666664
1 0.7356770833333334 0.5364583333333334 0.036458333333333336 0.028645833333333332
1 0.4518229166666667 0.81640625 0.028645833333333332 0.028645833333333332
1 0.4010416666666667 0.6276041666666666 0.026041666666666668 0.026041666666666668
1 0.62109375 0.7447916666666666 0.028645833333333332 0.036458333333333336
1 0.4908854166666667 0.828125 0.033854166666666664 0.033854166666666664
1 0.60546875 0.8333333333333334 0.03125 0.036458333333333336
1 0.5963541666666666 0.7356770833333334 0.033854166666666664 0.0234375
1 0.4869791666666667 0.5572916666666666 0.033854166666666664 0.0546875
1 0.6015625 0.7291666666666666 0.0234375 0.018229166666666668
1 0.6080729166666666 0.6549479166666666 0.028645833333333332 0.033854166666666664
1 0.2981770833333333 0.6302083333333334 0.026041666666666668 0.041666666666666664
1 0.4544270833333333 0.64453125 0.036458333333333336 0.026041666666666668
1 0.4427083333333333 0.7825520833333334 0.033854166666666664 0.028645833333333332
1 0.5442708333333334 0.6666666666666666 0.033854166666666664 0.057291666666666664
1 0.4453125 0.4635416666666667 0.026041666666666668 0.026041666666666668
1 0.4010416666666667 0.515625 0.033854166666666664 0.028645833333333332
1 0.4505208333333333 0.3203125 0.0234375 0.044270833333333336
1 0.3763020833333333 0.2721354166666667 0.0390625 0.049479166666666664
1 0.3203125 0.3932291666666667 0.033854166666666664 0.026041666666666668
1 0.2669270833333333 0.54296875 0.036458333333333336 0.033854166666666664
1 0.3463541666666667 0.375 0.036458333333333336 0.0546875
1 0.3072916666666667 0.5481770833333334 0.026041666666666668 0.041666666666666664
1 0.4505208333333333 0.23697916666666666 0.036458333333333336 0.03125
1 0.4752604166666667 0.5052083333333334 0.041666666666666664 0.036458333333333336
1 0.5052083333333334 0.4518229166666667 0.052083333333333336 0.03125
1 0.6549479166666666 0.51953125 0.028645833333333332 0.033854166666666664
1 0.6640625 0.4140625 0.0390625 0.033854166666666664
1 0.6497395833333334 0.6002604166666666 0.033854166666666664 0.033854166666666664
1 0.6236979166666666 0.5963541666666666 0.0390625 0.03125
1 0.73046875 0.3580729166666667 0.0234375 0.0234375
1 0.6419270833333334 0.5559895833333334 0.036458333333333336 0.0390625
1 0.5286458333333334 0.5221354166666666 0.028645833333333332 0.041666666666666664
1 0.7044270833333334 0.5481770833333334 0.036458333333333336 0.03125
1 0.5638020833333334 0.5559895833333334 0.036458333333333336 0.041666666666666664
1 0.39453125 0.7799479166666666 0.033854166666666664 0.0390625
1 0.69140625 0.6875 0.020833333333333332 0.036458333333333336
1 0.4049479166666667 0.5299479166666666 0.03125 0.026041666666666668
1 0.4296875 0.6927083333333334 0.036458333333333336 0.041666666666666664
1 0.50390625 0.7903645833333334 0.028645833333333332 0.041666666666666664
1 0.3854166666666667 0.3619791666666667 0.041666666666666664 0.0390625
1 0.3606770833333333 0.3854166666666667 0.028645833333333332 0.044270833333333336
1 0.2565104166666667 0.5130208333333334 0.044270833333333336 0.0390625
1 0.2760416666666667 0.5794270833333334 0.028645833333333332 0.049479166666666664
1 0.24479166666666666 0.37109375 0.036458333333333336 0.033854166666666664
1 0.6276041666666666 0.5338541666666666 0.036458333333333336 0.033854166666666664
1 0.8463541666666666 0.5234375 0.033854166666666664 0.044270833333333336
1 0.75390625 0.578125 0.0390625 0.03125
1 0.83984375 0.54296875 0.0390625 0.036458333333333336
1 0.57421875 0.421875 0.046875 0.03125
1 0.6393229166666666 0.30859375 0.0390625 0.057291666666666664
1 0.7630208333333334 0.3111979166666667 0.041666666666666664 0.052083333333333336
1 0.6796875 0.65625 0.041666666666666664 0.0390625
1 0.5 0.6263020833333334 0.041666666666666664 0.0390625
1 0.5364583333333334 0.5104166666666666 0.028645833333333332 0.036458333333333336
1 0.6184895833333334 0.6666666666666666 0.041666666666666664 0.036458333333333336
1 0.5091145833333334 0.70703125 0.028645833333333332 0.03125
1 0.4388020833333333 0.5208333333333334 0.041666666666666664 0.033854166666666664
1 0.5716145833333334 0.6432291666666666 0.018229166666666668 0.0234375
1 0.5169270833333334 0.82421875 0.033854166666666664 0.03125
1 0.5872395833333334 0.7200520833333334 0.028645833333333332 0.026041666666666668
1 0.32421875 0.6223958333333334 0.046875 0.046875
1 0.4309895833333333 0.7643229166666666 0.036458333333333336 0.03125
1 0.4700520833333333 0.6888020833333334 0.028645833333333332 0.046875
1 0.5716145833333334 0.7096354166666666 0.026041666666666668 0.026041666666666668
1 0.5208333333333334 0.6966145833333334 0.026041666666666668 0.0390625
1 0.5611979166666666 0.51953125 0.033854166666666664 0.041666666666666664
1 0.4010416666666667 0.6861979166666666 0.028645833333333332 0.0234375
1 0.5533854166666666 0.765625 0.041666666666666664 0.036458333333333336
1 0.3606770833333333 0.50390625 0.036458333333333336 0.028645833333333332
1 0.5755208333333334 0.44140625 0.03125 0.028645833333333332
1 0.421875 0.45703125 0.028645833333333332 0.036458333333333336
1 0.3059895833333333 0.39453125 0.044270833333333336 0.041666666666666664
1 0.3984375 0.21744791666666666 0.036458333333333336 0.036458333333333336
1 0.3984375 0.23697916666666666 0.036458333333333336 0.036458333333333336
1 0.3229166666666667 0.3567708333333333 0.033854166666666664 0.033854166666666664
1 0.43359375 0.22786458333333334 0.03125 0.041666666666666664
1 0.30859375 0.3111979166666667 0.033854166666666664 0.044270833333333336
1 0.24479166666666666 0.5403645833333334 0.03125 0.041666666666666664
1 0.3020833333333333 0.4635416666666667 0.0390625 0.046875
1 0.828125 0.5091145833333334 0.033854166666666664 0.046875
1 0.77734375 0.4583333333333333 0.036458333333333336 0.041666666666666664
1 0.8046875 0.5052083333333334 0.044270833333333336 0.044270833333333336
1 0.7825520833333334 0.5846354166666666 0.033854166666666664 0.0390625
1 0.7643229166666666 0.5026041666666666 0.041666666666666664 0.028645833333333332
1 0.6875 0.4348958333333333 0.026041666666666668 0.033854166666666664
1 0.69140625 0.359375 0.033854166666666664 0.03125
1 0.765625 0.5403645833333334 0.036458333333333336 0.049479166666666664
1 0.765625 0.3372395833333333 0.0390625 0.041666666666666664
1 0.6848958333333334 0.4973958333333333 0.033854166666666664 0.044270833333333336
1 0.7083333333333334 0.69140625 0.026041666666666668 0.0390625
1 0.58984375 0.671875 0.0390625 0.0390625
1 0.5755208333333334 0.5143229166666666 0.036458333333333336 0.028645833333333332
1 0.5247395833333334 0.6627604166666666 0.026041666666666668 0.0390625
1 0.5169270833333334 0.5572916666666666 0.026041666666666668 0.041666666666666664
1 0.5 0.6588541666666666 0.026041666666666668 0.036458333333333336
1 0.5625 0.69140625 0.026041666666666668 0.044270833333333336
1 0.5104166666666666 0.4986979166666667 0.033854166666666664 0.036458333333333336
1 0.4674479166666667 0.5729166666666666 0.036458333333333336 0.046875
1 0.6158854166666666 0.7135416666666666 0.033854166666666664 0.028645833333333332
1 0.4036458333333333 0.7239583333333334 0.036458333333333336 0.041666666666666664
1 0.3619791666666667 0.6901041666666666 0.028645833333333332 0.028645833333333332
1 0.37890625 0.6484375 0.028645833333333332 0.0390625
1 0.6536458333333334 0.7513020833333334 0.028645833333333332 0.041666666666666664
1 0.6536458333333334 0.66015625 0.026041666666666668 0.036458333333333336
1 0.2838541666666667 0.6158854166666666 0.036458333333333336 0.03125
1 0.5611979166666666 0.6497395833333334 0.028645833333333332 0.03125
1 0.5768229166666666 0.8372395833333334 0.020833333333333332 0.03125
1 0.5182291666666666 0.7513020833333334 0.036458333333333336 0.044270833333333336
1 0.4192708333333333 0.5390625 0.0234375 0.028645833333333332
1 0.37109375 0.4778645833333333 0.03125 0.0390625
1 0.52734375 0.3033854166666667 0.036458333333333336 0.028645833333333332
1 0.4609375 0.3307291666666667 0.026041666666666668 0.0390625
1 0.4622395833333333 0.2734375 0.041666666666666664 0.028645833333333332
1 0.38671875 0.33984375 0.0390625 0.0234375
1 0.2916666666666667 0.4479166666666667 0.03125 0.044270833333333336
1 0.3489583333333333 0.28515625 0.033854166666666664 0.041666666666666664
1 0.3346354166666667 0.3046875 0.041666666666666664 0.044270833333333336
1 0.2838541666666667 0.3111979166666667 0.03125 0.041666666666666664
1 0.3567708333333333 0.5950520833333334 0.026041666666666668 0.03125
1 0.296875 0.2825520833333333 0.0390625 0.046875
1 0.33984375 0.5924479166666666 0.03125 0.028645833333333332
1 0.296875 0.6002604166666666 0.03125 0.028645833333333332
1 0.5455729166666666 0.7877604166666666 0.026041666666666668 0.036458333333333336
1 0.7018229166666666 0.3059895833333333 0.044270833333333336 0.046875
1 0.8151041666666666 0.4739583333333333 0.036458333333333336 0.0234375
1 0.640625 0.4427083333333333 0.041666666666666664 0.046875
1 0.6028645833333334 0.5 0.0234375 0.0390625
1 0.6901041666666666 0.6575520833333334 0.03125 0.044270833333333336
1 0.6979166666666666 0.6158854166666666 0.036458333333333336 0.036458333333333336
1 0.5091145833333334 0.66796875 0.026041666666666668 0.044270833333333336
1 0.4596354166666667 0.5377604166666666 0.028645833333333332 0.0390625
1 0.546875 0.53515625 0.028645833333333332 0.041666666666666664
1 0.4322916666666667 0.6510416666666666 0.0390625 0.036458333333333336
1 0.4361979166666667 0.5690104166666666 0.028645833333333332 0.036458333333333336
1 0.453125 0.7565104166666666 0.026041666666666668 0.041666666666666664
1 0.3919270833333333 0.5768229166666666 0.0234375 0.046875
1 0.3046875 0.3580729166666667 0.041666666666666664 0.036458333333333336
1 0.23177083333333334 0.4088541666666667 0.026041666666666668 0.0390625
1 0.4361979166666667 0.3229166666666667 0.028645833333333332 0.044270833333333336
1 0.3111979166666667 0.29296875 0.0390625 0.033854166666666664
1 0.8125 0.5703125 0.036458333333333336 0.026041666666666668
1 0.76171875 0.4205729166666667 0.0234375 0.0390625
1 0.6119791666666666 0.6145833333333334 0.03125 0.028645833333333332
1 0.73828125 0.3684895833333333 0.036458333333333336 0.041666666666666664
1 0.6393229166666666 0.4765625 0.03125 0.026041666666666668
1 0.5885416666666666 0.5377604166666666 0.041666666666666664 0.041666666666666664
1 0.6184895833333334 0.80078125 0.033854166666666664 0.0390625
1 0.6770833333333334 0.5716145833333334 0.028645833333333332 0.033854166666666664
1 0.3697916666666667 0.76171875 0.0390625 0.03125
1 0.55078125 0.5729166666666666 0.028645833333333332 0.044270833333333336
1 0.3125 0.6354166666666666 0.028645833333333332 0.0390625
1 0.4674479166666667 0.4401041666666667 0.036458333333333336 0.033854166666666664
1 0.63671875 0.8046875 0.028645833333333332 0.041666666666666664
1 0.6770833333333334 0.7005208333333334 0.018229166666666668 0.028645833333333332
1 0.4544270833333333 0.5716145833333334 0.028645833333333332 0.0390625
1 0.5403645833333334 0.7252604166666666 0.041666666666666664 0.033854166666666664
1 0.5143229166666666 0.2825520833333333 0.028645833333333332 0.041666666666666664
1 0.4544270833333333 0.3958333333333333 0.028645833333333332 0.044270833333333336
1 0.2604166666666667 0.4166666666666667 0.03125 0.044270833333333336
1 0.3151041666666667 0.4674479166666667 0.026041666666666668 0.0390625
1 0.38671875 0.3997395833333333 0.033854166666666664 0.028645833333333332
1 0.5794270833333334 0.39453125 0.03125 0.028645833333333332
1 0.7669270833333334 0.4895833333333333 0.0390625 0.0234375
1 0.6119791666666666 0.4583333333333333 0.044270833333333336 0.036458333333333336
1 0.8515625 0.5729166666666666 0.041666666666666664 0.03125
1 0.7578125 0.453125 0.028645833333333332 0.03125
1 0.7877604166666666 0.4192708333333333 0.0390625 0.033854166666666664
1 0.78125 0.44140625 0.020833333333333332 0.03125
1 0.5924479166666666 0.359375 0.028645833333333332 0.036458333333333336
1 0.73828125 0.4348958333333333 0.033854166666666664 0.036458333333333336
1 0.5989583333333334 0.484375 0.026041666666666668 0.026041666666666668
1 0.57421875 0.6236979166666666 0.0390625 0.036458333333333336
1 0.46875 0.7955729166666666 0.03125 0.03125
1 0.46484375 0.6627604166666666 0.036458333333333336 0.03125
1 0.6875 0.7239583333333334 0.036458333333333336 0.041666666666666664
1 0.53515625 0.6158854166666666 0.026041666666666668 0.049479166666666664
1 0.3489583333333333 0.6614583333333334 0.036458333333333336 0.028645833333333332
1 0.48046875 0.6484375 0.033854166666666664 0.041666666666666664
1 0.3854166666666667 0.6536458333333334 0.026041666666666668 0.036458333333333336
1 0.5 0.5234375 0.0390625 0.03125
1 0.4895833333333333 0.7200520833333334 0.0390625 0.036458333333333336
1 0.4713541666666667 0.2994791666666667 0.0234375 0.026041666666666668
1 0.390625 0.4388020833333333 0.041666666666666664 0.028645833333333332
1 0.5546875 0.4361979166666667 0.0390625 0.026041666666666668
1 0.3880208333333333 0.4596354166666667 0.028645833333333332 0.028645833333333332
1 0.5065104166666666 0.2981770833333333 0.026041666666666668 0.041666666666666664
1 0.24348958333333334 0.34375 0.028645833333333332 0.046875
1 0.3072916666666667 0.5091145833333334 0.03125 0.03125
1 0.3880208333333333 0.4205729166666667 0.041666666666666664 0.033854166666666664
1 0.4296875 0.4088541666666667 0.03125 0.044270833333333336