1 0.2916666666666667 0.4205729166666667 0.033854166666666664 0.049479166666666664
1 0.5221354166666666 0.4479166666666667 0.0234375 0.033854166666666664
1 0.4622395833333333 0.5169270833333334 0.020833333333333332 0.033854166666666664
1 0.59765625 0.4453125 0.03125 0.046875
1 0.4479166666666667 0.43359375 0.026041666666666668 0.03125
1 0.6315104166666666 0.4466145833333333 0.028645833333333332 0.052083333333333336
1 0.3932291666666667 0.4440104166666667 0.03125 0.026041666666666668
1 0.4973958333333333 0.4791666666666667 0.03125 0.0390625
1 0.6028645833333334 0.4908854166666667 0.015625 0.036458333333333336
1 0.390625 0.4283854166666667 0.03125 0.018229166666666668
1 0.5390625 0.4166666666666667 0.028645833333333332 0.036458333333333336
1 0.4244791666666667 0.4309895833333333 0.03125 0.036458333333333336
1 0.5325520833333334 0.4453125 0.028645833333333332 0.018229166666666668
1 0.4778645833333333 0.4153645833333333 0.036458333333333336 0.03125
1 0.55078125 0.45703125 0.0234375 0.036458333333333336
1 0.4934895833333333 0.4453125 0.026041666666666668 0.0390625
1 0.5143229166666666 0.4244791666666667 0.033854166666666664 0.026041666666666668
1 0.6184895833333334 0.4947916666666667 0.028645833333333332 0.046875
1 0.3177083333333333 0.4088541666666667 0.03125 0.03125
1 0.6002604166666666 0.4752604166666667 0.028645833333333332 0.03125
1 0.5494791666666666 0.4947916666666667 0.028645833333333332 0.036458333333333336