1 0.4661458333333333 0.7864583333333334 0.0625 0.10416666666666667
1 0.5182291666666666 0.8645833333333334 0.0625 0.1015625
1 0.3658854166666667 0.5638020833333334 0.052083333333333336 0.11458333333333333
1 0.6940104166666666 0.4739583333333333 0.0546875 0.09375
1 0.5572916666666666 0.7565104166666666 0.078125 0.07291666666666667
1 0.4192708333333333 0.44140625 0.0703125 0.09114583333333333
1 0.51171875 0.4947916666666667 0.078125 0.0546875
1 0.51171875 0.58203125 0.09114583333333333 0.059895833333333336
1 0.4479166666666667 0.3919270833333333 0.044270833333333336 0.11458333333333333
1 0.7252604166666666 0.625 0.044270833333333336 0.109375
1 0.734375 0.41015625 0.08333333333333333 0.09114583333333333
1 0.5651041666666666 0.3541666666666667 0.0546875 0.1171875
1 0.2955729166666667 0.6171875 0.06510416666666667 0.0859375
1 0.5703125 0.57421875 0.06510416666666667 0.11979166666666667
1 0.6380208333333334 0.4674479166666667 0.057291666666666664 0.09895833333333333
1 0.4986979166666667 0.80859375 0.0546875 0.11458333333333333
1 0.41015625 0.5729166666666666 0.0390625 0.15885416666666666
1 0.6080729166666666 0.453125 0.041666666666666664 0.11197916666666667
1 0.31640625 0.4752604166666667 0.078125 0.033854166666666664
1 0.6575520833333334 0.6848958333333334 0.109375 0.08854166666666667
1 0.2578125 0.6263020833333334 0.09635416666666667 0.109375
1 0.6484375 0.5520833333333334 0.09375 0.09895833333333333
1 0.48828125 0.3359375 0.07552083333333333 0.09375