1 0.3046875 0.44140625 0.020833333333333332 0.03125
1 0.3815104166666667 0.24348958333333334 0.033854166666666664 0.033854166666666664
1 0.46875 0.2421875 0.018229166666666668 0.06770833333333333
1 0.40625 0.3046875 0.020833333333333332 0.059895833333333336
1 0.7044270833333334 0.47265625 0.018229166666666668 0.015625
1 0.7278645833333334 0.3255208333333333 0.018229166666666668 0.026041666666666668
1 0.7096354166666666 0.4557291666666667 0.015625 0.026041666666666668
1 0.66796875 0.5611979166666666 0.020833333333333332 0.020833333333333332
1 0.6276041666666666 0.4544270833333333 0.018229166666666668 0.049479166666666664
1 0.6302083333333334 0.4283854166666667 0.015625 0.052083333333333336
1 0.6393229166666666 0.46875 0.018229166666666668 0.059895833333333336
1 0.6158854166666666 0.1953125 0.013020833333333334 0.049479166666666664
1 0.5963541666666666 0.4283854166666667 0.018229166666666668 0.06510416666666667
1 0.3763020833333333 0.265625 0.0234375 0.0390625
1 0.3880208333333333 0.3098958333333333 0.018229166666666668 0.059895833333333336
1 0.4049479166666667 0.8098958333333334 0.026041666666666668 0.044270833333333336
1 0.58203125 0.60546875 0.0234375 0.018229166666666668
1 0.5572916666666666 0.6380208333333334 0.020833333333333332 0.028645833333333332
1 0.6171875 0.4440104166666667 0.018229166666666668 0.0625
1 0.6419270833333334 0.4427083333333333 0.015625 0.0546875
1 0.6510416666666666 0.3502604166666667 0.033854166666666664 0.0625
1 0.7122395833333334 0.3997395833333333 0.015625 0.049479166666666664
1 0.5104166666666666 0.4739583333333333 0.015625 0.057291666666666664
1 0.640625 0.22526041666666666 0.026041666666666668 0.018229166666666668
1 0.5104166666666666 0.4075520833333333 0.013020833333333334 0.059895833333333336
1 0.3932291666666667 0.5455729166666666 0.020833333333333332 0.033854166666666664
1 0.5390625 0.3268229166666667 0.010416666666666666 0.041666666666666664
1 0.5416666666666666 0.2942708333333333 0.03125 0.026041666666666668
1 0.328125 0.4401041666666667 0.03125 0.044270833333333336
1 0.48046875 0.4609375 0.020833333333333332 0.057291666666666664
1 0.5690104166666666 0.7747395833333334 0.0234375 0.036458333333333336
1 0.5520833333333334 0.62890625 0.028645833333333332 0.033854166666666664
1 0.7369791666666666 0.44921875 0.020833333333333332 0.018229166666666668
1 0.7083333333333334 0.4270833333333333 0.018229166666666668 0.036458333333333336
1 0.7565104166666666 0.3697916666666667 0.033854166666666664 0.049479166666666664
1 0.7213541666666666 0.3541666666666667 0.03125 0.0234375
1 0.6419270833333334 0.8528645833333334 0.036458333333333336 0.020833333333333332
1 0.4622395833333333 0.609375 0.026041666666666668 0.041666666666666664
1 0.58203125 0.58984375 0.026041666666666668 0.0234375
1 0.7239583333333334 0.4427083333333333 0.015625 0.052083333333333336
1 0.5052083333333334 0.5 0.013020833333333334 0.052083333333333336
1 0.4765625 0.2903645833333333 0.013020833333333334 0.049479166666666664
1 0.3463541666666667 0.4934895833333333 0.03125 0.046875
1 0.3619791666666667 0.4609375 0.0234375 0.057291666666666664
1 0.4765625 0.4921875 0.028645833333333332 0.052083333333333336
1 0.5755208333333334 0.66796875 0.013020833333333334 0.041666666666666664
1 0.5677083333333334 0.5768229166666666 0.020833333333333332 0.03125
1 0.5533854166666666 0.5794270833333334 0.020833333333333332 0.036458333333333336
1 0.6002604166666666 0.5911458333333334 0.020833333333333332 0.020833333333333332
1 0.7330729166666666 0.4114583333333333 0.018229166666666668 0.036458333333333336
1 0.7630208333333334 0.4166666666666667 0.033854166666666664 0.0390625
1 0.875 0.5364583333333334 0.026041666666666668 0.0625
1 0.4973958333333333 0.49609375 0.018229166666666668 0.0625
1 0.45703125 0.3828125 0.010416666666666666 0.052083333333333336
1 0.41796875 0.5611979166666666 0.028645833333333332 0.033854166666666664
1 0.4127604166666667 0.17708333333333334 0.0234375 0.059895833333333336
1 0.5247395833333334 0.7669270833333334 0.033854166666666664 0.052083333333333336
1 0.41796875 0.16145833333333334 0.0234375 0.044270833333333336
1 0.5494791666666666 0.49609375 0.028645833333333332 0.0234375
1 0.4869791666666667 0.61328125 0.0234375 0.028645833333333332
1 0.5572916666666666 0.6041666666666666 0.018229166666666668 0.0234375
1 0.5325520833333334 0.6041666666666666 0.013020833333333334 0.044270833333333336
1 0.5533854166666666 0.671875 0.033854166666666664 0.0546875
1 0.6848958333333334 0.4544270833333333 0.0234375 0.028645833333333332
1 0.453125 0.6002604166666666 0.036458333333333336 0.028645833333333332
1 0.6471354166666666 0.87109375 0.026041666666666668 0.020833333333333332
1 0.4661458333333333 0.2734375 0.013020833333333334 0.046875
1 0.4049479166666667 0.23697916666666666 0.026041666666666668 0.036458333333333336
1 0.3268229166666667 0.4609375 0.026041666666666668 0.026041666666666668
1 0.3567708333333333 0.6549479166666666 0.03125 0.0625
1 0.51171875 0.7682291666666666 0.020833333333333332 0.0390625
1 0.5690104166666666 0.6119791666666666 0.020833333333333332 0.0234375
1 0.7395833333333334 0.4192708333333333 0.026041666666666668 0.052083333333333336