1 0.8059895833333334 0.50390625 0.059895833333333336 0.041666666666666664
1 0.20182291666666666 0.33984375 0.049479166666666664 0.020833333333333332
1 0.546875 0.3046875 0.0625 0.0390625
1 0.21223958333333334 0.2526041666666667 0.0234375 0.028645833333333332
1 0.6731770833333334 0.35546875 0.033854166666666664 0.018229166666666668
1 0.31640625 0.3776041666666667 0.0546875 0.0390625
1 0.71484375 0.4609375 0.052083333333333336 0.049479166666666664
1 0.6888020833333334 0.6380208333333334 0.033854166666666664 0.041666666666666664
1 0.5338541666666666 0.4765625 0.049479166666666664 0.028645833333333332
1 0.55078125 0.5416666666666666 0.03125 0.036458333333333336
1 0.3893229166666667 0.31640625 0.0546875 0.03125
1 0.60546875 0.4557291666666667 0.026041666666666668 0.0390625
1 0.7682291666666666 0.3580729166666667 0.026041666666666668 0.044270833333333336
1 0.8020833333333334 0.5299479166666666 0.057291666666666664 0.049479166666666664
1 0.8294270833333334 0.55078125 0.03125 0.052083333333333336
1 0.5755208333333334 0.3567708333333333 0.041666666666666664 0.044270833333333336
1 0.6041666666666666 0.3697916666666667 0.049479166666666664 0.03125
1 0.6536458333333334 0.34765625 0.044270833333333336 0.03125
1 0.6822916666666666 0.3346354166666667 0.0234375 0.03125
1 0.7447916666666666 0.38671875 0.0390625 0.018229166666666668
1 0.08333333333333333 0.23958333333333334 0.03125 0.041666666666666664
1 0.21875 0.29296875 0.03125 0.044270833333333336
1 0.4283854166666667 0.3828125 0.026041666666666668 0.0390625
1 0.20182291666666666 0.2903645833333333 0.036458333333333336 0.036458333333333336
1 0.8372395833333334 0.3567708333333333 0.0546875 0.0390625
1 0.71484375 0.5065104166666666 0.036458333333333336 0.0390625
1 0.59375 0.2903645833333333 0.03125 0.052083333333333336
1 0.44140625 0.4361979166666667 0.044270833333333336 0.033854166666666664
1 0.5247395833333334 0.37109375 0.0234375 0.052083333333333336
1 0.3567708333333333 0.3736979166666667 0.028645833333333332 0.041666666666666664
1 0.3385416666666667 0.6393229166666666 0.026041666666666668 0.036458333333333336
1 0.203125 0.359375 0.049479166666666664 0.03125
1 0.7369791666666666 0.33203125 0.046875 0.0234375
1 0.6536458333333334 0.2734375 0.0546875 0.020833333333333332
1 0.578125 0.4596354166666667 0.036458333333333336 0.044270833333333336
1 0.6184895833333334 0.5598958333333334 0.049479166666666664 0.020833333333333332
1 0.5208333333333334 0.3502604166666667 0.0390625 0.044270833333333336
1 0.4166666666666667 0.4674479166666667 0.052083333333333336 0.0390625
1 0.7486979166666666 0.3177083333333333 0.046875 0.0390625
1 0.5716145833333334 0.3203125 0.044270833333333336 0.020833333333333332
1 0.6236979166666666 0.5442708333333334 0.046875 0.018229166666666668
1 0.8033854166666666 0.3307291666666667 0.0234375 0.033854166666666664
1 0.7161458333333334 0.3489583333333333 0.059895833333333336 0.0390625
1 0.65625 0.3072916666666667 0.026041666666666668 0.046875
1 0.7942708333333334 0.4361979166666667 0.0546875 0.046875
1 0.5325520833333334 0.25 0.044270833333333336 0.052083333333333336
1 0.4283854166666667 0.23567708333333334 0.041666666666666664 0.033854166666666664
1 0.6106770833333334 0.5325520833333334 0.052083333333333336 0.020833333333333332
1 0.4375 0.4739583333333333 0.018229166666666668 0.033854166666666664
1 0.5872395833333334 0.4010416666666667 0.046875 0.049479166666666664
1 0.6432291666666666 0.32421875 0.03125 0.036458333333333336
1 0.6028645833333334 0.5807291666666666 0.041666666666666664 0.036458333333333336
1 0.09114583333333333 0.5989583333333334 0.0234375 0.03125
1 0.16666666666666666 0.72265625 0.03125 0.033854166666666664
1 0.6119791666666666 0.3359375 0.041666666666666664 0.026041666666666668
1 0.5755208333333334 0.3346354166666667 0.046875 0.018229166666666668
1 0.4322916666666667 0.4557291666666667 0.0234375 0.026041666666666668
1 0.08463541666666667 0.5559895833333334 0.020833333333333332 0.026041666666666668
1 0.08723958333333333 0.7278645833333334 0.020833333333333332 0.033854166666666664
1 0.5026041666666666 0.30078125 0.0390625 0.059895833333333336
1 0.0859375 0.5390625 0.0234375 0.036458333333333336
1 0.11197916666666667 0.5807291666666666 0.052083333333333336 0.0234375
1 0.25 0.90234375 0.0390625 0.026041666666666668
1 0.4544270833333333 0.4609375 0.036458333333333336 0.015625
1 0.08723958333333333 0.40234375 0.018229166666666668 0.036458333333333336
1 0.08984375 0.5026041666666666 0.0234375 0.0390625
1 0.0859375 0.62890625 0.015625 0.028645833333333332
1 0.08984375 0.9205729166666666 0.0234375 0.036458333333333336
1 0.08203125 0.3424479166666667 0.0234375 0.020833333333333332