1 0.3450520833333333 0.56640625 0.033854166666666664 0.046875
1 0.3763020833333333 0.2747395833333333 0.03125 0.044270833333333336
1 0.6432291666666666 0.5234375 0.0390625 0.049479166666666664
1 0.3958333333333333 0.4869791666666667 0.036458333333333336 0.0390625
1 0.41015625 0.39453125 0.0390625 0.052083333333333336
1 0.57421875 0.3776041666666667 0.03125 0.0390625
1 0.6002604166666666 0.4986979166666667 0.036458333333333336 0.052083333333333336
1 0.4921875 0.66796875 0.033854166666666664 0.033854166666666664
1 0.48828125 0.7005208333333334 0.036458333333333336 0.046875
1 0.5703125 0.3502604166666667 0.0390625 0.046875
1 0.546875 0.3359375 0.0390625 0.044270833333333336
1 0.3268229166666667 0.31640625 0.033854166666666664 0.044270833333333336
1 0.6575520833333334 0.5989583333333334 0.033854166666666664 0.036458333333333336
1 0.3997395833333333 0.5026041666666666 0.036458333333333336 0.0390625
1 0.328125 0.4192708333333333 0.028645833333333332 0.0390625
1 0.5533854166666666 0.3919270833333333 0.036458333333333336 0.049479166666666664
1 0.3580729166666667 0.14713541666666666 0.0390625 0.044270833333333336
1 0.30078125 0.2682291666666667 0.033854166666666664 0.046875
1 0.4544270833333333 0.3463541666666667 0.0390625 0.052083333333333336
1 0.4557291666666667 0.3138020833333333 0.033854166666666664 0.046875
1 0.4947916666666667 0.2955729166666667 0.0390625 0.049479166666666664
1 0.4947916666666667 0.3893229166666667 0.033854166666666664 0.036458333333333336
1 0.5260416666666666 0.4713541666666667 0.0390625 0.046875
1 0.5625 0.4986979166666667 0.033854166666666664 0.046875
1 0.5481770833333334 0.4153645833333333 0.041666666666666664 0.052083333333333336
1 0.6119791666666666 0.4427083333333333 0.033854166666666664 0.033854166666666664
1 0.3268229166666667 0.4296875 0.036458333333333336 0.052083333333333336
1 0.6263020833333334 0.6484375 0.03125 0.044270833333333336
1 0.3046875 0.3815104166666667 0.033854166666666664 0.033854166666666664
1 0.4427083333333333 0.30859375 0.036458333333333336 0.041666666666666664
1 0.5924479166666666 0.4427083333333333 0.03125 0.044270833333333336
1 0.2643229166666667 0.3958333333333333 0.033854166666666664 0.036458333333333336
1 0.23697916666666666 0.4205729166666667 0.0390625 0.052083333333333336
1 0.25 0.2942708333333333 0.0390625 0.052083333333333336
1 0.24869791666666666 0.1875 0.036458333333333336 0.046875
1 0.3307291666666667 0.20052083333333334 0.041666666666666664 0.049479166666666664
1 0.3880208333333333 0.33984375 0.036458333333333336 0.033854166666666664
1 0.55859375 0.3268229166666667 0.0390625 0.0390625
1 0.6432291666666666 0.671875 0.033854166666666664 0.049479166666666664
1 0.60546875 0.61328125 0.041666666666666664 0.044270833333333336
1 0.4270833333333333 0.5208333333333334 0.03125 0.044270833333333336
1 0.5611979166666666 0.37890625 0.03125 0.036458333333333336
1 0.6119791666666666 0.4921875 0.028645833333333332 0.036458333333333336
1 0.328125 0.39453125 0.033854166666666664 0.046875
1 0.3190104166666667 0.3541666666666667 0.036458333333333336 0.044270833333333336
1 0.5807291666666666 0.5364583333333334 0.0390625 0.041666666666666664
1 0.3216145833333333 0.40234375 0.028645833333333332 0.0390625
1 0.6041666666666666 0.3723958333333333 0.0390625 0.036458333333333336
1 0.38671875 0.23958333333333334 0.036458333333333336 0.046875
1 0.3541666666666667 0.4752604166666667 0.028645833333333332 0.026041666666666668
1 0.390625 0.2838541666666667 0.036458333333333336 0.049479166666666664
1 0.4309895833333333 0.29296875 0.0390625 0.044270833333333336
1 0.6015625 0.3229166666666667 0.041666666666666664 0.046875
1 0.65625 0.47265625 0.0390625 0.044270833333333336
1 0.6145833333333334 0.52734375 0.0390625 0.0390625
1 0.2903645833333333 0.3463541666666667 0.03125 0.033854166666666664
1 0.51953125 0.3645833333333333 0.028645833333333332 0.028645833333333332
1 0.6770833333333334 0.4700520833333333 0.044270833333333336 0.06510416666666667
1 0.3815104166666667 0.4583333333333333 0.03125 0.046875
1 0.4986979166666667 0.4583333333333333 0.036458333333333336 0.049479166666666664
1 0.5026041666666666 0.3893229166666667 0.036458333333333336 0.046875
1 0.5559895833333334 0.5234375 0.033854166666666664 0.033854166666666664
1 0.5286458333333334 0.375 0.036458333333333336 0.0390625
1 0.3385416666666667 0.3880208333333333 0.0390625 0.052083333333333336
1 0.29296875 0.3763020833333333 0.033854166666666664 0.033854166666666664
1 0.3828125 0.3125 0.041666666666666664 0.046875
1 0.5703125 0.4934895833333333 0.028645833333333332 0.03125
1 0.5950520833333334 0.43359375 0.03125 0.044270833333333336
1 0.5546875 0.3541666666666667 0.036458333333333336 0.041666666666666664
1 0.5130208333333334 0.3424479166666667 0.03125 0.03125
1 0.5364583333333334 0.6302083333333334 0.033854166666666664 0.0390625
1 0.59765625 0.59375 0.041666666666666664 0.036458333333333336
1 0.4778645833333333 0.58984375 0.03125 0.028645833333333332
1 0.5924479166666666 0.55078125 0.036458333333333336 0.033854166666666664
1 0.6236979166666666 0.4635416666666667 0.033854166666666664 0.028645833333333332
1 0.2994791666666667 0.3346354166666667 0.0390625 0.046875
1 0.28125 0.4088541666666667 0.0390625 0.052083333333333336
1 0.3255208333333333 0.22786458333333334 0.041666666666666664 0.041666666666666664
1 0.5677083333333334 0.2942708333333333 0.033854166666666664 0.036458333333333336
1 0.6171875 0.6614583333333334 0.0390625 0.041666666666666664
1 0.6666666666666666 0.4713541666666667 0.033854166666666664 0.046875
1 0.4453125 0.4713541666666667 0.044270833333333336 0.049479166666666664
1 0.5390625 0.3606770833333333 0.033854166666666664 0.036458333333333336
1 0.30078125 0.3606770833333333 0.03125 0.028645833333333332