1 0.44921875 0.21614583333333334 0.08854166666666667 0.11458333333333333
1 0.3763020833333333 0.15755208333333334 0.08854166666666667 0.11458333333333333
1 0.6106770833333334 0.3997395833333333 0.08333333333333333 0.12239583333333333
1 0.3216145833333333 0.58203125 0.078125 0.10416666666666667
1 0.37109375 0.2721354166666667 0.09635416666666667 0.09114583333333333
1 0.59375 0.5325520833333334 0.09114583333333333 0.10416666666666667
1 0.4908854166666667 0.5091145833333334 0.08854166666666667 0.07291666666666667
1 0.46484375 0.42578125 0.10416666666666667 0.08333333333333333
1 0.5807291666666666 0.5872395833333334 0.07552083333333333 0.11979166666666667
1 0.24739583333333334 0.4466145833333333 0.07291666666666667 0.11458333333333333
1 0.3020833333333333 0.6549479166666666 0.10416666666666667 0.109375
1 0.48046875 0.6588541666666666 0.0859375 0.125
1 0.6614583333333334 0.328125 0.0859375 0.1015625
1 0.4114583333333333 0.44921875 0.09635416666666667 0.1328125
1 0.3776041666666667 0.5716145833333334 0.08333333333333333 0.109375
1 0.41015625 0.20442708333333334 0.08333333333333333 0.12239583333333333
1 0.5651041666666666 0.4036458333333333 0.08333333333333333 0.15885416666666666
1 0.41015625 0.5768229166666666 0.07291666666666667 0.1171875
1 0.6822916666666666 0.4700520833333333 0.08333333333333333 0.0546875
1 0.2955729166666667 0.3697916666666667 0.13020833333333334 0.1171875
1 0.6940104166666666 0.30859375 0.12239583333333333 0.13020833333333334
1 0.3424479166666667 0.4934895833333333 0.1171875 0.11979166666666667
1 0.5598958333333334 0.6536458333333334 0.09895833333333333 0.11197916666666667