1 0.3580729166666667 0.484375 0.03125 0.028645833333333332
1 0.625 0.671875 0.036458333333333336 0.044270833333333336
1 0.59765625 0.5677083333333334 0.028645833333333332 0.052083333333333336
1 0.6119791666666666 0.6119791666666666 0.0234375 0.03125
1 0.5182291666666666 0.453125 0.028645833333333332 0.028645833333333332
1 0.5455729166666666 0.4296875 0.0390625 0.026041666666666668
1 0.6171875 0.4322916666666667 0.015625 0.036458333333333336
1 0.5638020833333334 0.4791666666666667 0.020833333333333332 0.0234375
1 0.6015625 0.3541666666666667 0.020833333333333332 0.033854166666666664
1 0.45703125 0.4505208333333333 0.020833333333333332 0.0390625
1 0.6197916666666666 0.62890625 0.0234375 0.03125
1 0.640625 0.5885416666666666 0.0234375 0.041666666666666664
1 0.5338541666666666 0.57421875 0.018229166666666668 0.026041666666666668
1 0.57421875 0.5338541666666666 0.026041666666666668 0.0234375
1 0.5794270833333334 0.54296875 0.018229166666666668 0.018229166666666668