1 0.9114583333333334 0.5885416666666666 0.052083333333333336 0.028645833333333332
1 0.8776041666666666 0.578125 0.03125 0.057291666666666664
1 0.8255208333333334 0.7291666666666666 0.03125 0.07291666666666667
1 0.5182291666666666 0.3932291666666667 0.033854166666666664 0.0703125
1 0.6015625 0.21484375 0.052083333333333336 0.046875
1 0.6341145833333334 0.30078125 0.06770833333333333 0.06510416666666667
1 0.7591145833333334 0.55859375 0.052083333333333336 0.08854166666666667
1 0.5455729166666666 0.6263020833333334 0.018229166666666668 0.041666666666666664
1 0.796875 0.421875 0.0703125 0.036458333333333336
1 0.64453125 0.3580729166666667 0.059895833333333336 0.0390625
1 0.75 0.68359375 0.059895833333333336 0.046875
1 0.6705729166666666 0.3697916666666667 0.059895833333333336 0.06510416666666667
1 0.6315104166666666 0.6627604166666666 0.044270833333333336 0.0703125
1 0.8671875 0.6119791666666666 0.044270833333333336 0.06770833333333333