1 0.3463541666666667 0.6875 0.028645833333333332 0.015625
1 0.3567708333333333 0.7239583333333334 0.036458333333333336 0.020833333333333332
1 0.3736979166666667 0.71484375 0.026041666666666668 0.018229166666666668
1 0.2916666666666667 0.52734375 0.015625 0.0234375
1 0.4557291666666667 0.5794270833333334 0.020833333333333332 0.026041666666666668
1 0.453125 0.51953125 0.015625 0.026041666666666668
1 0.43359375 0.54296875 0.026041666666666668 0.020833333333333332
1 0.4609375 0.54296875 0.020833333333333332 0.020833333333333332
1 0.5533854166666666 0.5611979166666666 0.028645833333333332 0.015625
1 0.16927083333333334 0.41796875 0.03125 0.018229166666666668
1 0.5729166666666666 0.3684895833333333 0.026041666666666668 0.015625
1 0.796875 0.53125 0.026041666666666668 0.03125
1 0.7278645833333334 0.53515625 0.033854166666666664 0.010416666666666666
1 0.4036458333333333 0.4466145833333333 0.0234375 0.03125
1 0.5989583333333334 0.4739583333333333 0.0234375 0.013020833333333334
1 0.37890625 0.76171875 0.0234375 0.010416666666666666
1 0.40625 0.7486979166666666 0.018229166666666668 0.0234375
1 0.3411458333333333 0.6744791666666666 0.0390625 0.010416666666666666
1 0.3776041666666667 0.4713541666666667 0.036458333333333336 0.018229166666666668
1 0.3997395833333333 0.5651041666666666 0.033854166666666664 0.013020833333333334
1 0.4583333333333333 0.5026041666666666 0.033854166666666664 0.020833333333333332
1 0.4947916666666667 0.5677083333333334 0.033854166666666664 0.015625
1 0.5390625 0.5807291666666666 0.018229166666666668 0.0234375
1 0.5403645833333334 0.5377604166666666 0.0078125 0.0234375
1 0.5299479166666666 0.5338541666666666 0.015625 0.020833333333333332
1 0.4674479166666667 0.7552083333333334 0.0234375 0.026041666666666668
1 0.5234375 0.4700520833333333 0.033854166666666664 0.013020833333333334
1 0.4205729166666667 0.7916666666666666 0.020833333333333332 0.020833333333333332
1 0.4309895833333333 0.76171875 0.015625 0.026041666666666668
1 0.42578125 0.71484375 0.018229166666666668 0.0234375
1 0.3723958333333333 0.7044270833333334 0.020833333333333332 0.0234375
1 0.3854166666666667 0.6588541666666666 0.026041666666666668 0.015625
1 0.18098958333333334 0.5807291666666666 0.0234375 0.0234375
1 0.39453125 0.57421875 0.028645833333333332 0.015625
1 0.4791666666666667 0.6393229166666666 0.018229166666666668 0.013020833333333334
1 0.5572916666666666 0.5442708333333334 0.028645833333333332 0.013020833333333334
1 0.59765625 0.5286458333333334 0.028645833333333332 0.013020833333333334
1 0.6080729166666666 0.6328125 0.0390625 0.020833333333333332
1 0.4557291666666667 0.4505208333333333 0.036458333333333336 0.020833333333333332
1 0.390625 0.76171875 0.028645833333333332 0.010416666666666666
1 0.3841145833333333 0.7473958333333334 0.033854166666666664 0.018229166666666668
1 0.3893229166666667 0.7044270833333334 0.026041666666666668 0.020833333333333332
1 0.375 0.6744791666666666 0.018229166666666668 0.0234375
1 0.390625 0.671875 0.026041666666666668 0.018229166666666668
1 0.2669270833333333 0.5234375 0.013020833333333334 0.026041666666666668
1 0.5091145833333334 0.5768229166666666 0.026041666666666668 0.018229166666666668
1 0.5143229166666666 0.5533854166666666 0.020833333333333332 0.0234375
1 0.5533854166666666 0.50390625 0.028645833333333332 0.013020833333333334
1 0.546875 0.49609375 0.03125 0.015625
1 0.53515625 0.42578125 0.0234375 0.026041666666666668
1 0.4270833333333333 0.82421875 0.036458333333333336 0.013020833333333334
1 0.3684895833333333 0.7447916666666666 0.028645833333333332 0.013020833333333334
1 0.4270833333333333 0.6796875 0.018229166666666668 0.026041666666666668
1 0.2747395833333333 0.5598958333333334 0.028645833333333332 0.010416666666666666
1 0.2864583333333333 0.4895833333333333 0.033854166666666664 0.018229166666666668
1 0.40625 0.5572916666666666 0.028645833333333332 0.015625
1 0.4361979166666667 0.5260416666666666 0.026041666666666668 0.020833333333333332
1 0.4700520833333333 0.6953125 0.015625 0.028645833333333332
1 0.4986979166666667 0.671875 0.028645833333333332 0.015625
1 0.4791666666666667 0.625 0.03125 0.015625
1 0.5807291666666666 0.5234375 0.036458333333333336 0.010416666666666666
1 0.609375 0.3190104166666667 0.028645833333333332 0.015625
1 0.5598958333333334 0.80078125 0.036458333333333336 0.020833333333333332
1 0.4583333333333333 0.859375 0.036458333333333336 0.015625
1 0.4817708333333333 0.89453125 0.0390625 0.018229166666666668
1 0.5234375 0.4583333333333333 0.018229166666666668 0.018229166666666668
1 0.5651041666666666 0.4661458333333333 0.03125 0.015625
1 0.44921875 0.8177083333333334 0.026041666666666668 0.026041666666666668
1 0.4661458333333333 0.7786458333333334 0.028645833333333332 0.015625
1 0.40234375 0.6940104166666666 0.028645833333333332 0.013020833333333334
1 0.390625 0.6354166666666666 0.0234375 0.026041666666666668
1 0.3151041666666667 0.5807291666666666 0.036458333333333336 0.015625
1 0.3619791666666667 0.57421875 0.03125 0.020833333333333332
1 0.421875 0.5703125 0.028645833333333332 0.018229166666666668
1 0.4544270833333333 0.5364583333333334 0.018229166666666668 0.020833333333333332
1 0.4713541666666667 0.63671875 0.033854166666666664 0.018229166666666668
1 0.5234375 0.49609375 0.033854166666666664 0.018229166666666668
1 0.3932291666666667 0.53515625 0.026041666666666668 0.018229166666666668
1 0.5625 0.34375 0.036458333333333336 0.013020833333333334
1 0.45703125 0.3541666666666667 0.0234375 0.026041666666666668
1 0.5638020833333334 0.3736979166666667 0.026041666666666668 0.0234375
1 0.5625 0.7447916666666666 0.026041666666666668 0.020833333333333332
1 0.4205729166666667 0.859375 0.0390625 0.0234375
1 0.47265625 0.8450520833333334 0.028645833333333332 0.0234375
1 0.4453125 0.4205729166666667 0.0234375 0.028645833333333332
1 0.5703125 0.4739583333333333 0.026041666666666668 0.010416666666666666
1 0.54296875 0.4674479166666667 0.028645833333333332 0.026041666666666668
1 0.4036458333333333 0.8033854166666666 0.020833333333333332 0.0234375
1 0.4778645833333333 0.76171875 0.0234375 0.0234375
1 0.4609375 0.7890625 0.028645833333333332 0.015625
1 0.4192708333333333 0.7421875 0.026041666666666668 0.026041666666666668
1 0.34765625 0.6966145833333334 0.026041666666666668 0.013020833333333334
1 0.38671875 0.7330729166666666 0.028645833333333332 0.010416666666666666
1 0.4088541666666667 0.6614583333333334 0.013020833333333334 0.028645833333333332
1 0.2421875 0.58203125 0.015625 0.020833333333333332
1 0.3671875 0.4830729166666667 0.033854166666666664 0.015625
1 0.4375 0.49609375 0.020833333333333332 0.020833333333333332
1 0.3828125 0.5911458333333334 0.033854166666666664 0.020833333333333332
1 0.4466145833333333 0.55859375 0.028645833333333332 0.013020833333333334
1 0.4778645833333333 0.6497395833333334 0.0234375 0.020833333333333332
1 0.53515625 0.5625 0.020833333333333332 0.0234375
1 0.51953125 0.5078125 0.03125 0.013020833333333334
1 0.5546875 0.4908854166666667 0.03125 0.015625
1 0.51953125 0.2916666666666667 0.0234375 0.018229166666666668
1 0.5638020833333334 0.3567708333333333 0.036458333333333336 0.010416666666666666
1 0.7356770833333334 0.64453125 0.028645833333333332 0.020833333333333332
1 0.6940104166666666 0.6484375 0.041666666666666664 0.015625
1 0.3528645833333333 0.4244791666666667 0.0390625 0.015625
1 0.5260416666666666 0.44140625 0.036458333333333336 0.013020833333333334
1 0.3841145833333333 0.7734375 0.033854166666666664 0.020833333333333332
1 0.4947916666666667 0.7643229166666666 0.033854166666666664 0.015625
1 0.4817708333333333 0.7903645833333334 0.0234375 0.0234375
1 0.4192708333333333 0.6940104166666666 0.010416666666666666 0.0234375
1 0.3515625 0.4765625 0.03125 0.013020833333333334
1 0.4375 0.4661458333333333 0.026041666666666668 0.020833333333333332
1 0.37109375 0.578125 0.026041666666666668 0.015625
1 0.4192708333333333 0.5846354166666666 0.026041666666666668 0.020833333333333332
1 0.47265625 0.6744791666666666 0.020833333333333332 0.028645833333333332
1 0.4739583333333333 0.6158854166666666 0.015625 0.026041666666666668
1 0.5052083333333334 0.5989583333333334 0.033854166666666664 0.015625
1 0.5833333333333334 0.54296875 0.0234375 0.020833333333333332
1 0.5403645833333334 0.515625 0.015625 0.020833333333333332
1 0.5299479166666666 0.4817708333333333 0.020833333333333332 0.010416666666666666
1 0.4635416666666667 0.8020833333333334 0.03125 0.026041666666666668