1 0.3528645833333333 0.4440104166666667 0.049479166666666664 0.059895833333333336
1 0.6770833333333334 0.6380208333333334 0.049479166666666664 0.049479166666666664
1 0.4635416666666667 0.5169270833333334 0.044270833333333336 0.059895833333333336
1 0.4036458333333333 0.7252604166666666 0.044270833333333336 0.059895833333333336
1 0.5481770833333334 0.23307291666666666 0.059895833333333336 0.049479166666666664
1 0.5546875 0.8541666666666666 0.044270833333333336 0.06770833333333333
1 0.3411458333333333 0.7526041666666666 0.057291666666666664 0.052083333333333336
1 0.3971354166666667 0.52734375 0.052083333333333336 0.044270833333333336
1 0.4596354166666667 0.34375 0.049479166666666664 0.041666666666666664
1 0.8190104166666666 0.3723958333333333 0.044270833333333336 0.0625
1 0.5013020833333334 0.17578125 0.044270833333333336 0.06510416666666667
1 0.7252604166666666 0.2890625 0.057291666666666664 0.057291666666666664
1 0.4856770833333333 0.14713541666666666 0.036458333333333336 0.06510416666666667
1 0.66015625 0.40625 0.059895833333333336 0.059895833333333336
1 0.8268229166666666 0.4244791666666667 0.041666666666666664 0.06770833333333333
1 0.5625 0.2109375 0.046875 0.0546875
1 0.6731770833333334 0.6627604166666666 0.049479166666666664 0.044270833333333336
1 0.5221354166666666 0.6197916666666666 0.041666666666666664 0.0625
1 0.7825520833333334 0.5338541666666666 0.036458333333333336 0.06770833333333333
1 0.4908854166666667 0.4596354166666667 0.052083333333333336 0.0625
1 0.3346354166666667 0.8151041666666666 0.046875 0.06770833333333333