1 0.5989583333333334 0.5846354166666666 0.03125 0.028645833333333332
1 0.48828125 0.5169270833333334 0.015625 0.015625
1 0.4895833333333333 0.4752604166666667 0.026041666666666668 0.026041666666666668
1 0.4713541666666667 0.6809895833333334 0.026041666666666668 0.020833333333333332
1 0.4596354166666667 0.66796875 0.028645833333333332 0.044270833333333336
1 0.5013020833333334 0.5234375 0.018229166666666668 0.03125
1 0.4388020833333333 0.5364583333333334 0.018229166666666668 0.033854166666666664
1 0.47265625 0.4361979166666667 0.0234375 0.020833333333333332
1 0.3190104166666667 0.56640625 0.020833333333333332 0.036458333333333336
1 0.3932291666666667 0.6588541666666666 0.0234375 0.020833333333333332
1 0.5143229166666666 0.4635416666666667 0.020833333333333332 0.015625
1 0.5104166666666666 0.6119791666666666 0.026041666666666668 0.036458333333333336
1 0.3333333333333333 0.5390625 0.0234375 0.033854166666666664
1 0.5208333333333334 0.4713541666666667 0.03125 0.03125
1 0.4791666666666667 0.6393229166666666 0.03125 0.028645833333333332
1 0.4375 0.7278645833333334 0.018229166666666668 0.028645833333333332
1 0.32421875 0.4453125 0.036458333333333336 0.026041666666666668
1 0.4791666666666667 0.6627604166666666 0.020833333333333332 0.033854166666666664
1 0.6549479166666666 0.4791666666666667 0.015625 0.010416666666666666
1 0.6393229166666666 0.48046875 0.018229166666666668 0.015625
1 0.6354166666666666 0.5755208333333334 0.028645833333333332 0.028645833333333332
1 0.5130208333333334 0.4765625 0.026041666666666668 0.0234375