1 0.4049479166666667 0.5833333333333334 0.03125 0.028645833333333332
1 0.4973958333333333 0.4947916666666667 0.028645833333333332 0.052083333333333336
1 0.5377604166666666 0.3463541666666667 0.028645833333333332 0.041666666666666664
1 0.6236979166666666 0.6953125 0.026041666666666668 0.041666666666666664
1 0.59765625 0.72265625 0.036458333333333336 0.044270833333333336
1 0.7096354166666666 0.5794270833333334 0.026041666666666668 0.049479166666666664
1 0.7552083333333334 0.5455729166666666 0.0390625 0.0390625
1 0.6940104166666666 0.3776041666666667 0.036458333333333336 0.052083333333333336
1 0.734375 0.3411458333333333 0.036458333333333336 0.044270833333333336
1 0.6705729166666666 0.38671875 0.033854166666666664 0.03125
1 0.6002604166666666 0.515625 0.03125 0.028645833333333332
1 0.67578125 0.5325520833333334 0.0234375 0.044270833333333336
1 0.62109375 0.5247395833333334 0.033854166666666664 0.044270833333333336
1 0.7057291666666666 0.5299479166666666 0.026041666666666668 0.036458333333333336
1 0.5572916666666666 0.6927083333333334 0.028645833333333332 0.036458333333333336
1 0.4765625 0.4505208333333333 0.033854166666666664 0.049479166666666664
1 0.4388020833333333 0.47265625 0.033854166666666664 0.049479166666666664
1 0.5221354166666666 0.4440104166666667 0.028645833333333332 0.044270833333333336
1 0.6015625 0.5572916666666666 0.03125 0.0546875
1 0.7747395833333334 0.3190104166666667 0.033854166666666664 0.041666666666666664
1 0.640625 0.484375 0.028645833333333332 0.049479166666666664
1 0.5078125 0.609375 0.033854166666666664 0.041666666666666664
1 0.48046875 0.5455729166666666 0.03125 0.057291666666666664
1 0.59375 0.5403645833333334 0.028645833333333332 0.044270833333333336
1 0.69921875 0.4010416666666667 0.033854166666666664 0.049479166666666664
1 0.7408854166666666 0.35546875 0.03125 0.041666666666666664
1 0.7122395833333334 0.30859375 0.028645833333333332 0.046875
1 0.4127604166666667 0.54296875 0.026041666666666668 0.049479166666666664
1 0.53125 0.421875 0.03125 0.044270833333333336
1 0.4895833333333333 0.3684895833333333 0.036458333333333336 0.044270833333333336
1 0.5143229166666666 0.7721354166666666 0.033854166666666664 0.041666666666666664
1 0.40234375 0.6458333333333334 0.044270833333333336 0.041666666666666664
1 0.5234375 0.5625 0.028645833333333332 0.0390625
1 0.5078125 0.63671875 0.033854166666666664 0.033854166666666664
1 0.6354166666666666 0.5299479166666666 0.028645833333333332 0.049479166666666664
1 0.5013020833333334 0.7200520833333334 0.03125 0.049479166666666664
1 0.6432291666666666 0.7265625 0.036458333333333336 0.044270833333333336
1 0.6575520833333334 0.6809895833333334 0.028645833333333332 0.028645833333333332
1 0.7278645833333334 0.4309895833333333 0.03125 0.044270833333333336
1 0.7278645833333334 0.3111979166666667 0.033854166666666664 0.033854166666666664
1 0.4830729166666667 0.6458333333333334 0.033854166666666664 0.036458333333333336
1 0.5065104166666666 0.5169270833333334 0.03125 0.0546875
1 0.5455729166666666 0.3736979166666667 0.028645833333333332 0.046875
1 0.4752604166666667 0.3815104166666667 0.036458333333333336 0.033854166666666664
1 0.5234375 0.8190104166666666 0.0390625 0.041666666666666664
1 0.6953125 0.5182291666666666 0.0234375 0.033854166666666664
1 0.5755208333333334 0.3502604166666667 0.036458333333333336 0.0390625
1 0.4309895833333333 0.6171875 0.0390625 0.049479166666666664
1 0.4453125 0.6497395833333334 0.03125 0.046875
1 0.57421875 0.6158854166666666 0.033854166666666664 0.059895833333333336
1 0.6796875 0.58984375 0.03125 0.057291666666666664
1 0.49609375 0.5885416666666666 0.0390625 0.057291666666666664
1 0.5299479166666666 0.6145833333333334 0.033854166666666664 0.033854166666666664
1 0.6588541666666666 0.4244791666666667 0.03125 0.044270833333333336
1 0.6848958333333334 0.4010416666666667 0.028645833333333332 0.052083333333333336
1 0.44921875 0.4934895833333333 0.0234375 0.049479166666666664
1 0.4322916666666667 0.5234375 0.026041666666666668 0.049479166666666664
1 0.54296875 0.3932291666666667 0.028645833333333332 0.041666666666666664
1 0.5377604166666666 0.7213541666666666 0.03125 0.044270833333333336
1 0.625 0.25390625 0.033854166666666664 0.044270833333333336
1 0.66015625 0.26171875 0.0390625 0.044270833333333336
1 0.5911458333333334 0.3671875 0.033854166666666664 0.046875
1 0.48828125 0.5794270833333334 0.03125 0.046875
1 0.6432291666666666 0.546875 0.033854166666666664 0.057291666666666664
1 0.6588541666666666 0.5572916666666666 0.033854166666666664 0.033854166666666664
1 0.5677083333333334 0.6901041666666666 0.028645833333333332 0.046875
1 0.6106770833333334 0.7044270833333334 0.033854166666666664 0.052083333333333336
1 0.71875 0.5859375 0.028645833333333332 0.052083333333333336
1 0.5091145833333334 0.6510416666666666 0.0390625 0.046875
1 0.5364583333333334 0.46875 0.036458333333333336 0.046875
1 0.5481770833333334 0.5494791666666666 0.036458333333333336 0.044270833333333336
1 0.6731770833333334 0.4869791666666667 0.028645833333333332 0.052083333333333336
1 0.7174479166666666 0.4947916666666667 0.028645833333333332 0.041666666666666664
1 0.6223958333333334 0.7369791666666666 0.036458333333333336 0.036458333333333336
1 0.5716145833333334 0.4895833333333333 0.033854166666666664 0.052083333333333336
1 0.47265625 0.6106770833333334 0.03125 0.049479166666666664
1 0.5794270833333334 0.5364583333333334 0.033854166666666664 0.033854166666666664
1 0.8046875 0.4309895833333333 0.036458333333333336 0.041666666666666664
1 0.72265625 0.3385416666666667 0.033854166666666664 0.049479166666666664
1 0.73046875 0.2799479166666667 0.033854166666666664 0.052083333333333336
1 0.6302083333333334 0.4231770833333333 0.028645833333333332 0.0546875
1 0.61328125 0.5169270833333334 0.03125 0.03125
1 0.625 0.7122395833333334 0.033854166666666664 0.036458333333333336
1 0.4166666666666667 0.5598958333333334 0.0234375 0.046875
1 0.5234375 0.3971354166666667 0.033854166666666664 0.046875
1 0.6536458333333334 0.70703125 0.03125 0.036458333333333336
1 0.7552083333333334 0.375 0.036458333333333336 0.033854166666666664
1 0.7447916666666666 0.2630208333333333 0.03125 0.049479166666666664
1 0.4947916666666667 0.6171875 0.026041666666666668 0.041666666666666664
1 0.7669270833333334 0.30859375 0.036458333333333336 0.046875
1 0.6979166666666666 0.4895833333333333 0.03125 0.0390625
1 0.45703125 0.7552083333333334 0.0390625 0.0625
1 0.4192708333333333 0.51171875 0.03125 0.041666666666666664
1 0.5221354166666666 0.6901041666666666 0.036458333333333336 0.046875
1 0.6497395833333334 0.6692708333333334 0.03125 0.049479166666666664
1 0.7265625 0.5546875 0.026041666666666668 0.046875
1 0.7252604166666666 0.3828125 0.036458333333333336 0.036458333333333336
1 0.6497395833333334 0.4075520833333333 0.028645833333333332 0.052083333333333336
1 0.4661458333333333 0.5677083333333334 0.0234375 0.0390625
1 0.6171875 0.5026041666666666 0.033854166666666664 0.028645833333333332
1 0.72265625 0.23828125 0.028645833333333332 0.052083333333333336
1 0.6692708333333334 0.5104166666666666 0.028645833333333332 0.041666666666666664
1 0.6888020833333334 0.4921875 0.028645833333333332 0.0390625
1 0.7096354166666666 0.46484375 0.028645833333333332 0.0390625
1 0.6940104166666666 0.6028645833333334 0.036458333333333336 0.052083333333333336
1 0.72265625 0.51953125 0.028645833333333332 0.044270833333333336
1 0.69140625 0.5455729166666666 0.028645833333333332 0.028645833333333332
1 0.703125 0.5690104166666666 0.026041666666666668 0.052083333333333336
1 0.4440104166666667 0.484375 0.026041666666666668 0.041666666666666664