1 0.4192708333333333 0.3268229166666667 0.026041666666666668 0.03125
1 0.5377604166666666 0.36328125 0.0234375 0.044270833333333336
1 0.5182291666666666 0.6666666666666666 0.028645833333333332 0.0234375
1 0.6549479166666666 0.3333333333333333 0.028645833333333332 0.036458333333333336
1 0.4075520833333333 0.29296875 0.028645833333333332 0.046875
1 0.3229166666666667 0.3723958333333333 0.03125 0.03125
1 0.5130208333333334 0.2955729166666667 0.028645833333333332 0.033854166666666664
1 0.6197916666666666 0.3046875 0.036458333333333336 0.036458333333333336
1 0.3372395833333333 0.5611979166666666 0.03125 0.049479166666666664
1 0.3971354166666667 0.4270833333333333 0.033854166666666664 0.0390625
1 0.4388020833333333 0.4231770833333333 0.028645833333333332 0.0390625
1 0.4283854166666667 0.4713541666666667 0.0234375 0.041666666666666664
1 0.5091145833333334 0.67578125 0.0234375 0.020833333333333332
1 0.3880208333333333 0.3502604166666667 0.028645833333333332 0.046875
1 0.6575520833333334 0.3489583333333333 0.028645833333333332 0.036458333333333336
1 0.4752604166666667 0.43359375 0.0234375 0.036458333333333336
1 0.4986979166666667 0.3020833333333333 0.0390625 0.036458333333333336
1 0.4296875 0.5013020833333334 0.03125 0.0390625
1 0.4153645833333333 0.4752604166666667 0.036458333333333336 0.044270833333333336
1 0.359375 0.4440104166666667 0.026041666666666668 0.0390625
1 0.43359375 0.3190104166666667 0.03125 0.046875
1 0.3515625 0.5807291666666666 0.033854166666666664 0.033854166666666664
1 0.4518229166666667 0.54296875 0.033854166666666664 0.036458333333333336
1 0.5299479166666666 0.3151041666666667 0.033854166666666664 0.03125
1 0.5455729166666666 0.2942708333333333 0.033854166666666664 0.03125
1 0.5 0.5390625 0.026041666666666668 0.044270833333333336
1 0.4192708333333333 0.38671875 0.036458333333333336 0.036458333333333336
1 0.4401041666666667 0.4479166666666667 0.028645833333333332 0.0234375
1 0.4700520833333333 0.5247395833333334 0.026041666666666668 0.0390625
1 0.5065104166666666 0.3580729166666667 0.03125 0.03125
1 0.44921875 0.4192708333333333 0.0234375 0.033854166666666664
1 0.3411458333333333 0.3815104166666667 0.028645833333333332 0.044270833333333336
1 0.54296875 0.2669270833333333 0.026041666666666668 0.0390625
1 0.4114583333333333 0.5260416666666666 0.03125 0.028645833333333332
1 0.5234375 0.453125 0.03125 0.041666666666666664
1 0.3815104166666667 0.3033854166666667 0.033854166666666664 0.049479166666666664
1 0.4557291666666667 0.3046875 0.033854166666666664 0.0390625
1 0.3828125 0.5559895833333334 0.03125 0.036458333333333336
1 0.4283854166666667 0.5221354166666666 0.03125 0.046875
1 0.5247395833333334 0.4140625 0.0234375 0.03125
1 0.3776041666666667 0.4518229166666667 0.033854166666666664 0.036458333333333336
1 0.4583333333333333 0.3776041666666667 0.03125 0.03125