1 0.48046875 0.4453125 0.10416666666666667 0.09375
1 0.7473958333333334 0.4440104166666667 0.12239583333333333 0.06770833333333333
1 0.20442708333333334 0.5325520833333334 0.12760416666666666 0.09375
1 0.66796875 0.6080729166666666 0.09114583333333333 0.09114583333333333
1 0.7122395833333334 0.5481770833333334 0.09895833333333333 0.06510416666666667
1 0.5924479166666666 0.4661458333333333 0.08854166666666667 0.1015625
1 0.7317708333333334 0.6158854166666666 0.10677083333333333 0.08854166666666667
1 0.8372395833333334 0.5260416666666666 0.0625 0.08072916666666667
1 0.7369791666666666 0.4934895833333333 0.09895833333333333 0.07552083333333333
1 0.62109375 0.0859375 0.08333333333333333 0.08854166666666667
1 0.6888020833333334 0.5026041666666666 0.10677083333333333 0.08072916666666667
1 0.3684895833333333 0.4778645833333333 0.09895833333333333 0.09375
1 0.5520833333333334 0.5768229166666666 0.09895833333333333 0.08333333333333333
1 0.8046875 0.5963541666666666 0.07291666666666667 0.078125
1 0.9205729166666666 0.4830729166666667 0.10416666666666667 0.078125
1 0.5598958333333334 0.4739583333333333 0.09114583333333333 0.09895833333333333
1 0.7317708333333334 0.3125 0.13541666666666666 0.09375
1 0.6458333333333334 0.03515625 0.1171875 0.057291666666666664
1 0.4661458333333333 0.3216145833333333 0.11197916666666667 0.0859375
1 0.2916666666666667 0.3919270833333333 0.11979166666666667 0.0703125
1 0.43359375 0.5729166666666666 0.12239583333333333 0.08072916666666667
1 0.5690104166666666 0.703125 0.10416666666666667 0.09114583333333333
1 0.8502604166666666 0.4557291666666667 0.09895833333333333 0.0625
1 0.7942708333333334 0.43359375 0.09375 0.0625
1 0.3893229166666667 0.11197916666666667 0.1015625 0.1015625
1 0.18359375 0.3776041666666667 0.09375 0.09635416666666667
1 0.4192708333333333 0.3919270833333333 0.1171875 0.052083333333333336
1 0.8216145833333334 0.3658854166666667 0.11197916666666667 0.10416666666666667