1 0.5299479166666666 0.39453125 0.0546875 0.059895833333333336
1 0.5013020833333334 0.7877604166666666 0.041666666666666664 0.059895833333333336
1 0.4622395833333333 0.5143229166666666 0.057291666666666664 0.078125
1 0.8359375 0.33984375 0.0546875 0.059895833333333336
1 0.6158854166666666 0.4817708333333333 0.044270833333333336 0.052083333333333336
1 0.5846354166666666 0.5143229166666666 0.052083333333333336 0.06510416666666667
1 0.6171875 0.4348958333333333 0.049479166666666664 0.06510416666666667
1 0.6028645833333334 0.4114583333333333 0.049479166666666664 0.0625
1 0.5260416666666666 0.5143229166666666 0.041666666666666664 0.0546875
1 0.5703125 0.43359375 0.046875 0.046875
1 0.4453125 0.3893229166666667 0.044270833333333336 0.044270833333333336
1 0.5455729166666666 0.69140625 0.059895833333333336 0.07552083333333333
1 0.5924479166666666 0.4440104166666667 0.0390625 0.044270833333333336
1 0.65234375 0.6497395833333334 0.044270833333333336 0.049479166666666664
1 0.6145833333333334 0.3033854166666667 0.0546875 0.0625
1 0.6484375 0.6315104166666666 0.046875 0.052083333333333336
1 0.5677083333333334 0.6497395833333334 0.049479166666666664 0.0546875
1 0.4296875 0.73828125 0.052083333333333336 0.059895833333333336
1 0.6888020833333334 0.5260416666666666 0.044270833333333336 0.0546875
1 0.6666666666666666 0.4908854166666667 0.036458333333333336 0.036458333333333336
1 0.6549479166666666 0.5130208333333334 0.044270833333333336 0.0546875
1 0.73828125 0.3958333333333333 0.044270833333333336 0.041666666666666664
1 0.59765625 0.47265625 0.0390625 0.046875
1 0.5481770833333334 0.4518229166666667 0.033854166666666664 0.033854166666666664
1 0.3932291666666667 0.6497395833333334 0.052083333333333336 0.0546875
1 0.5299479166666666 0.7213541666666666 0.041666666666666664 0.041666666666666664
1 0.6328125 0.6302083333333334 0.059895833333333336 0.0859375
1 0.4270833333333333 0.50390625 0.049479166666666664 0.06770833333333333
1 0.4596354166666667 0.69921875 0.0546875 0.06510416666666667
1 0.515625 0.6653645833333334 0.046875 0.044270833333333336
1 0.62890625 0.5611979166666666 0.041666666666666664 0.036458333333333336
1 0.6380208333333334 0.54296875 0.046875 0.041666666666666664
1 0.5 0.4348958333333333 0.036458333333333336 0.044270833333333336
1 0.4700520833333333 0.4700520833333333 0.044270833333333336 0.049479166666666664
1 0.7109375 0.3919270833333333 0.033854166666666664 0.049479166666666664
1 0.68359375 0.4466145833333333 0.0390625 0.0546875
1 0.5989583333333334 0.640625 0.049479166666666664 0.06510416666666667
1 0.4739583333333333 0.7174479166666666 0.049479166666666664 0.06770833333333333
1 0.41796875 0.58984375 0.044270833333333336 0.044270833333333336
1 0.4908854166666667 0.5377604166666666 0.036458333333333336 0.057291666666666664
1 0.6067708333333334 0.5963541666666666 0.0546875 0.06770833333333333
1 0.50390625 0.6315104166666666 0.052083333333333336 0.0625
1 0.4895833333333333 0.6171875 0.057291666666666664 0.07291666666666667
1 0.3359375 0.6354166666666666 0.044270833333333336 0.052083333333333336
1 0.6979166666666666 0.4505208333333333 0.046875 0.0546875
1 0.6380208333333334 0.4661458333333333 0.041666666666666664 0.052083333333333336
1 0.5247395833333334 0.4765625 0.052083333333333336 0.06510416666666667
1 0.4791666666666667 0.4557291666666667 0.046875 0.049479166666666664
1 0.453125 0.7591145833333334 0.041666666666666664 0.046875
1 0.6028645833333334 0.53515625 0.044270833333333336 0.046875
1 0.46875 0.7799479166666666 0.03125 0.046875
1 0.3684895833333333 0.7903645833333334 0.044270833333333336 0.049479166666666664
1 0.5234375 0.5690104166666666 0.041666666666666664 0.057291666666666664
1 0.4778645833333333 0.6692708333333334 0.059895833333333336 0.059895833333333336
1 0.5598958333333334 0.62109375 0.044270833333333336 0.059895833333333336
1 0.671875 0.4322916666666667 0.044270833333333336 0.052083333333333336
1 0.6953125 0.40234375 0.044270833333333336 0.052083333333333336
1 0.5559895833333334 0.4778645833333333 0.041666666666666664 0.049479166666666664
1 0.4505208333333333 0.4088541666666667 0.0390625 0.0390625
1 0.6471354166666666 0.4765625 0.036458333333333336 0.044270833333333336
1 0.67578125 0.3893229166666667 0.041666666666666664 0.0390625
1 0.6041666666666666 0.6458333333333334 0.0390625 0.036458333333333336
1 0.5403645833333334 0.5286458333333334 0.041666666666666664 0.044270833333333336
1 0.6315104166666666 0.6822916666666666 0.0546875 0.0703125
1 0.5260416666666666 0.3580729166666667 0.049479166666666664 0.057291666666666664
1 0.47265625 0.79296875 0.049479166666666664 0.059895833333333336
1 0.4361979166666667 0.78515625 0.046875 0.046875
1 0.6940104166666666 0.5533854166666666 0.0390625 0.052083333333333336
1 0.5859375 0.6015625 0.049479166666666664 0.0625
1 0.7174479166666666 0.4231770833333333 0.052083333333333336 0.0546875
1 0.5625 0.5078125 0.049479166666666664 0.0625
1 0.6276041666666666 0.3828125 0.0546875 0.0546875
1 0.56640625 0.40234375 0.059895833333333336 0.0703125
1 0.4309895833333333 0.4114583333333333 0.03125 0.046875
1 0.4401041666666667 0.4244791666666667 0.03125 0.03125
1 0.4205729166666667 0.5755208333333334 0.041666666666666664 0.049479166666666664
1 0.4244791666666667 0.8489583333333334 0.049479166666666664 0.06510416666666667
1 0.7630208333333334 0.22005208333333334 0.046875 0.06510416666666667
1 0.4752604166666667 0.5182291666666666 0.049479166666666664 0.059895833333333336
1 0.4140625 0.5013020833333334 0.0390625 0.0546875
1 0.6302083333333334 0.5026041666666666 0.044270833333333336 0.052083333333333336
1 0.54296875 0.54296875 0.0546875 0.059895833333333336
1 0.5260416666666666 0.4505208333333333 0.052083333333333336 0.0703125
1 0.5182291666666666 0.6236979166666666 0.041666666666666664 0.0625
1 0.5651041666666666 0.6002604166666666 0.03125 0.041666666666666664
1 0.53515625 0.3190104166666667 0.0625 0.06770833333333333
1 0.5807291666666666 0.6796875 0.057291666666666664 0.06510416666666667
1 0.4127604166666667 0.75 0.046875 0.052083333333333336
1 0.4557291666666667 0.78125 0.0390625 0.059895833333333336
1 0.4010416666666667 0.6197916666666666 0.057291666666666664 0.06770833333333333
1 0.4010416666666667 0.5716145833333334 0.052083333333333336 0.059895833333333336
1 0.43359375 0.5546875 0.041666666666666664 0.044270833333333336
1 0.5091145833333334 0.6861979166666666 0.057291666666666664 0.052083333333333336
1 0.5325520833333334 0.65234375 0.044270833333333336 0.044270833333333336
1 0.5286458333333334 0.6276041666666666 0.0390625 0.052083333333333336
1 0.5872395833333334 0.5533854166666666 0.044270833333333336 0.0625
1 0.3515625 0.6236979166666666 0.044270833333333336 0.052083333333333336
1 0.5807291666666666 0.4700520833333333 0.044270833333333336 0.049479166666666664
1 0.6341145833333334 0.4544270833333333 0.03125 0.044270833333333336