1 0.4049479166666667 0.7513020833333334 0.052083333333333336 0.09635416666666667
1 0.5052083333333334 0.47265625 0.052083333333333336 0.078125
1 0.3528645833333333 0.6510416666666666 0.06770833333333333 0.06510416666666667
1 0.4049479166666667 0.6809895833333334 0.06510416666666667 0.06510416666666667
1 0.4765625 0.6640625 0.06770833333333333 0.06510416666666667
1 0.4674479166666667 0.7239583333333334 0.052083333333333336 0.0703125
1 0.3919270833333333 0.6041666666666666 0.0703125 0.08333333333333333
1 0.43359375 0.5325520833333334 0.041666666666666664 0.06510416666666667
1 0.2838541666666667 0.19270833333333334 0.06510416666666667 0.08333333333333333
1 0.55078125 0.4674479166666667 0.036458333333333336 0.0859375
1 0.5559895833333334 0.3138020833333333 0.09895833333333333 0.078125
1 0.4778645833333333 0.3385416666666667 0.059895833333333336 0.07552083333333333
1 0.4140625 0.10416666666666667 0.059895833333333336 0.07552083333333333
1 0.49609375 0.6145833333333334 0.07291666666666667 0.052083333333333336
1 0.4934895833333333 0.52734375 0.036458333333333336 0.0625
1 0.390625 0.5755208333333334 0.049479166666666664 0.07552083333333333
1 0.68359375 0.6354166666666666 0.08333333333333333 0.07291666666666667
1 0.29296875 0.1171875 0.057291666666666664 0.0703125
1 0.58203125 0.3489583333333333 0.0625 0.052083333333333336
1 0.3671875 0.7057291666666666 0.06770833333333333 0.057291666666666664
1 0.4635416666666667 0.4661458333333333 0.0390625 0.08072916666666667
1 0.5299479166666666 0.3606770833333333 0.059895833333333336 0.036458333333333336
1 0.53515625 0.4231770833333333 0.041666666666666664 0.0703125
1 0.3671875 0.5286458333333334 0.06510416666666667 0.0703125
1 0.3697916666666667 0.57421875 0.041666666666666664 0.0625
1 0.30078125 0.6354166666666666 0.036458333333333336 0.03125