1 0.09635416666666667 0.3684895833333333 0.06510416666666667 0.07291666666666667
1 0.3763020833333333 0.4088541666666667 0.0625 0.057291666666666664
1 0.3606770833333333 0.3372395833333333 0.07291666666666667 0.0703125
1 0.09375 0.033854166666666664 0.0625 0.06770833333333333
1 0.29296875 0.5260416666666666 0.07291666666666667 0.08072916666666667
1 0.3997395833333333 0.609375 0.049479166666666664 0.08333333333333333
1 0.3294270833333333 0.19661458333333334 0.06770833333333333 0.059895833333333336
1 0.44921875 0.5807291666666666 0.057291666666666664 0.0703125
1 0.5989583333333334 0.5638020833333334 0.07552083333333333 0.06510416666666667
1 0.30859375 0.4427083333333333 0.057291666666666664 0.09114583333333333
1 0.18229166666666666 0.16015625 0.059895833333333336 0.08333333333333333
1 0.1875 0.6627604166666666 0.0625 0.0859375
1 0.4127604166666667 0.5325520833333334 0.0625 0.059895833333333336
1 0.4973958333333333 0.71484375 0.0625 0.0625
1 0.5794270833333334 0.6861979166666666 0.0859375 0.06770833333333333
1 0.21484375 0.3138020833333333 0.07552083333333333 0.09114583333333333
1 0.3854166666666667 0.18880208333333334 0.06510416666666667 0.078125
1 0.28125 0.09114583333333333 0.07291666666666667 0.0625
1 0.2552083333333333 0.14583333333333334 0.049479166666666664 0.0859375
1 0.18619791666666666 0.46484375 0.07552083333333333 0.0625
1 0.3802083333333333 0.72265625 0.057291666666666664 0.07291666666666667
1 0.5481770833333334 0.5572916666666666 0.046875 0.08072916666666667
1 0.4296875 0.3958333333333333 0.07291666666666667 0.0625