1 0.9244791666666666 0.5078125 0.06770833333333333 0.07291666666666667
1 0.6471354166666666 0.4544270833333333 0.0625 0.057291666666666664
1 0.6848958333333334 0.390625 0.07291666666666667 0.0703125
1 0.6875 0.5924479166666666 0.07552083333333333 0.08072916666666667
1 0.5598958333333334 0.6354166666666666 0.049479166666666664 0.08333333333333333
1 0.7604166666666666 0.2682291666666667 0.06770833333333333 0.0625
1 0.5221354166666666 0.5924479166666666 0.057291666666666664 0.0703125
1 0.3854166666666667 0.52734375 0.078125 0.06510416666666667
1 0.69921875 0.5091145833333334 0.059895833333333336 0.09114583333333333
1 0.9114583333333334 0.28125 0.059895833333333336 0.08333333333333333
1 0.7421875 0.7552083333333334 0.0625 0.0859375
1 0.5716145833333334 0.55859375 0.06510416666666667 0.059895833333333336
1 0.4322916666666667 0.703125 0.0625 0.0625
1 0.36328125 0.6510416666666666 0.0859375 0.0703125
1 0.8307291666666666 0.4166666666666667 0.078125 0.09114583333333333
1 0.7096354166666666 0.24348958333333334 0.06510416666666667 0.078125
1 0.83984375 0.18489583333333334 0.07552083333333333 0.0625
1 0.8463541666666666 0.24479166666666666 0.052083333333333336 0.08854166666666667
1 0.8072916666666666 0.5690104166666666 0.078125 0.06510416666666667
1 0.5403645833333334 0.7486979166666666 0.057291666666666664 0.07552083333333333
1 0.4361979166666667 0.5390625 0.049479166666666664 0.08072916666666667
1 0.6002604166666666 0.4244791666666667 0.07291666666666667 0.0625