1 0.37109375 0.4596354166666667 0.026041666666666668 0.028645833333333332
1 0.49609375 0.4427083333333333 0.0234375 0.041666666666666664
1 0.6705729166666666 0.39453125 0.044270833333333336 0.026041666666666668
1 0.5911458333333334 0.39453125 0.03125 0.041666666666666664
1 0.4869791666666667 0.4869791666666667 0.028645833333333332 0.033854166666666664
1 0.4088541666666667 0.5169270833333334 0.0390625 0.033854166666666664
1 0.4088541666666667 0.5651041666666666 0.028645833333333332 0.0234375
1 0.4973958333333333 0.4700520833333333 0.036458333333333336 0.0234375
1 0.5611979166666666 0.4791666666666667 0.03125 0.046875
1 0.4778645833333333 0.5130208333333334 0.036458333333333336 0.041666666666666664
1 0.4518229166666667 0.4231770833333333 0.020833333333333332 0.041666666666666664
1 0.421875 0.46484375 0.026041666666666668 0.036458333333333336
1 0.58984375 0.4765625 0.036458333333333336 0.033854166666666664
1 0.5989583333333334 0.4622395833333333 0.046875 0.036458333333333336
1 0.5078125 0.5546875 0.0234375 0.046875
1 0.671875 0.4479166666666667 0.028645833333333332 0.0390625
1 0.4817708333333333 0.46484375 0.03125 0.0234375
1 0.44921875 0.46875 0.0390625 0.033854166666666664
1 0.4791666666666667 0.5885416666666666 0.03125 0.026041666666666668
1 0.3580729166666667 0.5455729166666666 0.028645833333333332 0.026041666666666668
1 0.3828125 0.5364583333333334 0.020833333333333332 0.03125
1 0.37109375 0.5338541666666666 0.018229166666666668 0.036458333333333336
1 0.5286458333333334 0.58203125 0.03125 0.0390625
1 0.52734375 0.34375 0.036458333333333336 0.026041666666666668
1 0.5364583333333334 0.40234375 0.03125 0.036458333333333336
1 0.5364583333333334 0.4270833333333333 0.028645833333333332 0.03125
1 0.6119791666666666 0.4986979166666667 0.033854166666666664 0.0234375
1 0.5768229166666666 0.5442708333333334 0.0234375 0.033854166666666664
1 0.4791666666666667 0.6002604166666666 0.0234375 0.0234375
1 0.59765625 0.5130208333333334 0.036458333333333336 0.026041666666666668
1 0.41015625 0.55078125 0.033854166666666664 0.033854166666666664
1 0.3723958333333333 0.4322916666666667 0.041666666666666664 0.0234375
1 0.43359375 0.5013020833333334 0.0234375 0.036458333333333336
1 0.5546875 0.3658854166666667 0.026041666666666668 0.026041666666666668
1 0.5286458333333334 0.5364583333333334 0.03125 0.03125
1 0.53125 0.6171875 0.057291666666666664 0.026041666666666668
1 0.3255208333333333 0.546875 0.028645833333333332 0.0234375
1 0.3307291666666667 0.4466145833333333 0.028645833333333332 0.0390625
1 0.52734375 0.5572916666666666 0.033854166666666664 0.026041666666666668
1 0.5390625 0.51171875 0.026041666666666668 0.033854166666666664
1 0.4908854166666667 0.53515625 0.028645833333333332 0.033854166666666664
1 0.4322916666666667 0.5950520833333334 0.036458333333333336 0.03125
1 0.6354166666666666 0.4895833333333333 0.03125 0.020833333333333332
1 0.6653645833333334 0.453125 0.036458333333333336 0.018229166666666668
1 0.48828125 0.3372395833333333 0.028645833333333332 0.0390625
1 0.57421875 0.5208333333333334 0.020833333333333332 0.03125
1 0.5963541666666666 0.4205729166666667 0.041666666666666664 0.03125
1 0.5169270833333334 0.4791666666666667 0.0234375 0.0625
1 0.6197916666666666 0.4192708333333333 0.036458333333333336 0.036458333333333336
1 0.4192708333333333 0.4947916666666667 0.036458333333333336 0.026041666666666668
1 0.4375 0.5286458333333334 0.028645833333333332 0.0234375
1 0.4674479166666667 0.43359375 0.0234375 0.044270833333333336
1 0.4765625 0.390625 0.028645833333333332 0.03125
1 0.6302083333333334 0.4505208333333333 0.028645833333333332 0.049479166666666664
1 0.3229166666666667 0.48046875 0.044270833333333336 0.033854166666666664
1 0.3567708333333333 0.3567708333333333 0.036458333333333336 0.0234375
1 0.7513020833333334 0.3854166666666667 0.033854166666666664 0.0390625
1 0.3515625 0.47265625 0.028645833333333332 0.033854166666666664
1 0.3372395833333333 0.4921875 0.03125 0.0234375
1 0.2877604166666667 0.2565104166666667 0.026041666666666668 0.0234375
1 0.4466145833333333 0.4947916666666667 0.03125 0.036458333333333336
1 0.453125 0.39453125 0.026041666666666668 0.057291666666666664
1 0.6627604166666666 0.4088541666666667 0.0390625 0.033854166666666664
1 0.4856770833333333 0.5755208333333334 0.0234375 0.036458333333333336
1 0.56640625 0.3971354166666667 0.044270833333333336 0.026041666666666668
1 0.5533854166666666 0.4518229166666667 0.036458333333333336 0.052083333333333336
1 0.515625 0.5013020833333334 0.0234375 0.046875
1 0.3489583333333333 0.5104166666666666 0.03125 0.033854166666666664
1 0.4140625 0.4270833333333333 0.020833333333333332 0.036458333333333336
1 0.5130208333333334 0.3658854166666667 0.0390625 0.041666666666666664
1 0.6875 0.4466145833333333 0.03125 0.026041666666666668
1 0.36328125 0.4921875 0.03125 0.026041666666666668
1 0.51171875 0.42578125 0.020833333333333332 0.0390625
1 0.6341145833333334 0.5260416666666666 0.03125 0.028645833333333332
1 0.4778645833333333 0.42578125 0.018229166666666668 0.0390625
1 0.5169270833333334 0.609375 0.036458333333333336 0.018229166666666668
1 0.46875 0.5729166666666666 0.033854166666666664 0.03125
1 0.5 0.5026041666666666 0.020833333333333332 0.028645833333333332
1 0.5533854166666666 0.5078125 0.03125 0.044270833333333336
1 0.4127604166666667 0.40625 0.028645833333333332 0.041666666666666664
1 0.3958333333333333 0.5911458333333334 0.033854166666666664 0.020833333333333332
1 0.4440104166666667 0.55859375 0.020833333333333332 0.0390625
1 0.5481770833333334 0.53515625 0.03125 0.041666666666666664
1 0.4661458333333333 0.5455729166666666 0.0234375 0.0390625
1 0.5807291666666666 0.4388020833333333 0.036458333333333336 0.0390625
1 0.4466145833333333 0.4361979166666667 0.033854166666666664 0.028645833333333332
1 0.65625 0.4713541666666667 0.026041666666666668 0.028645833333333332
1 0.6458333333333334 0.4401041666666667 0.026041666666666668 0.046875
1 0.515625 0.5338541666666666 0.03125 0.036458333333333336
1 0.4778645833333333 0.3645833333333333 0.03125 0.028645833333333332
1 0.5208333333333334 0.37109375 0.0234375 0.041666666666666664
1 0.43359375 0.4127604166666667 0.026041666666666668 0.03125
1 0.4596354166666667 0.5911458333333334 0.03125 0.020833333333333332
1 0.5885416666666666 0.4088541666666667 0.046875 0.033854166666666664
1 0.46484375 0.4739583333333333 0.026041666666666668 0.049479166666666664
1 0.5533854166666666 0.4127604166666667 0.0234375 0.020833333333333332
1 0.39453125 0.5690104166666666 0.018229166666666668 0.028645833333333332
1 0.5 0.5703125 0.020833333333333332 0.044270833333333336
1 0.65625 0.421875 0.036458333333333336 0.044270833333333336
1 0.5546875 0.3828125 0.036458333333333336 0.018229166666666668