1 0.4947916666666667 0.4869791666666667 0.0546875 0.059895833333333336
1 0.3932291666666667 0.6184895833333334 0.052083333333333336 0.0546875
1 0.4778645833333333 0.5794270833333334 0.026041666666666668 0.044270833333333336
1 0.4973958333333333 0.6223958333333334 0.041666666666666664 0.057291666666666664
1 0.515625 0.5338541666666666 0.044270833333333336 0.049479166666666664
1 0.5052083333333334 0.58203125 0.041666666666666664 0.0390625
1 0.4049479166666667 0.5703125 0.046875 0.052083333333333336
1 0.484375 0.5182291666666666 0.033854166666666664 0.026041666666666668
1 0.52734375 0.5872395833333334 0.033854166666666664 0.052083333333333336
1 0.48046875 0.6041666666666666 0.0390625 0.052083333333333336
1 0.4622395833333333 0.5221354166666666 0.044270833333333336 0.07291666666666667
1 0.4375 0.5846354166666666 0.0546875 0.044270833333333336