1 0.53515625 0.4765625 0.020833333333333332 0.033854166666666664
1 0.5169270833333334 0.6484375 0.026041666666666668 0.041666666666666664
1 0.4791666666666667 0.6080729166666666 0.020833333333333332 0.0390625
1 0.6692708333333334 0.3307291666666667 0.018229166666666668 0.03125
1 0.7825520833333334 0.5963541666666666 0.015625 0.015625
1 0.53515625 0.5651041666666666 0.028645833333333332 0.041666666666666664
1 0.546875 0.4973958333333333 0.015625 0.03125
1 0.58984375 0.5182291666666666 0.018229166666666668 0.018229166666666668
1 0.6223958333333334 0.4947916666666667 0.018229166666666668 0.028645833333333332
1 0.74609375 0.4596354166666667 0.028645833333333332 0.033854166666666664
1 0.4739583333333333 0.453125 0.020833333333333332 0.0234375
1 0.515625 0.5872395833333334 0.026041666666666668 0.028645833333333332
1 0.5 0.3984375 0.028645833333333332 0.041666666666666664
1 0.4088541666666667 0.74609375 0.0078125 0.018229166666666668
1 0.5026041666666666 0.4635416666666667 0.018229166666666668 0.03125
1 0.5065104166666666 0.6197916666666666 0.018229166666666668 0.028645833333333332
1 0.5442708333333334 0.6236979166666666 0.0234375 0.03125
1 0.5208333333333334 0.6106770833333334 0.018229166666666668 0.018229166666666668
1 0.4973958333333333 0.42578125 0.026041666666666668 0.026041666666666668
1 0.4739583333333333 0.66796875 0.028645833333333332 0.03125
1 0.48828125 0.6119791666666666 0.015625 0.03125
1 0.5 0.3815104166666667 0.018229166666666668 0.018229166666666668
1 0.57421875 0.44921875 0.026041666666666668 0.03125
1 0.50390625 0.6028645833333334 0.013020833333333334 0.0234375