1 0.7200520833333334 0.4036458333333333 0.06770833333333333 0.036458333333333336
1 0.6171875 0.3567708333333333 0.078125 0.0234375
1 0.4778645833333333 0.48046875 0.0546875 0.041666666666666664
1 0.5989583333333334 0.4635416666666667 0.08854166666666667 0.03125
1 0.6640625 0.4088541666666667 0.0390625 0.036458333333333336
1 0.6080729166666666 0.4166666666666667 0.049479166666666664 0.0390625
1 0.6119791666666666 0.484375 0.049479166666666664 0.0390625
1 0.5286458333333334 0.42578125 0.06510416666666667 0.0390625
1 0.49609375 0.45703125 0.052083333333333336 0.0390625
1 0.5091145833333334 0.3971354166666667 0.044270833333333336 0.0546875
1 0.6953125 0.4947916666666667 0.06510416666666667 0.0234375
1 0.4596354166666667 0.6106770833333334 0.044270833333333336 0.046875