1 0.8958333333333334 0.35546875 0.049479166666666664 0.026041666666666668
1 0.86328125 0.3697916666666667 0.028645833333333332 0.057291666666666664
1 0.7903645833333334 0.22786458333333334 0.028645833333333332 0.0703125
1 0.5325520833333334 0.6028645833333334 0.03125 0.0703125
1 0.640625 0.7682291666666666 0.052083333333333336 0.044270833333333336
1 0.66015625 0.6783854166666666 0.06510416666666667 0.0625
1 0.7473958333333334 0.40625 0.049479166666666664 0.08854166666666667
1 0.52734375 0.3684895833333333 0.015625 0.041666666666666664
1 0.8046875 0.5364583333333334 0.0703125 0.033854166666666664
1 0.6627604166666666 0.62109375 0.057291666666666664 0.0390625
1 0.72265625 0.2838541666666667 0.057291666666666664 0.046875
1 0.6861979166666666 0.60546875 0.057291666666666664 0.06510416666666667
1 0.6080729166666666 0.3203125 0.041666666666666664 0.0703125
1 0.84765625 0.3385416666666667 0.041666666666666664 0.06770833333333333