1 0.6497395833333334 0.3098958333333333 0.026041666666666668 0.015625
1 0.6393229166666666 0.2734375 0.036458333333333336 0.020833333333333332
1 0.6223958333333334 0.2825520833333333 0.026041666666666668 0.015625
1 0.7083333333333334 0.46875 0.015625 0.020833333333333332
1 0.54296875 0.4192708333333333 0.020833333333333332 0.026041666666666668
1 0.546875 0.4791666666666667 0.015625 0.026041666666666668
1 0.5651041666666666 0.4557291666666667 0.026041666666666668 0.020833333333333332
1 0.5377604166666666 0.4557291666666667 0.020833333333333332 0.020833333333333332
1 0.4453125 0.4401041666666667 0.028645833333333332 0.015625
1 0.83203125 0.5768229166666666 0.03125 0.018229166666666668
1 0.4296875 0.6328125 0.026041666666666668 0.015625
1 0.203125 0.4739583333333333 0.026041666666666668 0.03125
1 0.2721354166666667 0.46875 0.03125 0.010416666666666666
1 0.59765625 0.5520833333333334 0.0234375 0.03125
1 0.4010416666666667 0.52734375 0.020833333333333332 0.013020833333333334
1 0.6158854166666666 0.23567708333333334 0.0234375 0.010416666666666666
1 0.58984375 0.25 0.015625 0.020833333333333332
1 0.65625 0.3229166666666667 0.036458333333333336 0.010416666666666666
1 0.6223958333333334 0.5260416666666666 0.036458333333333336 0.015625
1 0.5989583333333334 0.43359375 0.03125 0.013020833333333334
1 0.5416666666666666 0.49609375 0.033854166666666664 0.020833333333333332
1 0.50390625 0.4322916666666667 0.033854166666666664 0.015625
1 0.4596354166666667 0.4205729166666667 0.018229166666666668 0.020833333333333332
1 0.4596354166666667 0.4635416666666667 0.0078125 0.0234375
1 0.4700520833333333 0.4661458333333333 0.015625 0.020833333333333332
1 0.5286458333333334 0.24479166666666666 0.020833333333333332 0.026041666666666668
1 0.4765625 0.5299479166666666 0.033854166666666664 0.010416666666666666
1 0.57421875 0.20703125 0.020833333333333332 0.020833333333333332
1 0.5638020833333334 0.23697916666666666 0.015625 0.026041666666666668
1 0.5703125 0.2838541666666667 0.015625 0.020833333333333332
1 0.6236979166666666 0.29296875 0.020833333333333332 0.020833333333333332
1 0.6119791666666666 0.3385416666666667 0.026041666666666668 0.015625
1 0.8177083333333334 0.4140625 0.0234375 0.0234375
1 0.6041666666666666 0.4244791666666667 0.028645833333333332 0.015625
1 0.5182291666666666 0.3606770833333333 0.018229166666666668 0.013020833333333334
1 0.44140625 0.45703125 0.028645833333333332 0.013020833333333334
1 0.40234375 0.47265625 0.028645833333333332 0.013020833333333334
1 0.3893229166666667 0.3684895833333333 0.036458333333333336 0.020833333333333332
1 0.5455729166666666 0.5481770833333334 0.036458333333333336 0.020833333333333332
1 0.6041666666666666 0.23697916666666666 0.028645833333333332 0.010416666666666666
1 0.6119791666666666 0.25 0.033854166666666664 0.015625
1 0.6067708333333334 0.2942708333333333 0.026041666666666668 0.020833333333333332
1 0.6223958333333334 0.3229166666666667 0.018229166666666668 0.020833333333333332
1 0.6067708333333334 0.3268229166666667 0.026041666666666668 0.018229166666666668
1 0.7330729166666666 0.47265625 0.010416666666666666 0.026041666666666668
1 0.4895833333333333 0.4231770833333333 0.026041666666666668 0.015625
1 0.484375 0.4466145833333333 0.020833333333333332 0.020833333333333332
1 0.4466145833333333 0.4973958333333333 0.028645833333333332 0.010416666666666666
1 0.453125 0.5052083333333334 0.03125 0.015625
1 0.4661458333333333 0.57421875 0.0234375 0.026041666666666668
1 0.5677083333333334 0.17447916666666666 0.036458333333333336 0.010416666666666666
1 0.6276041666666666 0.2526041666666667 0.028645833333333332 0.013020833333333334
1 0.5703125 0.3190104166666667 0.018229166666666668 0.026041666666666668
1 0.7239583333333334 0.4361979166666667 0.026041666666666668 0.010416666666666666
1 0.7135416666666666 0.5065104166666666 0.03125 0.018229166666666668
1 0.5924479166666666 0.44140625 0.028645833333333332 0.015625
1 0.5638020833333334 0.47265625 0.026041666666666668 0.020833333333333332
1 0.5260416666666666 0.3046875 0.015625 0.026041666666666668
1 0.4986979166666667 0.328125 0.028645833333333332 0.015625
1 0.5182291666666666 0.375 0.03125 0.015625
1 0.4192708333333333 0.4778645833333333 0.036458333333333336 0.010416666666666666
1 0.3932291666666667 0.6822916666666666 0.028645833333333332 0.015625
1 0.4348958333333333 0.20052083333333334 0.036458333333333336 0.020833333333333332
1 0.53515625 0.13932291666666666 0.036458333333333336 0.015625
1 0.51171875 0.10546875 0.036458333333333336 0.018229166666666668
1 0.4778645833333333 0.5416666666666666 0.018229166666666668 0.015625
1 0.4348958333333333 0.53515625 0.03125 0.015625
1 0.5455729166666666 0.18098958333333334 0.026041666666666668 0.026041666666666668
1 0.5286458333333334 0.22135416666666666 0.028645833333333332 0.015625
1 0.59375 0.3046875 0.026041666666666668 0.013020833333333334
1 0.6067708333333334 0.36328125 0.020833333333333332 0.026041666666666668
1 0.68359375 0.4166666666666667 0.036458333333333336 0.015625
1 0.63671875 0.4231770833333333 0.03125 0.020833333333333332
1 0.5768229166666666 0.4283854166666667 0.028645833333333332 0.015625
1 0.5442708333333334 0.4622395833333333 0.015625 0.020833333333333332
1 0.5260416666666666 0.36328125 0.03125 0.015625
1 0.4765625 0.50390625 0.03125 0.015625
1 0.6067708333333334 0.4635416666666667 0.026041666666666668 0.015625
1 0.4401041666666667 0.6575520833333334 0.036458333333333336 0.010416666666666666
1 0.5455729166666666 0.64453125 0.0234375 0.026041666666666668
1 0.4388020833333333 0.6276041666666666 0.026041666666666668 0.020833333333333332
1 0.43359375 0.2565104166666667 0.026041666666666668 0.020833333333333332
1 0.5729166666666666 0.13932291666666666 0.036458333333333336 0.020833333333333332
1 0.5208333333333334 0.15494791666666666 0.026041666666666668 0.0234375
1 0.5559895833333334 0.578125 0.020833333333333332 0.026041666666666668
1 0.4296875 0.52734375 0.026041666666666668 0.010416666666666666
1 0.45703125 0.5338541666666666 0.028645833333333332 0.026041666666666668
1 0.5911458333333334 0.1953125 0.020833333333333332 0.0234375
1 0.5169270833333334 0.23828125 0.0234375 0.0234375
1 0.5338541666666666 0.2109375 0.028645833333333332 0.015625
1 0.5768229166666666 0.2565104166666667 0.026041666666666668 0.026041666666666668
1 0.6484375 0.30078125 0.026041666666666668 0.010416666666666666
1 0.609375 0.265625 0.028645833333333332 0.010416666666666666
1 0.5885416666666666 0.3372395833333333 0.010416666666666666 0.026041666666666668
1 0.7565104166666666 0.4140625 0.015625 0.020833333333333332
1 0.6328125 0.5143229166666666 0.033854166666666664 0.015625
1 0.5625 0.5026041666666666 0.020833333333333332 0.020833333333333332
1 0.6158854166666666 0.40625 0.033854166666666664 0.020833333333333332
1 0.5520833333333334 0.4401041666666667 0.026041666666666668 0.010416666666666666
1 0.51953125 0.3502604166666667 0.0234375 0.020833333333333332
1 0.4635416666666667 0.4375 0.020833333333333332 0.020833333333333332
1 0.48046875 0.4921875 0.03125 0.010416666666666666
1 0.4453125 0.5104166666666666 0.03125 0.015625
1 0.484375 0.7083333333333334 0.0234375 0.018229166666666668
1 0.4388020833333333 0.64453125 0.036458333333333336 0.010416666666666666
1 0.26171875 0.359375 0.028645833333333332 0.020833333333333332
1 0.3033854166666667 0.35546875 0.041666666666666664 0.015625
1 0.6484375 0.5729166666666666 0.036458333333333336 0.015625
1 0.4752604166666667 0.55859375 0.036458333333333336 0.013020833333333334
1 0.6106770833333334 0.22395833333333334 0.033854166666666664 0.020833333333333332
1 0.5 0.23567708333333334 0.03125 0.015625
1 0.5130208333333334 0.20963541666666666 0.020833333333333332 0.0234375
1 0.5768229166666666 0.3046875 0.010416666666666666 0.0234375
1 0.6484375 0.5208333333333334 0.03125 0.010416666666666666
1 0.5625 0.5325520833333334 0.026041666666666668 0.020833333333333332
1 0.6276041666666666 0.4192708333333333 0.026041666666666668 0.015625
1 0.5794270833333334 0.4140625 0.026041666666666668 0.020833333333333332
1 0.5247395833333334 0.3255208333333333 0.020833333333333332 0.026041666666666668
1 0.5234375 0.3841145833333333 0.015625 0.026041666666666668
1 0.4934895833333333 0.4010416666666667 0.03125 0.015625
1 0.4153645833333333 0.4583333333333333 0.0234375 0.020833333333333332
1 0.4596354166666667 0.4856770833333333 0.015625 0.020833333333333332
1 0.4700520833333333 0.5182291666666666 0.020833333333333332 0.010416666666666666
1 0.53125 0.19791666666666666 0.03125 0.026041666666666668