1 0.8033854166666666 0.46484375 0.0625 0.046875
1 0.22005208333333334 0.6901041666666666 0.049479166666666664 0.026041666666666668
1 0.56640625 0.6888020833333334 0.06510416666666667 0.044270833333333336
1 0.23958333333333334 0.7760416666666666 0.026041666666666668 0.03125
1 0.6875 0.625 0.033854166666666664 0.020833333333333332
1 0.3307291666666667 0.640625 0.057291666666666664 0.044270833333333336
1 0.7174479166666666 0.515625 0.057291666666666664 0.052083333333333336
1 0.6731770833333334 0.34375 0.036458333333333336 0.044270833333333336
1 0.5364583333333334 0.5208333333333334 0.052083333333333336 0.033854166666666664
1 0.5455729166666666 0.453125 0.033854166666666664 0.0390625
1 0.4088541666666667 0.6940104166666666 0.057291666666666664 0.033854166666666664
1 0.609375 0.5325520833333334 0.03125 0.041666666666666664
1 0.78125 0.61328125 0.028645833333333332 0.046875
1 0.796875 0.4388020833333333 0.059895833333333336 0.052083333333333336
1 0.8229166666666666 0.4153645833333333 0.036458333333333336 0.0546875
1 0.58984375 0.6341145833333334 0.044270833333333336 0.046875
1 0.6171875 0.6184895833333334 0.052083333333333336 0.036458333333333336
1 0.6692708333333334 0.6354166666666666 0.046875 0.033854166666666664
1 0.69921875 0.6458333333333334 0.026041666666666668 0.033854166666666664
1 0.7552083333333334 0.5872395833333334 0.041666666666666664 0.020833333333333332
1 0.11328125 0.8020833333333334 0.033854166666666664 0.044270833333333336
1 0.2421875 0.7356770833333334 0.033854166666666664 0.046875
1 0.44140625 0.6236979166666666 0.028645833333333332 0.0390625
1 0.22526041666666666 0.7395833333333334 0.0390625 0.0390625
1 0.8502604166666666 0.6067708333333334 0.057291666666666664 0.044270833333333336
1 0.7135416666666666 0.4700520833333333 0.041666666666666664 0.041666666666666664
1 0.6158854166666666 0.69921875 0.036458333333333336 0.0546875
1 0.4479166666666667 0.5690104166666666 0.046875 0.036458333333333336
1 0.5390625 0.625 0.028645833333333332 0.0546875
1 0.3697916666666667 0.640625 0.03125 0.044270833333333336
1 0.3255208333333333 0.37890625 0.03125 0.0390625
1 0.22005208333333334 0.671875 0.052083333333333336 0.036458333333333336
1 0.75390625 0.6419270833333334 0.046875 0.026041666666666668
1 0.67578125 0.7083333333333334 0.0546875 0.026041666666666668
1 0.5807291666666666 0.5325520833333334 0.041666666666666664 0.046875
1 0.6106770833333334 0.4283854166666667 0.049479166666666664 0.026041666666666668
1 0.5364583333333334 0.6471354166666666 0.041666666666666664 0.046875
1 0.4205729166666667 0.5403645833333334 0.0546875 0.044270833333333336
1 0.765625 0.6549479166666666 0.049479166666666664 0.044270833333333336
1 0.58984375 0.671875 0.044270833333333336 0.0234375
1 0.6184895833333334 0.4427083333333333 0.046875 0.0234375
1 0.8190104166666666 0.63671875 0.026041666666666668 0.033854166666666664
1 0.73046875 0.6276041666666666 0.0625 0.044270833333333336
1 0.67578125 0.67578125 0.03125 0.046875
1 0.7994791666666666 0.5325520833333334 0.059895833333333336 0.052083333333333336
1 0.55859375 0.74609375 0.049479166666666664 0.057291666666666664
1 0.4557291666666667 0.7708333333333334 0.044270833333333336 0.036458333333333336
1 0.6067708333333334 0.4557291666666667 0.052083333333333336 0.026041666666666668
1 0.4401041666666667 0.5325520833333334 0.020833333333333332 0.033854166666666664
1 0.59765625 0.58984375 0.049479166666666664 0.052083333333333336
1 0.66015625 0.66015625 0.033854166666666664 0.0390625
1 0.59375 0.4088541666666667 0.044270833333333336 0.041666666666666664
1 0.08333333333333333 0.4453125 0.026041666666666668 0.03125
1 0.14453125 0.3138020833333333 0.033854166666666664 0.033854166666666664
1 0.6276041666666666 0.6510416666666666 0.044270833333333336 0.028645833333333332
1 0.5911458333333334 0.65625 0.046875 0.0234375
1 0.4375 0.55078125 0.026041666666666668 0.026041666666666668
1 0.08072916666666667 0.48828125 0.0234375 0.028645833333333332
1 0.06510416666666667 0.31640625 0.0234375 0.033854166666666664
1 0.5234375 0.6979166666666666 0.044270833333333336 0.0625
1 0.08463541666666667 0.50390625 0.026041666666666668 0.0390625
1 0.10546875 0.4596354166666667 0.052083333333333336 0.028645833333333332
1 0.20833333333333334 0.12630208333333334 0.041666666666666664 0.03125
1 0.4583333333333333 0.54296875 0.036458333333333336 0.018229166666666668
1 0.10026041666666667 0.6393229166666666 0.020833333333333332 0.036458333333333336
1 0.09244791666666667 0.5403645833333334 0.028645833333333332 0.0390625
1 0.07421875 0.4153645833333333 0.018229166666666668 0.028645833333333332
1 0.048177083333333336 0.125 0.028645833333333332 0.0390625
1 0.10026041666666667 0.7005208333333334 0.026041666666666668 0.0234375