1 0.4453125 0.5625 0.028645833333333332 0.015625
1 0.55859375 0.6302083333333334 0.03125 0.015625
1 0.4361979166666667 0.62109375 0.028645833333333332 0.028645833333333332
1 0.5104166666666666 0.7109375 0.0234375 0.013020833333333334
1 0.54296875 0.6497395833333334 0.018229166666666668 0.018229166666666668
1 0.3984375 0.6080729166666666 0.013020833333333334 0.018229166666666668
1 0.3958333333333333 0.7096354166666666 0.03125 0.020833333333333332
1 0.34765625 0.5872395833333334 0.018229166666666668 0.018229166666666668
1 0.2942708333333333 0.6171875 0.020833333333333332 0.020833333333333332
1 0.3763020833333333 0.50390625 0.028645833333333332 0.018229166666666668
1 0.46875 0.56640625 0.020833333333333332 0.018229166666666668
1 0.3151041666666667 0.6263020833333334 0.026041666666666668 0.018229166666666668
1 0.5794270833333334 0.6380208333333334 0.015625 0.015625
1 0.38671875 0.6041666666666666 0.020833333333333332 0.018229166666666668
1 0.390625 0.5052083333333334 0.020833333333333332 0.018229166666666668
1 0.5416666666666666 0.6354166666666666 0.015625 0.015625
1 0.4765625 0.66796875 0.026041666666666668 0.015625
1 0.2565104166666667 0.5130208333333334 0.026041666666666668 0.010416666666666666
1 0.2838541666666667 0.4466145833333333 0.013020833333333334 0.013020833333333334
1 0.5729166666666666 0.6744791666666666 0.033854166666666664 0.018229166666666668
1 0.7486979166666666 0.8372395833333334 0.015625 0.015625
1 0.6171875 0.6979166666666666 0.0234375 0.020833333333333332