1 0.4283854166666667 0.22395833333333334 0.03125 0.07552083333333333
1 0.5221354166666666 0.18880208333333334 0.0546875 0.057291666666666664
1 0.5416666666666666 0.50390625 0.041666666666666664 0.0390625
1 0.4544270833333333 0.4674479166666667 0.049479166666666664 0.03125
1 0.46875 0.6744791666666666 0.0546875 0.0390625
1 0.65234375 0.6653645833333334 0.03125 0.044270833333333336
1 0.6171875 0.33203125 0.033854166666666664 0.08072916666666667
1 0.3541666666666667 0.3151041666666667 0.03125 0.0625
1 0.4375 0.2916666666666667 0.046875 0.059895833333333336
1 0.53125 0.55859375 0.057291666666666664 0.041666666666666664
1 0.6927083333333334 0.6627604166666666 0.057291666666666664 0.041666666666666664
1 0.3151041666666667 0.4153645833333333 0.057291666666666664 0.057291666666666664
1 0.24479166666666666 0.2630208333333333 0.0390625 0.041666666666666664
1 0.17317708333333334 0.66015625 0.049479166666666664 0.0390625
1 0.4765625 0.3645833333333333 0.044270833333333336 0.059895833333333336
1 0.6315104166666666 0.2526041666666667 0.033854166666666664 0.09635416666666667
1 0.6341145833333334 0.7044270833333334 0.046875 0.052083333333333336
1 0.7291666666666666 0.6627604166666666 0.03125 0.07552083333333333
1 0.6770833333333334 0.6901041666666666 0.0390625 0.026041666666666668
1 0.375 0.6705729166666666 0.049479166666666664 0.046875
1 0.3489583333333333 0.21614583333333334 0.057291666666666664 0.041666666666666664
1 0.5911458333333334 0.41796875 0.049479166666666664 0.0234375
1 0.2981770833333333 0.7096354166666666 0.0234375 0.0546875
1 0.2526041666666667 0.41796875 0.0625 0.041666666666666664
1 0.10026041666666667 0.6549479166666666 0.052083333333333336 0.044270833333333336
1 0.3893229166666667 0.3072916666666667 0.046875 0.0390625
1 0.3802083333333333 0.4934895833333333 0.044270833333333336 0.028645833333333332
1 0.7174479166666666 0.18359375 0.028645833333333332 0.0703125
1 0.4075520833333333 0.4361979166666667 0.049479166666666664 0.049479166666666664
1 0.5091145833333334 0.7213541666666666 0.044270833333333336 0.028645833333333332
1 0.52734375 0.5872395833333334 0.041666666666666664 0.044270833333333336
1 0.41796875 0.4674479166666667 0.044270833333333336 0.06770833333333333
1 0.7447916666666666 0.20442708333333334 0.052083333333333336 0.07291666666666667
1 0.6354166666666666 0.47265625 0.052083333333333336 0.052083333333333336
1 0.77734375 0.4440104166666667 0.0234375 0.0703125
1 0.7877604166666666 0.3138020833333333 0.0390625 0.0625
1 0.4609375 0.6158854166666666 0.036458333333333336 0.08072916666666667
1 0.28515625 0.5377604166666666 0.057291666666666664 0.044270833333333336
1 0.7786458333333334 0.53515625 0.026041666666666668 0.015625
1 0.3294270833333333 0.6263020833333334 0.041666666666666664 0.044270833333333336
1 0.4270833333333333 0.625 0.041666666666666664 0.028645833333333332
1 0.17838541666666666 0.61328125 0.046875 0.0703125
1 0.3958333333333333 0.69921875 0.028645833333333332 0.059895833333333336
1 0.4166666666666667 0.6458333333333334 0.0546875 0.028645833333333332
1 0.6015625 0.2747395833333333 0.0390625 0.059895833333333336
1 0.375 0.578125 0.0546875 0.0390625
1 0.8268229166666666 0.3489583333333333 0.06770833333333333 0.0546875
1 0.28515625 0.6067708333333334 0.059895833333333336 0.033854166666666664
1 0.6653645833333334 0.2799479166666667 0.020833333333333332 0.049479166666666664
1 0.75 0.4791666666666667 0.046875 0.041666666666666664
1 0.47265625 0.5442708333333334 0.044270833333333336 0.059895833333333336
1 0.3255208333333333 0.44921875 0.0546875 0.0703125
1 0.21223958333333334 0.4518229166666667 0.0234375 0.07291666666666667
1 0.1484375 0.6341145833333334 0.049479166666666664 0.036458333333333336
1 0.7434895833333334 0.6588541666666666 0.028645833333333332 0.06510416666666667
1 0.5390625 0.7005208333333334 0.059895833333333336 0.041666666666666664
1 0.4388020833333333 0.7174479166666666 0.041666666666666664 0.046875
1 0.546875 0.22005208333333334 0.044270833333333336 0.046875
1 0.7265625 0.5364583333333334 0.0390625 0.09114583333333333
1 0.30859375 0.3059895833333333 0.036458333333333336 0.057291666666666664
1 0.4192708333333333 0.5638020833333334 0.044270833333333336 0.059895833333333336
1 0.2708333333333333 0.7317708333333334 0.046875 0.036458333333333336
1 0.7591145833333334 0.5598958333333334 0.044270833333333336 0.0546875
1 0.7890625 0.23828125 0.0390625 0.078125
1 0.5442708333333334 0.33203125 0.036458333333333336 0.049479166666666664
1 0.13411458333333334 0.6927083333333334 0.044270833333333336 0.044270833333333336
1 0.7643229166666666 0.35546875 0.046875 0.06770833333333333
1 0.58203125 0.28515625 0.052083333333333336 0.041666666666666664
1 0.41796875 0.2955729166666667 0.049479166666666664 0.052083333333333336
1 0.3450520833333333 0.7057291666666666 0.028645833333333332 0.07291666666666667
1 0.7083333333333334 0.54296875 0.026041666666666668 0.08072916666666667
1 0.4674479166666667 0.7239583333333334 0.033854166666666664 0.020833333333333332
1 0.6380208333333334 0.5833333333333334 0.049479166666666664 0.046875
1 0.4674479166666667 0.7044270833333334 0.057291666666666664 0.033854166666666664
1 0.5807291666666666 0.5481770833333334 0.052083333333333336 0.049479166666666664
1 0.5364583333333334 0.2708333333333333 0.026041666666666668 0.078125
1 0.3255208333333333 0.6861979166666666 0.036458333333333336 0.0625
1 0.6328125 0.4322916666666667 0.041666666666666664 0.044270833333333336
1 0.7513020833333334 0.57421875 0.046875 0.049479166666666664
1 0.7565104166666666 0.5234375 0.033854166666666664 0.046875
1 0.43359375 0.5260416666666666 0.049479166666666664 0.041666666666666664
1 0.265625 0.25390625 0.0234375 0.06770833333333333
1 0.14973958333333334 0.6848958333333334 0.046875 0.033854166666666664
1 0.12630208333333334 0.515625 0.033854166666666664 0.033854166666666664
1 0.66796875 0.71484375 0.049479166666666664 0.028645833333333332
1 0.2825520833333333 0.25 0.026041666666666668 0.06510416666666667
1 0.6458333333333334 0.19791666666666666 0.08072916666666667 0.049479166666666664
1 0.3098958333333333 0.5768229166666666 0.046875 0.0625
1 0.6184895833333334 0.2591145833333333 0.03125 0.06770833333333333
1 0.578125 0.46484375 0.046875 0.0546875
1 0.5104166666666666 0.14583333333333334 0.044270833333333336 0.044270833333333336
1 0.4830729166666667 0.3229166666666667 0.059895833333333336 0.026041666666666668
1 0.4453125 0.21744791666666666 0.0234375 0.0625
1 0.7330729166666666 0.5572916666666666 0.033854166666666664 0.044270833333333336
1 0.6380208333333334 0.6263020833333334 0.049479166666666664 0.044270833333333336
1 0.4947916666666667 0.17838541666666666 0.0390625 0.059895833333333336
1 0.3528645833333333 0.6484375 0.03125 0.06510416666666667
1 0.58203125 0.3229166666666667 0.046875 0.041666666666666664
1 0.3802083333333333 0.3671875 0.041666666666666664 0.08072916666666667
1 0.7760416666666666 0.3684895833333333 0.052083333333333336 0.036458333333333336
1 0.3684895833333333 0.5364583333333334 0.026041666666666668 0.06770833333333333
1 0.6197916666666666 0.4921875 0.049479166666666664 0.033854166666666664
1 0.765625 0.4075520833333333 0.041666666666666664 0.0625
1 0.3619791666666667 0.61328125 0.044270833333333336 0.06510416666666667
1 0.4322916666666667 0.6744791666666666 0.03125 0.059895833333333336
1 0.3919270833333333 0.5325520833333334 0.033854166666666664 0.06770833333333333
1 0.6263020833333334 0.6692708333333334 0.028645833333333332 0.07552083333333333
1 0.41796875 0.7239583333333334 0.044270833333333336 0.0703125
1 0.3333333333333333 0.7513020833333334 0.046875 0.0859375
1 0.5963541666666666 0.71875 0.0546875 0.0546875
1 0.3411458333333333 0.5325520833333334 0.044270833333333336 0.0859375
1 0.3723958333333333 0.71484375 0.0390625 0.0859375
1 0.22005208333333334 0.6809895833333334 0.0546875 0.08072916666666667