1 0.59375 0.3645833333333333 0.033854166666666664 0.0234375
1 0.5065104166666666 0.3984375 0.0234375 0.028645833333333332
1 0.5481770833333334 0.42578125 0.026041666666666668 0.0234375
1 0.66796875 0.4674479166666667 0.033854166666666664 0.026041666666666668
1 0.58203125 0.59375 0.028645833333333332 0.03125
1 0.4674479166666667 0.4361979166666667 0.036458333333333336 0.026041666666666668
1 0.4192708333333333 0.4322916666666667 0.028645833333333332 0.020833333333333332
1 0.296875 0.5611979166666666 0.033854166666666664 0.028645833333333332
1 0.4309895833333333 0.3606770833333333 0.03125 0.028645833333333332
1 0.4674479166666667 0.4466145833333333 0.026041666666666668 0.026041666666666668
1 0.24088541666666666 0.69140625 0.028645833333333332 0.033854166666666664
1 0.3033854166666667 0.6666666666666666 0.026041666666666668 0.03125
1 0.30859375 0.5546875 0.0390625 0.028645833333333332
1 0.2721354166666667 0.5572916666666666 0.033854166666666664 0.0234375
1 0.3059895833333333 0.4401041666666667 0.018229166666666668 0.020833333333333332
1 0.6536458333333334 0.4713541666666667 0.033854166666666664 0.0234375
1 0.59375 0.5611979166666666 0.028645833333333332 0.03125
1 0.5572916666666666 0.65625 0.0234375 0.028645833333333332
1 0.5377604166666666 0.6393229166666666 0.03125 0.028645833333333332
1 0.29296875 0.4244791666666667 0.033854166666666664 0.0234375
1 0.32421875 0.5481770833333334 0.03125 0.03125
1 0.2786458333333333 0.6041666666666666 0.036458333333333336 0.0234375
1 0.3541666666666667 0.63671875 0.0234375 0.026041666666666668
1 0.6471354166666666 0.4947916666666667 0.020833333333333332 0.020833333333333332
1 0.6263020833333334 0.4557291666666667 0.033854166666666664 0.03125
1 0.546875 0.5338541666666666 0.033854166666666664 0.028645833333333332
1 0.56640625 0.7174479166666666 0.0390625 0.03125
1 0.421875 0.7825520833333334 0.033854166666666664 0.036458333333333336
1 0.5598958333333334 0.4752604166666667 0.0234375 0.026041666666666668
1 0.4791666666666667 0.4270833333333333 0.033854166666666664 0.0234375
1 0.5859375 0.6666666666666666 0.028645833333333332 0.026041666666666668
1 0.5234375 0.7005208333333334 0.033854166666666664 0.026041666666666668
1 0.3072916666666667 0.6809895833333334 0.0390625 0.028645833333333332
1 0.359375 0.6276041666666666 0.026041666666666668 0.028645833333333332
1 0.5716145833333334 0.3567708333333333 0.036458333333333336 0.028645833333333332
1 0.5690104166666666 0.5572916666666666 0.03125 0.026041666666666668
1 0.5442708333333334 0.4635416666666667 0.0234375 0.028645833333333332
1 0.4153645833333333 0.3802083333333333 0.033854166666666664 0.0234375
1 0.4375 0.4596354166666667 0.033854166666666664 0.028645833333333332
1 0.2994791666666667 0.4296875 0.020833333333333332 0.026041666666666668
1 0.3190104166666667 0.4895833333333333 0.03125 0.028645833333333332
1 0.4153645833333333 0.31640625 0.0390625 0.028645833333333332
1 0.5325520833333334 0.3606770833333333 0.026041666666666668 0.028645833333333332
1 0.5625 0.421875 0.036458333333333336 0.0234375
1 0.6067708333333334 0.5208333333333334 0.033854166666666664 0.0234375
1 0.5677083333333334 0.5703125 0.028645833333333332 0.026041666666666668
1 0.5729166666666666 0.4674479166666667 0.026041666666666668 0.026041666666666668
1 0.4244791666666667 0.41015625 0.033854166666666664 0.026041666666666668
1 0.3450520833333333 0.4375 0.033854166666666664 0.03125
1 0.2877604166666667 0.5143229166666666 0.026041666666666668 0.03125
1 0.21614583333333334 0.62109375 0.03125 0.028645833333333332
1 0.3294270833333333 0.58203125 0.028645833333333332 0.026041666666666668
1 0.6041666666666666 0.53515625 0.026041666666666668 0.018229166666666668
1 0.53125 0.37890625 0.026041666666666668 0.0234375
1 0.50390625 0.3880208333333333 0.03125 0.03125
1 0.6197916666666666 0.51171875 0.028645833333333332 0.033854166666666664
1 0.6028645833333334 0.59375 0.028645833333333332 0.03125
1 0.4075520833333333 0.49609375 0.033854166666666664 0.026041666666666668
1 0.58203125 0.4505208333333333 0.0390625 0.026041666666666668
1 0.390625 0.4088541666666667 0.033854166666666664 0.028645833333333332
1 0.3723958333333333 0.46484375 0.0390625 0.036458333333333336
1 0.20572916666666666 0.56640625 0.033854166666666664 0.033854166666666664
1 0.3736979166666667 0.5794270833333334 0.0234375 0.026041666666666668
1 0.3203125 0.5950520833333334 0.0390625 0.033854166666666664
1 0.3450520833333333 0.6236979166666666 0.036458333333333336 0.028645833333333332
1 0.3333333333333333 0.65234375 0.0390625 0.03125
1 0.46484375 0.5885416666666666 0.0234375 0.0234375
1 0.6549479166666666 0.3515625 0.033854166666666664 0.0234375
1 0.6692708333333334 0.6458333333333334 0.0390625 0.03125
1 0.4791666666666667 0.8528645833333334 0.041666666666666664 0.028645833333333332
1 0.4869791666666667 0.4440104166666667 0.028645833333333332 0.0234375
1 0.3658854166666667 0.3971354166666667 0.0390625 0.028645833333333332
1 0.3515625 0.5533854166666666 0.036458333333333336 0.033854166666666664
1 0.3190104166666667 0.5703125 0.033854166666666664 0.020833333333333332
1 0.2526041666666667 0.6015625 0.0390625 0.026041666666666668
1 0.3463541666666667 0.6549479166666666 0.028645833333333332 0.03125
1 0.6341145833333334 0.50390625 0.026041666666666668 0.026041666666666668