1 0.4518229166666667 0.59765625 0.03125 0.0390625
1 0.5234375 0.5403645833333334 0.028645833333333332 0.033854166666666664
1 0.4296875 0.4856770833333333 0.026041666666666668 0.033854166666666664
1 0.37890625 0.4908854166666667 0.020833333333333332 0.036458333333333336
1 0.42578125 0.6770833333333334 0.020833333333333332 0.026041666666666668
1 0.49609375 0.6692708333333334 0.018229166666666668 0.03125
1 0.5546875 0.5546875 0.028645833333333332 0.018229166666666668
1 0.46484375 0.7161458333333334 0.03125 0.049479166666666664
1 0.4505208333333333 0.5143229166666666 0.028645833333333332 0.036458333333333336
1 0.4583333333333333 0.4986979166666667 0.0234375 0.03125
1 0.359375 0.4869791666666667 0.044270833333333336 0.044270833333333336
1 0.4231770833333333 0.640625 0.03125 0.028645833333333332
1 0.5338541666666666 0.546875 0.028645833333333332 0.028645833333333332
1 0.3919270833333333 0.5364583333333334 0.020833333333333332 0.036458333333333336
1 0.3346354166666667 0.48828125 0.033854166666666664 0.044270833333333336
1 0.390625 0.4427083333333333 0.026041666666666668 0.036458333333333336
1 0.5403645833333334 0.5299479166666666 0.0234375 0.020833333333333332
1 0.3645833333333333 0.4453125 0.026041666666666668 0.020833333333333332
1 0.421875 0.66015625 0.036458333333333336 0.026041666666666668
1 0.41796875 0.46875 0.03125 0.033854166666666664
1 0.5403645833333334 0.4661458333333333 0.03125 0.026041666666666668
1 0.609375 0.578125 0.033854166666666664 0.044270833333333336
1 0.5247395833333334 0.62890625 0.041666666666666664 0.052083333333333336
1 0.3815104166666667 0.5052083333333334 0.026041666666666668 0.0390625
1 0.4791666666666667 0.7057291666666666 0.026041666666666668 0.052083333333333336
1 0.421875 0.5520833333333334 0.020833333333333332 0.0390625
1 0.3671875 0.4049479166666667 0.033854166666666664 0.036458333333333336
1 0.4778645833333333 0.5807291666666666 0.036458333333333336 0.044270833333333336
1 0.4518229166666667 0.5859375 0.026041666666666668 0.036458333333333336
1 0.4739583333333333 0.4713541666666667 0.033854166666666664 0.026041666666666668
1 0.5572916666666666 0.61328125 0.044270833333333336 0.044270833333333336
1 0.4244791666666667 0.58203125 0.026041666666666668 0.044270833333333336
1 0.5520833333333334 0.6419270833333334 0.036458333333333336 0.044270833333333336
1 0.4713541666666667 0.4895833333333333 0.036458333333333336 0.028645833333333332
1 0.4544270833333333 0.6979166666666666 0.026041666666666668 0.033854166666666664
1 0.5130208333333334 0.390625 0.03125 0.0390625
1 0.3828125 0.58203125 0.0390625 0.044270833333333336
1 0.4088541666666667 0.6106770833333334 0.03125 0.033854166666666664
1 0.48046875 0.5091145833333334 0.0390625 0.03125
1 0.5455729166666666 0.4505208333333333 0.0390625 0.03125
1 0.53125 0.5859375 0.044270833333333336 0.041666666666666664
1 0.52734375 0.4791666666666667 0.033854166666666664 0.020833333333333332
1 0.48046875 0.6744791666666666 0.03125 0.049479166666666664
1 0.4088541666666667 0.4908854166666667 0.03125 0.044270833333333336
1 0.4375 0.7252604166666666 0.033854166666666664 0.028645833333333332
1 0.34765625 0.4622395833333333 0.028645833333333332 0.026041666666666668
1 0.5442708333333334 0.5182291666666666 0.018229166666666668 0.020833333333333332
1 0.43359375 0.69921875 0.028645833333333332 0.041666666666666664
1 0.5065104166666666 0.57421875 0.028645833333333332 0.041666666666666664
1 0.5846354166666666 0.4518229166666667 0.036458333333333336 0.033854166666666664
1 0.3619791666666667 0.5390625 0.03125 0.0234375
1 0.51171875 0.6171875 0.0234375 0.033854166666666664
1 0.46875 0.5611979166666666 0.026041666666666668 0.033854166666666664
1 0.5299479166666666 0.5104166666666666 0.028645833333333332 0.03125
1 0.5872395833333334 0.546875 0.036458333333333336 0.03125
1 0.4700520833333333 0.4075520833333333 0.033854166666666664 0.052083333333333336
1 0.4479166666666667 0.4635416666666667 0.03125 0.03125
1 0.578125 0.5859375 0.028645833333333332 0.0390625
1 0.5442708333333334 0.5026041666666666 0.026041666666666668 0.0390625
1 0.3971354166666667 0.4895833333333333 0.028645833333333332 0.044270833333333336
1 0.4231770833333333 0.4427083333333333 0.0390625 0.044270833333333336
1 0.5703125 0.5729166666666666 0.026041666666666668 0.018229166666666668
1 0.3606770833333333 0.4752604166666667 0.028645833333333332 0.026041666666666668
1 0.56640625 0.5247395833333334 0.028645833333333332 0.0390625
1 0.5078125 0.5247395833333334 0.03125 0.044270833333333336
1 0.2955729166666667 0.5924479166666666 0.028645833333333332 0.020833333333333332
1 0.4739583333333333 0.6302083333333334 0.03125 0.052083333333333336
1 0.5013020833333334 0.51953125 0.026041666666666668 0.0234375
1 0.453125 0.54296875 0.020833333333333332 0.036458333333333336
1 0.4921875 0.6497395833333334 0.0234375 0.013020833333333334
1 0.4166666666666667 0.6966145833333334 0.026041666666666668 0.036458333333333336
1 0.4036458333333333 0.5546875 0.018229166666666668 0.033854166666666664
1 0.4635416666666667 0.53125 0.015625 0.028645833333333332
1 0.37109375 0.4622395833333333 0.036458333333333336 0.0234375
1 0.5833333333333334 0.5651041666666666 0.033854166666666664 0.0234375
1 0.3658854166666667 0.5208333333333334 0.0390625 0.036458333333333336
1 0.4596354166666667 0.7408854166666666 0.0234375 0.03125
1 0.4401041666666667 0.4869791666666667 0.036458333333333336 0.046875
1 0.4908854166666667 0.5559895833333334 0.028645833333333332 0.03125
1 0.4244791666666667 0.2682291666666667 0.028645833333333332 0.041666666666666664
1 0.4036458333333333 0.53515625 0.03125 0.057291666666666664
1 0.5625 0.4765625 0.0234375 0.026041666666666668
1 0.46484375 0.6158854166666666 0.036458333333333336 0.049479166666666664