1 0.5768229166666666 0.5182291666666666 0.0390625 0.028645833333333332
1 0.4166666666666667 0.6015625 0.026041666666666668 0.0625
1 0.55078125 0.7786458333333334 0.041666666666666664 0.044270833333333336
1 0.328125 0.86328125 0.028645833333333332 0.059895833333333336
1 0.5533854166666666 0.7200520833333334 0.041666666666666664 0.033854166666666664
1 0.5052083333333334 0.6510416666666666 0.041666666666666664 0.07291666666666667
1 0.6276041666666666 0.515625 0.03125 0.041666666666666664
1 0.5520833333333334 0.40234375 0.052083333333333336 0.0390625
1 0.5716145833333334 0.7317708333333334 0.044270833333333336 0.0703125
1 0.5455729166666666 0.3216145833333333 0.036458333333333336 0.057291666666666664
1 0.4791666666666667 0.76953125 0.028645833333333332 0.059895833333333336
1 0.5546875 0.5 0.046875 0.028645833333333332
1 0.6158854166666666 0.6197916666666666 0.041666666666666664 0.026041666666666668
1 0.6419270833333334 0.6875 0.028645833333333332 0.0390625
1 0.41796875 0.5013020833333334 0.03125 0.059895833333333336
1 0.4622395833333333 0.7317708333333334 0.052083333333333336 0.0234375
1 0.6223958333333334 0.5 0.036458333333333336 0.036458333333333336
1 0.6809895833333334 0.71484375 0.0234375 0.0625
1 0.47265625 0.8111979166666666 0.041666666666666664 0.0234375
1 0.3502604166666667 0.5651041666666666 0.044270833333333336 0.036458333333333336
1 0.2721354166666667 0.6614583333333334 0.0390625 0.046875
1 0.5455729166666666 0.7395833333333334 0.020833333333333332 0.03125
1 0.6432291666666666 0.5572916666666666 0.041666666666666664 0.036458333333333336
1 0.3294270833333333 0.74609375 0.028645833333333332 0.041666666666666664
1 0.24479166666666666 0.7356770833333334 0.046875 0.036458333333333336
1 0.3971354166666667 0.60546875 0.033854166666666664 0.0625
1 0.4348958333333333 0.7682291666666666 0.018229166666666668 0.0546875
1 0.4713541666666667 0.6614583333333334 0.028645833333333332 0.052083333333333336
1 0.4973958333333333 0.6809895833333334 0.0390625 0.03125
1 0.6536458333333334 0.5208333333333334 0.026041666666666668 0.0546875
1 0.28515625 0.5872395833333334 0.0390625 0.036458333333333336
1 0.6158854166666666 0.6822916666666666 0.044270833333333336 0.046875
1 0.3671875 0.5911458333333334 0.057291666666666664 0.046875
1 0.28125 0.68359375 0.03125 0.078125
1 0.4244791666666667 0.6640625 0.046875 0.052083333333333336
1 0.3138020833333333 0.5768229166666666 0.03125 0.044270833333333336
1 0.4479166666666667 0.64453125 0.018229166666666668 0.059895833333333336
1 0.38671875 0.796875 0.036458333333333336 0.046875
1 0.6497395833333334 0.6575520833333334 0.0390625 0.028645833333333332
1 0.64453125 0.8658854166666666 0.03125 0.052083333333333336
1 0.44921875 0.83203125 0.046875 0.028645833333333332
1 0.24739583333333334 0.6770833333333334 0.036458333333333336 0.0703125
1 0.3216145833333333 0.5299479166666666 0.044270833333333336 0.041666666666666664
1 0.34765625 0.73828125 0.028645833333333332 0.057291666666666664
1 0.2864583333333333 0.5768229166666666 0.028645833333333332 0.028645833333333332
1 0.4921875 0.3268229166666667 0.03125 0.0546875
1 0.58984375 0.4908854166666667 0.0390625 0.036458333333333336
1 0.33203125 0.5924479166666666 0.0234375 0.06510416666666667
1 0.63671875 0.6458333333333334 0.0390625 0.018229166666666668
1 0.5989583333333334 0.4778645833333333 0.036458333333333336 0.044270833333333336
1 0.45703125 0.7734375 0.03125 0.057291666666666664
1 0.5104166666666666 0.77734375 0.046875 0.06770833333333333
1 0.33203125 0.7760416666666666 0.020833333333333332 0.049479166666666664
1 0.2721354166666667 0.6080729166666666 0.049479166666666664 0.0390625
1 0.30859375 0.8138020833333334 0.046875 0.0703125
1 0.3919270833333333 0.6393229166666666 0.03125 0.057291666666666664
1 0.6640625 0.7565104166666666 0.033854166666666664 0.044270833333333336
1 0.6549479166666666 0.72265625 0.028645833333333332 0.0546875
1 0.5325520833333334 0.4778645833333333 0.044270833333333336 0.0390625
1 0.4140625 0.7799479166666666 0.03125 0.0625
1 0.30859375 0.7434895833333334 0.033854166666666664 0.046875
1 0.6328125 0.6171875 0.041666666666666664 0.049479166666666664
1 0.4921875 0.6380208333333334 0.044270833333333336 0.078125
1 0.4296875 0.7994791666666666 0.0390625 0.052083333333333336
1 0.66015625 0.6015625 0.028645833333333332 0.057291666666666664
1 0.30859375 0.7161458333333334 0.0625 0.0390625
1 0.3658854166666667 0.6432291666666666 0.03125 0.059895833333333336