1 0.4934895833333333 0.484375 0.049479166666666664 0.07552083333333333
1 0.4934895833333333 0.3450520833333333 0.08333333333333333 0.052083333333333336
1 0.5286458333333334 0.4322916666666667 0.044270833333333336 0.09895833333333333
1 0.4973958333333333 0.37890625 0.0703125 0.028645833333333332
1 0.4557291666666667 0.4192708333333333 0.059895833333333336 0.0625
1 0.4127604166666667 0.421875 0.10416666666666667 0.09375
1 0.421875 0.4778645833333333 0.0703125 0.1328125
1 0.6184895833333334 0.5729166666666666 0.078125 0.059895833333333336
1 0.6197916666666666 0.5208333333333334 0.09375 0.09114583333333333
1 0.515625 0.59375 0.08333333333333333 0.08072916666666667
1 0.5247395833333334 0.5572916666666666 0.0859375 0.0859375
1 0.54296875 0.5104166666666666 0.052083333333333336 0.09375
1 0.609375 0.4869791666666667 0.0625 0.08333333333333333
1 0.5690104166666666 0.41015625 0.08333333333333333 0.0859375
1 0.56640625 0.6419270833333334 0.0546875 0.10677083333333333
1 0.515625 0.4622395833333333 0.028645833333333332 0.09114583333333333
1 0.578125 0.4921875 0.036458333333333336 0.09635416666666667
1 0.46484375 0.53125 0.028645833333333332 0.11197916666666667
1 0.4752604166666667 0.5143229166666666 0.026041666666666668 0.09375
1 0.8893229166666666 0.3802083333333333 0.059895833333333336 0.0625
1 0.4453125 0.4544270833333333 0.0703125 0.046875
1 0.5481770833333334 0.4544270833333333 0.041666666666666664 0.11197916666666667