1 0.6419270833333334 0.5572916666666666 0.057291666666666664 0.0546875
1 0.4557291666666667 0.421875 0.057291666666666664 0.0703125
1 0.5768229166666666 0.2864583333333333 0.0625 0.08333333333333333
1 0.7630208333333334 0.4309895833333333 0.06770833333333333 0.06510416666666667
1 0.66796875 0.65234375 0.0625 0.0546875
1 0.3333333333333333 0.8697916666666666 0.057291666666666664 0.07291666666666667
1 0.5611979166666666 0.890625 0.07291666666666667 0.059895833333333336
1 0.45703125 0.37890625 0.057291666666666664 0.059895833333333336
1 0.8111979166666666 0.3802083333333333 0.052083333333333336 0.06770833333333333
1 0.5221354166666666 0.4283854166666667 0.052083333333333336 0.07552083333333333
1 0.6940104166666666 0.82421875 0.059895833333333336 0.057291666666666664
1 0.578125 0.828125 0.049479166666666664 0.07291666666666667
1 0.9114583333333334 0.7213541666666666 0.06510416666666667 0.06770833333333333
1 0.6145833333333334 0.5924479166666666 0.052083333333333336 0.0703125
1 0.3697916666666667 0.4453125 0.049479166666666664 0.0625
1 0.4947916666666667 0.3802083333333333 0.049479166666666664 0.052083333333333336
1 0.7877604166666666 0.6419270833333334 0.08072916666666667 0.07291666666666667
1 0.5143229166666666 0.3385416666666667 0.057291666666666664 0.06770833333333333
1 0.7721354166666666 0.3854166666666667 0.0625 0.06770833333333333
1 0.5846354166666666 0.25 0.052083333333333336 0.052083333333333336
1 0.2786458333333333 0.3541666666666667 0.052083333333333336 0.0703125
1 0.5364583333333334 0.7747395833333334 0.06770833333333333 0.08854166666666667
1 0.4817708333333333 0.8359375 0.057291666666666664 0.0703125
1 0.37890625 0.5130208333333334 0.06510416666666667 0.052083333333333336
1 0.2513020833333333 0.7434895833333334 0.044270833333333336 0.057291666666666664
1 0.13802083333333334 0.8177083333333334 0.0546875 0.078125
1 0.39453125 0.4518229166666667 0.0625 0.057291666666666664
1 0.7721354166666666 0.34375 0.06770833333333333 0.0625