1 0.8736979166666666 0.3776041666666667 0.046875 0.1015625
1 0.2864583333333333 0.3385416666666667 0.0625 0.08072916666666667
1 0.62890625 0.515625 0.049479166666666664 0.12239583333333333
1 0.2760416666666667 0.44140625 0.059895833333333336 0.1171875
1 0.6809895833333334 0.5078125 0.0625 0.078125
1 0.66796875 0.5794270833333334 0.059895833333333336 0.125
1 0.6484375 0.42578125 0.0625 0.0625
1 0.515625 0.2799479166666667 0.046875 0.13541666666666666
1 0.48828125 0.6653645833333334 0.059895833333333336 0.09635416666666667
1 0.6276041666666666 0.6197916666666666 0.057291666666666664 0.13020833333333334
1 0.5533854166666666 0.2838541666666667 0.0390625 0.125
1 0.4401041666666667 0.3802083333333333 0.057291666666666664 0.1484375
1 0.5013020833333334 0.46484375 0.049479166666666664 0.1171875
1 0.5794270833333334 0.5481770833333334 0.0546875 0.06510416666666667