1 0.453125 0.57421875 0.028645833333333332 0.0390625
1 0.5052083333333334 0.44140625 0.041666666666666664 0.033854166666666664
1 0.4075520833333333 0.5104166666666666 0.03125 0.052083333333333336
1 0.4388020833333333 0.5911458333333334 0.0390625 0.0234375
1 0.5 0.4674479166666667 0.046875 0.0234375
1 0.44140625 0.4479166666666667 0.044270833333333336 0.0234375
1 0.484375 0.4973958333333333 0.018229166666666668 0.0390625
1 0.4973958333333333 0.4114583333333333 0.044270833333333336 0.036458333333333336
1 0.5208333333333334 0.4947916666666667 0.049479166666666664 0.0234375
1 0.4778645833333333 0.5625 0.020833333333333332 0.052083333333333336
1 0.4622395833333333 0.6184895833333334 0.0546875 0.041666666666666664
1 0.4244791666666667 0.4661458333333333 0.046875 0.0234375
1 0.4401041666666667 0.5247395833333334 0.0234375 0.057291666666666664
1 0.4583333333333333 0.55078125 0.0234375 0.041666666666666664
1 0.4244791666666667 0.484375 0.026041666666666668 0.026041666666666668
1 0.421875 0.5286458333333334 0.018229166666666668 0.052083333333333336
1 0.4752604166666667 0.4322916666666667 0.036458333333333336 0.033854166666666664
1 0.4661458333333333 0.48828125 0.026041666666666668 0.059895833333333336
1 0.4856770833333333 0.7057291666666666 0.0234375 0.06510416666666667