1 0.4947916666666667 0.3828125 0.0546875 0.0625
1 0.4296875 0.3255208333333333 0.044270833333333336 0.0625
1 0.29296875 0.4322916666666667 0.046875 0.0625
1 0.2903645833333333 0.5989583333333334 0.0625 0.08333333333333333
1 0.359375 0.4622395833333333 0.049479166666666664 0.10416666666666667
1 0.2682291666666667 0.66015625 0.041666666666666664 0.09375
1 0.4388020833333333 0.48046875 0.020833333333333332 0.036458333333333336
1 0.4166666666666667 0.53125 0.06510416666666667 0.08333333333333333
1 0.5677083333333334 0.3580729166666667 0.059895833333333336 0.046875
1 0.3515625 0.7213541666666666 0.06770833333333333 0.09895833333333333
1 0.4778645833333333 0.61328125 0.06770833333333333 0.08333333333333333
1 0.4895833333333333 0.4622395833333333 0.10416666666666667 0.078125
1 0.3697916666666667 0.3502604166666667 0.03125 0.07291666666666667
1 0.4401041666666667 0.5807291666666666 0.044270833333333336 0.0859375
1 0.421875 0.4114583333333333 0.041666666666666664 0.044270833333333336
1 0.51953125 0.5286458333333334 0.052083333333333336 0.08333333333333333
1 0.4830729166666667 0.5299479166666666 0.041666666666666664 0.057291666666666664
1 0.3984375 0.3932291666666667 0.020833333333333332 0.03125
1 0.2669270833333333 0.4778645833333333 0.026041666666666668 0.057291666666666664
1 0.3880208333333333 0.4205729166666667 0.018229166666666668 0.06510416666666667