1 0.3580729166666667 0.3515625 0.028645833333333332 0.036458333333333336
1 0.34375 0.33203125 0.028645833333333332 0.036458333333333336
1 0.4010416666666667 0.3828125 0.044270833333333336 0.044270833333333336
1 0.4583333333333333 0.3893229166666667 0.0546875 0.08072916666666667
1 0.5481770833333334 0.4479166666666667 0.046875 0.0859375
1 0.2552083333333333 0.3359375 0.049479166666666664 0.0546875
1 0.5481770833333334 0.515625 0.057291666666666664 0.06510416666666667
1 0.5481770833333334 0.6471354166666666 0.06770833333333333 0.10677083333333333
1 0.2903645833333333 0.4921875 0.046875 0.0390625
1 0.4739583333333333 0.7044270833333334 0.049479166666666664 0.0703125
1 0.4921875 0.6731770833333334 0.044270833333333336 0.06770833333333333