1 0.40234375 0.2786458333333333 0.03125 0.049479166666666664
1 0.2721354166666667 0.2565104166666667 0.036458333333333336 0.049479166666666664
1 0.5338541666666666 0.2708333333333333 0.046875 0.036458333333333336
1 0.5299479166666666 0.3502604166666667 0.046875 0.0546875
1 0.5 0.3125 0.036458333333333336 0.03125
1 0.5442708333333334 0.23697916666666666 0.046875 0.044270833333333336
1 0.27734375 0.3072916666666667 0.036458333333333336 0.0546875
1 0.3515625 0.2877604166666667 0.03125 0.052083333333333336
1 0.4765625 0.032552083333333336 0.044270833333333336 0.0390625
1 0.4791666666666667 0.022135416666666668 0.057291666666666664 0.044270833333333336
1 0.2877604166666667 0.2552083333333333 0.044270833333333336 0.0546875
1 0.37109375 0.3059895833333333 0.03125 0.044270833333333336
1 0.22526041666666666 0.48046875 0.049479166666666664 0.026041666666666668
1 0.37890625 0.24609375 0.044270833333333336 0.041666666666666664
1 0.3684895833333333 0.3645833333333333 0.036458333333333336 0.0546875
1 0.4934895833333333 0.37890625 0.0390625 0.036458333333333336
1 0.3151041666666667 0.24869791666666666 0.041666666666666664 0.044270833333333336
1 0.3059895833333333 0.3255208333333333 0.03125 0.0546875
1 0.3958333333333333 0.30859375 0.028645833333333332 0.057291666666666664
1 0.17447916666666666 0.5221354166666666 0.041666666666666664 0.0390625
1 0.2994791666666667 0.37109375 0.033854166666666664 0.044270833333333336
1 0.46484375 0.24088541666666666 0.046875 0.041666666666666664
1 0.5104166666666666 0.40625 0.026041666666666668 0.041666666666666664
1 0.26171875 0.51171875 0.049479166666666664 0.06770833333333333
1 0.2877604166666667 0.5 0.041666666666666664 0.041666666666666664
1 0.6197916666666666 0.3697916666666667 0.028645833333333332 0.036458333333333336
1 0.578125 0.390625 0.033854166666666664 0.046875
1 0.578125 0.2942708333333333 0.041666666666666664 0.07552083333333333
1 0.19791666666666666 0.52734375 0.028645833333333332 0.036458333333333336
1 0.22005208333333334 0.50390625 0.033854166666666664 0.0390625
1 0.55078125 0.40234375 0.0390625 0.06510416666666667
1 0.2421875 0.24088541666666666 0.046875 0.041666666666666664
1 0.3515625 0.11458333333333333 0.041666666666666664 0.036458333333333336
1 0.3046875 0.4036458333333333 0.052083333333333336 0.036458333333333336
1 0.2565104166666667 0.3723958333333333 0.018229166666666668 0.026041666666666668
1 0.3268229166666667 0.31640625 0.0234375 0.0234375
1 0.4869791666666667 0.328125 0.041666666666666664 0.028645833333333332
1 0.4713541666666667 0.3046875 0.041666666666666664 0.0390625
1 0.3203125 0.2799479166666667 0.036458333333333336 0.046875
1 0.3268229166666667 0.3645833333333333 0.049479166666666664 0.0390625
1 0.59765625 0.3541666666666667 0.026041666666666668 0.0546875
1 0.51171875 0.3671875 0.033854166666666664 0.049479166666666664
1 0.34375 0.14713541666666666 0.026041666666666668 0.0703125
0 0.6002604166666666 0.4700520833333333 0.0859375 0.10677083333333333