0 0.4661458333333333 0.4127604166666667 0.10677083333333333 0.078125
0 0.7486979166666666 0.6627604166666666 0.09375 0.15104166666666666
0 0.28125 0.3294270833333333 0.08072916666666667 0.15885416666666666
0 0.057291666666666664 0.5559895833333334 0.09635416666666667 0.15104166666666666
0 0.18098958333333334 0.4361979166666667 0.11197916666666667 0.09375
0 0.62890625 0.4466145833333333 0.08072916666666667 0.14322916666666666
0 0.5377604166666666 0.6901041666666666 0.15364583333333334 0.16666666666666666
0 0.8606770833333334 0.5559895833333334 0.1171875 0.15104166666666666
0 0.5338541666666666 0.265625 0.0859375 0.1328125
0 0.8489583333333334 0.3190104166666667 0.12760416666666666 0.22135416666666666
0 0.5026041666666666 0.5481770833333334 0.1640625 0.09635416666666667
0 0.2578125 0.7018229166666666 0.13802083333333334 0.1328125
0 0.8802083333333334 0.4830729166666667 0.0625 0.1171875