1 0.5052083333333334 0.39453125 0.03125 0.0234375
1 0.5208333333333334 0.6575520833333334 0.028645833333333332 0.044270833333333336
1 0.5065104166666666 0.4583333333333333 0.026041666666666668 0.036458333333333336
1 0.3463541666666667 0.5651041666666666 0.028645833333333332 0.028645833333333332
1 0.4544270833333333 0.6549479166666666 0.033854166666666664 0.044270833333333336
1 0.4908854166666667 0.7799479166666666 0.03125 0.03125
1 0.5364583333333334 0.5169270833333334 0.026041666666666668 0.0234375
1 0.6197916666666666 0.6197916666666666 0.026041666666666668 0.044270833333333336
1 0.28125 0.5794270833333334 0.036458333333333336 0.0390625
1 0.8268229166666666 0.2421875 0.026041666666666668 0.041666666666666664
1 0.34375 0.4401041666666667 0.026041666666666668 0.044270833333333336
1 0.5859375 0.3645833333333333 0.015625 0.036458333333333336
1 0.37109375 0.5481770833333334 0.03125 0.041666666666666664
1 0.2890625 0.4778645833333333 0.0390625 0.046875
1 0.4192708333333333 0.5338541666666666 0.026041666666666668 0.028645833333333332
1 0.5755208333333334 0.3684895833333333 0.0234375 0.036458333333333336
1 0.28515625 0.5520833333333334 0.0390625 0.033854166666666664
1 0.4908854166666667 0.40625 0.026041666666666668 0.0390625
1 0.5 0.6354166666666666 0.036458333333333336 0.033854166666666664
1 0.33984375 0.6263020833333334 0.033854166666666664 0.044270833333333336
1 0.3828125 0.7174479166666666 0.041666666666666664 0.033854166666666664
1 0.3671875 0.6588541666666666 0.044270833333333336 0.044270833333333336
1 0.3255208333333333 0.546875 0.0390625 0.041666666666666664
1 0.9192708333333334 0.6302083333333334 0.013020833333333334 0.0234375
1 0.5221354166666666 0.4856770833333333 0.026041666666666668 0.036458333333333336
1 0.375 0.5559895833333334 0.044270833333333336 0.026041666666666668
1 0.4752604166666667 0.97265625 0.03125 0.018229166666666668
1 0.6341145833333334 0.4036458333333333 0.020833333333333332 0.041666666666666664
1 0.3372395833333333 0.578125 0.036458333333333336 0.041666666666666664
1 0.3828125 0.26953125 0.041666666666666664 0.052083333333333336
1 0.4270833333333333 0.6315104166666666 0.0234375 0.044270833333333336
1 0.5598958333333334 0.4479166666666667 0.026041666666666668 0.059895833333333336
1 0.4583333333333333 0.63671875 0.028645833333333332 0.03125
1 0.2981770833333333 0.5729166666666666 0.020833333333333332 0.026041666666666668
1 0.3125 0.51953125 0.041666666666666664 0.041666666666666664
1 0.8307291666666666 0.4479166666666667 0.018229166666666668 0.036458333333333336
1 0.5052083333333334 0.66796875 0.026041666666666668 0.026041666666666668