1 0.5 0.5260416666666666 0.0234375 0.03125
1 0.5572916666666666 0.5846354166666666 0.03125 0.036458333333333336
1 0.5690104166666666 0.5859375 0.033854166666666664 0.033854166666666664
1 0.5078125 0.53515625 0.020833333333333332 0.0390625
1 0.58203125 0.5078125 0.03125 0.046875
1 0.5572916666666666 0.4635416666666667 0.026041666666666668 0.041666666666666664
1 0.5520833333333334 0.3932291666666667 0.0390625 0.036458333333333336
1 0.578125 0.3815104166666667 0.028645833333333332 0.0625
1 0.5833333333333334 0.5377604166666666 0.03125 0.020833333333333332
1 0.58203125 0.43359375 0.018229166666666668 0.046875
1 0.56640625 0.3854166666666667 0.026041666666666668 0.049479166666666664
1 0.5598958333333334 0.51953125 0.028645833333333332 0.020833333333333332
1 0.53125 0.5299479166666666 0.0234375 0.015625
1 0.5572916666666666 0.6041666666666666 0.036458333333333336 0.033854166666666664
1 0.5234375 0.4830729166666667 0.0234375 0.0390625
1 0.5494791666666666 0.45703125 0.020833333333333332 0.036458333333333336
1 0.578125 0.4752604166666667 0.028645833333333332 0.036458333333333336
1 0.5416666666666666 0.4153645833333333 0.020833333333333332 0.052083333333333336
1 0.5481770833333334 0.4036458333333333 0.015625 0.036458333333333336
1 0.5247395833333334 0.515625 0.028645833333333332 0.018229166666666668
1 0.53515625 0.5026041666666666 0.03125 0.026041666666666668
1 0.5416666666666666 0.54296875 0.015625 0.0234375
1 0.5885416666666666 0.4596354166666667 0.028645833333333332 0.049479166666666664
1 0.5559895833333334 0.421875 0.020833333333333332 0.046875
1 0.5130208333333334 0.4609375 0.0234375 0.046875
1 0.5716145833333334 0.5625 0.036458333333333336 0.0234375
1 0.55859375 0.5442708333333334 0.0234375 0.015625
1 0.5611979166666666 0.5078125 0.03125 0.020833333333333332
1 0.55859375 0.4895833333333333 0.03125 0.033854166666666664
1 0.5455729166666666 0.453125 0.0234375 0.049479166666666664
1 0.5872395833333334 0.375 0.026041666666666668 0.049479166666666664
1 0.5950520833333334 0.3450520833333333 0.020833333333333332 0.049479166666666664
1 0.5299479166666666 0.5390625 0.028645833333333332 0.0234375
1 0.4583333333333333 0.515625 0.033854166666666664 0.033854166666666664
1 0.5559895833333334 0.5338541666666666 0.033854166666666664 0.0234375
1 0.5885416666666666 0.3229166666666667 0.0234375 0.057291666666666664
1 0.5755208333333334 0.5481770833333334 0.015625 0.015625
1 0.56640625 0.43359375 0.020833333333333332 0.033854166666666664
1 0.57421875 0.4322916666666667 0.018229166666666668 0.0390625
1 0.5885416666666666 0.4283854166666667 0.046875 0.041666666666666664