1 0.4388020833333333 0.3932291666666667 0.052083333333333336 0.06770833333333333
1 0.3723958333333333 0.4908854166666667 0.06510416666666667 0.078125
1 0.3815104166666667 0.5768229166666666 0.0703125 0.059895833333333336
1 0.2838541666666667 0.5247395833333334 0.057291666666666664 0.046875
1 0.45703125 0.3528645833333333 0.06770833333333333 0.06510416666666667
1 0.3671875 0.4166666666666667 0.0625 0.06770833333333333
1 0.2682291666666667 0.5182291666666666 0.0703125 0.08333333333333333
1 0.36328125 0.4544270833333333 0.057291666666666664 0.07552083333333333
1 0.38671875 0.4635416666666667 0.052083333333333336 0.0703125
1 0.4466145833333333 0.4505208333333333 0.0546875 0.07552083333333333
1 0.4713541666666667 0.4466145833333333 0.049479166666666664 0.059895833333333336
1 0.3463541666666667 0.4934895833333333 0.0390625 0.044270833333333336
1 0.3359375 0.4505208333333333 0.041666666666666664 0.041666666666666664
1 0.3111979166666667 0.54296875 0.03125 0.033854166666666664
1 0.6080729166666666 0.5234375 0.06770833333333333 0.059895833333333336
1 0.3802083333333333 0.5390625 0.08333333333333333 0.08854166666666667
1 0.453125 0.5559895833333334 0.052083333333333336 0.06770833333333333
1 0.5091145833333334 0.515625 0.08072916666666667 0.0859375
1 0.45703125 0.4921875 0.059895833333333336 0.049479166666666664
1 0.4674479166666667 0.5325520833333334 0.059895833333333336 0.06770833333333333
1 0.453125 0.2591145833333333 0.07291666666666667 0.06510416666666667
1 0.46875 0.6276041666666666 0.0625 0.06770833333333333
1 0.5533854166666666 0.5013020833333334 0.0546875 0.08072916666666667
1 0.3203125 0.4986979166666667 0.0703125 0.078125
1 0.4166666666666667 0.4635416666666667 0.06770833333333333 0.07552083333333333
1 0.3411458333333333 0.5377604166666666 0.057291666666666664 0.078125
1 0.2916666666666667 0.5520833333333334 0.036458333333333336 0.0390625
1 0.52734375 0.6484375 0.078125 0.07291666666666667
1 0.4427083333333333 0.59765625 0.0703125 0.059895833333333336
1 0.5065104166666666 0.46484375 0.06510416666666667 0.0625
1 0.55859375 0.4752604166666667 0.06510416666666667 0.08854166666666667
1 0.4934895833333333 0.3502604166666667 0.06510416666666667 0.07552083333333333
1 0.484375 0.4088541666666667 0.059895833333333336 0.08333333333333333
1 0.2994791666666667 0.4739583333333333 0.0703125 0.07552083333333333
1 0.3072916666666667 0.59375 0.06770833333333333 0.0859375
1 0.3984375 0.3997395833333333 0.078125 0.078125
1 0.4283854166666667 0.5182291666666666 0.0546875 0.052083333333333336
1 0.3307291666666667 0.5794270833333334 0.0703125 0.08072916666666667
1 0.4140625 0.4466145833333333 0.049479166666666664 0.059895833333333336
1 0.3723958333333333 0.61328125 0.033854166666666664 0.041666666666666664