1 0.4049479166666667 0.5221354166666666 0.0546875 0.057291666666666664
1 0.51171875 0.53515625 0.0546875 0.049479166666666664
1 0.4466145833333333 0.70703125 0.0703125 0.049479166666666664
1 0.5859375 0.54296875 0.059895833333333336 0.03125
1 0.24348958333333334 0.59765625 0.044270833333333336 0.044270833333333336
1 0.4479166666666667 0.5533854166666666 0.049479166666666664 0.044270833333333336
1 0.47265625 0.6354166666666666 0.0546875 0.0390625
1 0.6015625 0.6341145833333334 0.033854166666666664 0.044270833333333336
1 0.65625 0.6497395833333334 0.07552083333333333 0.044270833333333336
1 0.3059895833333333 0.5416666666666666 0.0703125 0.046875
1 0.3098958333333333 0.6575520833333334 0.07291666666666667 0.041666666666666664
1 0.4075520833333333 0.6263020833333334 0.044270833333333336 0.044270833333333336
1 0.58203125 0.6119791666666666 0.0390625 0.046875
1 0.4283854166666667 0.4661458333333333 0.057291666666666664 0.049479166666666664
1 0.3411458333333333 0.5807291666666666 0.0625 0.03125
1 0.515625 0.71484375 0.046875 0.046875