1 0.4296875 0.5833333333333334 0.0546875 0.0625
1 0.7395833333333334 0.3411458333333333 0.044270833333333336 0.059895833333333336
1 0.4908854166666667 0.4609375 0.0625 0.078125
1 0.5546875 0.8684895833333334 0.0546875 0.059895833333333336
1 0.5494791666666666 0.6067708333333334 0.044270833333333336 0.052083333333333336
1 0.55859375 0.5625 0.0546875 0.06510416666666667
1 0.51171875 0.6328125 0.052083333333333336 0.06510416666666667
1 0.484375 0.6354166666666666 0.052083333333333336 0.0625
1 0.5260416666666666 0.5143229166666666 0.041666666666666664 0.052083333333333336
1 0.484375 0.5950520833333334 0.046875 0.049479166666666664
1 0.3776041666666667 0.5169270833333334 0.046875 0.046875
1 0.6848958333333334 0.4309895833333333 0.0625 0.07552083333333333
1 0.5052083333333334 0.6080729166666666 0.0390625 0.044270833333333336
1 0.7096354166666666 0.54296875 0.046875 0.049479166666666664
1 0.4010416666666667 0.7044270833333334 0.057291666666666664 0.06510416666666667
1 0.6927083333333334 0.5494791666666666 0.049479166666666664 0.052083333333333336
1 0.6627604166666666 0.4713541666666667 0.052083333333333336 0.0546875
1 0.6588541666666666 0.30859375 0.052083333333333336 0.059895833333333336
1 0.6263020833333334 0.6419270833333334 0.046875 0.0546875
1 0.5859375 0.6432291666666666 0.0390625 0.036458333333333336
1 0.59765625 0.62109375 0.044270833333333336 0.0546875
1 0.546875 0.7552083333333334 0.044270833333333336 0.041666666666666664
1 0.53125 0.5963541666666666 0.041666666666666664 0.046875
1 0.4869791666666667 0.5677083333333334 0.033854166666666664 0.036458333333333336
1 0.5651041666666666 0.328125 0.0546875 0.0546875
1 0.7005208333333334 0.4010416666666667 0.044270833333333336 0.041666666666666664
1 0.6809895833333334 0.5377604166666666 0.0625 0.08333333333333333
1 0.4622395833333333 0.4375 0.052083333333333336 0.06770833333333333
1 0.6419270833333334 0.35546875 0.057291666666666664 0.06770833333333333
1 0.6458333333333334 0.4205729166666667 0.046875 0.046875
1 0.6236979166666666 0.5729166666666666 0.041666666666666664 0.036458333333333336
1 0.61328125 0.5911458333333334 0.046875 0.044270833333333336
1 0.4453125 0.5364583333333334 0.036458333333333336 0.044270833333333336
1 0.4583333333333333 0.4921875 0.044270833333333336 0.049479166666666664
1 0.52734375 0.7356770833333334 0.036458333333333336 0.049479166666666664
1 0.55859375 0.6822916666666666 0.041666666666666664 0.0546875
1 0.671875 0.50390625 0.052083333333333336 0.06510416666666667
1 0.6653645833333334 0.3567708333333333 0.052083333333333336 0.06510416666666667
1 0.5286458333333334 0.3815104166666667 0.044270833333333336 0.046875
1 0.5260416666666666 0.4713541666666667 0.041666666666666664 0.0546875
1 0.6393229166666666 0.5338541666666666 0.057291666666666664 0.06770833333333333
1 0.6106770833333334 0.4296875 0.0546875 0.0625
1 0.5911458333333334 0.42578125 0.059895833333333336 0.07291666666666667
1 0.5208333333333334 0.2877604166666667 0.046875 0.052083333333333336
1 0.5690104166666666 0.69140625 0.046875 0.0546875
1 0.5494791666666666 0.6341145833333334 0.044270833333333336 0.052083333333333336
1 0.4947916666666667 0.5325520833333334 0.0546875 0.06510416666666667
1 0.4518229166666667 0.5078125 0.049479166666666664 0.049479166666666664
1 0.6888020833333334 0.31640625 0.041666666666666664 0.046875
1 0.5872395833333334 0.5651041666666666 0.046875 0.046875
1 0.71484375 0.3177083333333333 0.033854166666666664 0.044270833333333336
1 0.66796875 0.22786458333333334 0.046875 0.049479166666666664
1 0.5703125 0.48046875 0.044270833333333336 0.057291666666666664
1 0.6276041666666666 0.3880208333333333 0.059895833333333336 0.059895833333333336
1 0.6341145833333334 0.4817708333333333 0.046875 0.059895833333333336
1 0.5403645833333334 0.6809895833333334 0.044270833333333336 0.052083333333333336
1 0.5286458333333334 0.7161458333333334 0.044270833333333336 0.052083333333333336
1 0.5130208333333334 0.55859375 0.044270833333333336 0.049479166666666664
1 0.3971354166666667 0.5091145833333334 0.0390625 0.0390625
1 0.5625 0.6354166666666666 0.0390625 0.044270833333333336
1 0.5065104166666666 0.7083333333333334 0.041666666666666664 0.041666666666666664
1 0.6796875 0.50390625 0.0390625 0.036458333333333336
1 0.5455729166666666 0.5169270833333334 0.044270833333333336 0.044270833333333336
1 0.7252604166666666 0.5065104166666666 0.057291666666666664 0.0703125
1 0.3971354166666667 0.6015625 0.052083333333333336 0.057291666666666664
1 0.7278645833333334 0.3138020833333333 0.052083333333333336 0.059895833333333336
1 0.7005208333333334 0.2877604166666667 0.046875 0.049479166666666664
1 0.6536458333333334 0.6302083333333334 0.041666666666666664 0.052083333333333336
1 0.6315104166666666 0.5143229166666666 0.052083333333333336 0.0625
1 0.5572916666666666 0.72265625 0.052083333333333336 0.0546875
1 0.5416666666666666 0.5481770833333334 0.052083333333333336 0.0625
1 0.4739583333333333 0.671875 0.0546875 0.0546875
1 0.4557291666666667 0.609375 0.0625 0.07291666666666667
1 0.3880208333333333 0.4921875 0.033854166666666664 0.046875
1 0.4036458333333333 0.4921875 0.03125 0.03125
1 0.5182291666666666 0.3919270833333333 0.044270833333333336 0.049479166666666664
1 0.74609375 0.2421875 0.052083333333333336 0.0625
1 0.4140625 0.875 0.049479166666666664 0.06510416666666667
1 0.5013020833333334 0.46875 0.052083333333333336 0.0625
1 0.453125 0.4283854166666667 0.041666666666666664 0.052083333333333336
1 0.5755208333333334 0.6067708333333334 0.046875 0.052083333333333336
1 0.5598958333333334 0.51171875 0.057291666666666664 0.059895833333333336
1 0.47265625 0.5494791666666666 0.0546875 0.0703125
1 0.6119791666666666 0.4466145833333333 0.046875 0.059895833333333336
1 0.6197916666666666 0.4986979166666667 0.033854166666666664 0.041666666666666664
1 0.3684895833333333 0.6302083333333334 0.06510416666666667 0.0703125
1 0.6940104166666666 0.4661458333333333 0.059895833333333336 0.06510416666666667
1 0.6588541666666666 0.2877604166666667 0.046875 0.052083333333333336
1 0.7083333333333334 0.3059895833333333 0.041666666666666664 0.057291666666666664
1 0.5442708333333334 0.3515625 0.059895833333333336 0.06770833333333333
1 0.50390625 0.3776041666666667 0.052083333333333336 0.059895833333333336
1 0.5091145833333334 0.4153645833333333 0.041666666666666664 0.044270833333333336
1 0.66015625 0.40234375 0.059895833333333336 0.0546875
1 0.64453125 0.4427083333333333 0.044270833333333336 0.044270833333333336
1 0.6223958333333334 0.453125 0.041666666666666664 0.052083333333333336
1 0.59375 0.5416666666666666 0.046875 0.059895833333333336
1 0.51953125 0.3072916666666667 0.046875 0.052083333333333336
1 0.5208333333333334 0.5846354166666666 0.046875 0.049479166666666664
1 0.5377604166666666 0.6354166666666666 0.033854166666666664 0.044270833333333336