1 0.4596354166666667 0.3802083333333333 0.03125 0.028645833333333332
1 0.4947916666666667 0.5026041666666666 0.028645833333333332 0.052083333333333336
1 0.4557291666666667 0.6510416666666666 0.028645833333333332 0.0390625
1 0.7057291666666666 0.3932291666666667 0.026041666666666668 0.041666666666666664
1 0.6953125 0.35546875 0.036458333333333336 0.044270833333333336
1 0.7200520833333334 0.5364583333333334 0.0234375 0.049479166666666664
1 0.7434895833333334 0.5872395833333334 0.0390625 0.0390625
1 0.6067708333333334 0.7018229166666666 0.036458333333333336 0.052083333333333336
1 0.6223958333333334 0.7552083333333334 0.036458333333333336 0.044270833333333336
1 0.5911458333333334 0.68359375 0.03125 0.03125
1 0.59375 0.5364583333333334 0.028645833333333332 0.028645833333333332
1 0.6692708333333334 0.5598958333333334 0.0234375 0.044270833333333336
1 0.6171875 0.5390625 0.03125 0.044270833333333336
1 0.6927083333333334 0.5768229166666666 0.0234375 0.036458333333333336
1 0.6458333333333334 0.3619791666666667 0.028645833333333332 0.036458333333333336
1 0.4544270833333333 0.53125 0.033854166666666664 0.049479166666666664
1 0.43359375 0.4921875 0.03125 0.049479166666666664
1 0.4921875 0.5598958333333334 0.028645833333333332 0.044270833333333336
1 0.6158854166666666 0.5013020833333334 0.03125 0.0546875
1 0.6471354166666666 0.7942708333333334 0.033854166666666664 0.041666666666666664
1 0.6145833333333334 0.5833333333333334 0.028645833333333332 0.049479166666666664
1 0.5611979166666666 0.4088541666666667 0.03125 0.041666666666666664
1 0.5052083333333334 0.4505208333333333 0.028645833333333332 0.057291666666666664
1 0.6015625 0.51171875 0.028645833333333332 0.044270833333333336
1 0.6223958333333334 0.6848958333333334 0.03125 0.049479166666666664
1 0.6354166666666666 0.74609375 0.03125 0.041666666666666664
1 0.5885416666666666 0.7721354166666666 0.026041666666666668 0.046875
1 0.4466145833333333 0.4192708333333333 0.026041666666666668 0.049479166666666664
1 0.48828125 0.5833333333333334 0.028645833333333332 0.044270833333333336
1 0.4244791666666667 0.6080729166666666 0.033854166666666664 0.041666666666666664
1 0.6484375 0.2708333333333333 0.033854166666666664 0.041666666666666664
1 0.48828125 0.3255208333333333 0.044270833333333336 0.0390625
1 0.5520833333333334 0.4583333333333333 0.028645833333333332 0.0390625
1 0.5755208333333334 0.3854166666666667 0.033854166666666664 0.033854166666666664
1 0.6315104166666666 0.5403645833333334 0.028645833333333332 0.049479166666666664
1 0.6119791666666666 0.3098958333333333 0.03125 0.049479166666666664
1 0.73828125 0.375 0.033854166666666664 0.044270833333333336
1 0.7278645833333334 0.421875 0.028645833333333332 0.028645833333333332
1 0.6627604166666666 0.6731770833333334 0.03125 0.044270833333333336
1 0.6028645833333334 0.77734375 0.033854166666666664 0.033854166666666664
1 0.5572916666666666 0.3658854166666667 0.033854166666666664 0.036458333333333336
1 0.5130208333333334 0.48828125 0.028645833333333332 0.052083333333333336
1 0.4765625 0.6328125 0.026041666666666668 0.046875
1 0.4192708333333333 0.58984375 0.036458333333333336 0.03125
1 0.6796875 0.234375 0.0390625 0.041666666666666664
1 0.6783854166666666 0.58203125 0.0234375 0.033854166666666664
1 0.4908854166666667 0.66796875 0.036458333333333336 0.036458333333333336
1 0.4986979166666667 0.3645833333333333 0.0390625 0.049479166666666664
1 0.52734375 0.3424479166666667 0.03125 0.046875
1 0.6223958333333334 0.4361979166666667 0.03125 0.059895833333333336
1 0.7005208333333334 0.5130208333333334 0.028645833333333332 0.057291666666666664
1 0.5403645833333334 0.421875 0.0390625 0.057291666666666664
1 0.5833333333333334 0.4153645833333333 0.033854166666666664 0.03125
1 0.5989583333333334 0.64453125 0.03125 0.044270833333333336
1 0.6106770833333334 0.6783854166666666 0.026041666666666668 0.052083333333333336
1 0.453125 0.48046875 0.020833333333333332 0.049479166666666664
1 0.453125 0.4453125 0.026041666666666668 0.049479166666666664
1 0.4830729166666667 0.6145833333333334 0.028645833333333332 0.041666666666666664
1 0.6432291666666666 0.328125 0.03125 0.044270833333333336
1 0.484375 0.7747395833333334 0.03125 0.044270833333333336
1 0.51953125 0.7864583333333334 0.0390625 0.041666666666666664
1 0.5130208333333334 0.66015625 0.033854166666666664 0.046875
1 0.5299479166666666 0.42578125 0.03125 0.046875
1 0.6484375 0.53125 0.03125 0.057291666666666664
1 0.6653645833333334 0.5286458333333334 0.033854166666666664 0.033854166666666664
1 0.6536458333333334 0.3697916666666667 0.028645833333333332 0.046875
1 0.6979166666666666 0.37890625 0.03125 0.052083333333333336
1 0.7330729166666666 0.53515625 0.028645833333333332 0.052083333333333336
1 0.5833333333333334 0.375 0.036458333333333336 0.046875
1 0.515625 0.5455729166666666 0.033854166666666664 0.046875
1 0.56640625 0.4817708333333333 0.036458333333333336 0.044270833333333336
1 0.6432291666666666 0.59765625 0.028645833333333332 0.052083333333333336
1 0.6848958333333334 0.61328125 0.026041666666666668 0.041666666666666664
1 0.7239583333333334 0.35546875 0.033854166666666664 0.036458333333333336
1 0.5572916666666666 0.5455729166666666 0.03125 0.052083333333333336
1 0.53125 0.3893229166666667 0.028645833333333332 0.049479166666666664
1 0.5859375 0.5078125 0.033854166666666664 0.033854166666666664
1 0.7291666666666666 0.7109375 0.033854166666666664 0.041666666666666664
1 0.6119791666666666 0.7513020833333334 0.03125 0.049479166666666664
1 0.58984375 0.8059895833333334 0.03125 0.049479166666666664
1 0.57421875 0.6315104166666666 0.028645833333333332 0.0546875
1 0.6067708333333334 0.5416666666666666 0.03125 0.03125
1 0.7135416666666666 0.37890625 0.033854166666666664 0.036458333333333336
1 0.45703125 0.40625 0.0234375 0.046875
1 0.4700520833333333 0.6015625 0.03125 0.046875
1 0.7356770833333334 0.3984375 0.03125 0.036458333333333336
1 0.6588541666666666 0.7356770833333334 0.036458333333333336 0.03125
1 0.59375 0.828125 0.028645833333333332 0.049479166666666664
1 0.5546875 0.3958333333333333 0.026041666666666668 0.041666666666666664
1 0.6341145833333334 0.7994791666666666 0.033854166666666664 0.046875
1 0.6666666666666666 0.6080729166666666 0.03125 0.0390625
1 0.58984375 0.2565104166666667 0.036458333333333336 0.0625
1 0.4361979166666667 0.44921875 0.028645833333333332 0.041666666666666664
1 0.6145833333333334 0.3463541666666667 0.033854166666666664 0.046875
1 0.7135416666666666 0.4283854166666667 0.03125 0.049479166666666664
1 0.7239583333333334 0.56640625 0.0234375 0.046875
1 0.63671875 0.7135416666666666 0.033854166666666664 0.033854166666666664
1 0.5833333333333334 0.6549479166666666 0.026041666666666668 0.052083333333333336
1 0.50390625 0.4244791666666667 0.0234375 0.0390625
1 0.6028645833333334 0.5559895833333334 0.033854166666666664 0.028645833333333332
1 0.5625 0.8372395833333334 0.028645833333333332 0.052083333333333336
1 0.6510416666666666 0.5755208333333334 0.028645833333333332 0.0390625
1 0.66015625 0.6015625 0.028645833333333332 0.0390625
1 0.6640625 0.6341145833333334 0.028645833333333332 0.0390625
1 0.7200520833333334 0.5078125 0.036458333333333336 0.049479166666666664
1 0.7018229166666666 0.5950520833333334 0.028645833333333332 0.044270833333333336
1 0.6888020833333334 0.5559895833333334 0.026041666666666668 0.026041666666666668
1 0.7109375 0.5416666666666666 0.026041666666666668 0.052083333333333336
1 0.4427083333333333 0.4856770833333333 0.026041666666666668 0.041666666666666664