1 0.23567708333333334 0.3658854166666667 0.049479166666666664 0.036458333333333336
1 0.26953125 0.6145833333333334 0.07291666666666667 0.0390625
1 0.3880208333333333 0.7174479166666666 0.028645833333333332 0.049479166666666664
1 0.3424479166666667 0.3984375 0.0625 0.033854166666666664
1 0.3098958333333333 0.54296875 0.052083333333333336 0.044270833333333336
1 0.24348958333333334 0.5078125 0.0390625 0.049479166666666664
1 0.59375 0.5260416666666666 0.044270833333333336 0.044270833333333336
1 0.78515625 0.42578125 0.057291666666666664 0.03125
1 0.6497395833333334 0.6197916666666666 0.026041666666666668 0.049479166666666664
1 0.2734375 0.66796875 0.044270833333333336 0.06770833333333333
1 0.48046875 0.546875 0.059895833333333336 0.052083333333333336