0 0.5651041666666666 0.56640625 0.125 0.11197916666666667
0 0.20703125 0.4479166666666667 0.14583333333333334 0.17447916666666666
0 0.7682291666666666 0.5716145833333334 0.13541666666666666 0.17447916666666666
0 0.8854166666666666 0.2760416666666667 0.1484375 0.17447916666666666
0 0.8177083333333334 0.43359375 0.13802083333333334 0.13020833333333334
0 0.40234375 0.5989583333333334 0.13020833333333334 0.16145833333333334
0 0.3919270833333333 0.33984375 0.203125 0.2109375
0 0.14583333333333334 0.5885416666666666 0.1640625 0.18229166666666666
0 0.5611979166666666 0.7291666666666666 0.13020833333333334 0.15364583333333334
0 0.25 0.8020833333333334 0.203125 0.25
0 0.4791666666666667 0.45703125 0.1875 0.15104166666666666
0 0.64453125 0.21875 0.17708333333333334 0.17447916666666666
0 0.15625 0.6640625 0.1015625 0.13020833333333334