1 0.5768229166666666 0.58203125 0.0234375 0.044270833333333336
1 0.48828125 0.6432291666666666 0.0234375 0.033854166666666664
1 0.6471354166666666 0.5221354166666666 0.015625 0.036458333333333336
1 0.5924479166666666 0.58984375 0.026041666666666668 0.044270833333333336
1 0.4778645833333333 0.62109375 0.028645833333333332 0.0234375
1 0.58984375 0.5026041666666666 0.028645833333333332 0.036458333333333336
1 0.6705729166666666 0.5807291666666666 0.03125 0.0390625
1 0.4921875 0.73046875 0.026041666666666668 0.041666666666666664
1 0.7109375 0.5625 0.0234375 0.03125
1 0.69921875 0.5768229166666666 0.028645833333333332 0.028645833333333332
1 0.57421875 0.6145833333333334 0.0234375 0.041666666666666664
1 0.6354166666666666 0.72265625 0.0234375 0.020833333333333332
1 0.5065104166666666 0.59375 0.018229166666666668 0.033854166666666664
1 0.5455729166666666 0.65625 0.0234375 0.028645833333333332
1 0.59375 0.6145833333333334 0.028645833333333332 0.018229166666666668
1 0.7083333333333334 0.5989583333333334 0.0234375 0.0234375
1 0.6041666666666666 0.6354166666666666 0.026041666666666668 0.026041666666666668
1 0.5651041666666666 0.6588541666666666 0.03125 0.033854166666666664
1 0.3958333333333333 0.5026041666666666 0.0234375 0.0390625
1 0.6966145833333334 0.5924479166666666 0.020833333333333332 0.03125
1 0.5208333333333334 0.6458333333333334 0.026041666666666668 0.03125
1 0.5768229166666666 0.6744791666666666 0.0234375 0.028645833333333332