1 0.4361979166666667 0.4270833333333333 0.049479166666666664 0.07291666666666667
1 0.2669270833333333 0.3828125 0.052083333333333336 0.059895833333333336
1 0.3997395833333333 0.3450520833333333 0.044270833333333336 0.028645833333333332
1 0.43359375 0.5 0.052083333333333336 0.041666666666666664
1 0.3997395833333333 0.4075520833333333 0.026041666666666668 0.033854166666666664
1 0.3138020833333333 0.3893229166666667 0.028645833333333332 0.018229166666666668
1 0.390625 0.4283854166666667 0.044270833333333336 0.041666666666666664
1 0.2591145833333333 0.33203125 0.0390625 0.0625
1 0.42578125 0.3776041666666667 0.044270833333333336 0.059895833333333336
1 0.3645833333333333 0.4140625 0.044270833333333336 0.0390625
1 0.4114583333333333 0.37890625 0.041666666666666664 0.041666666666666664
1 0.4817708333333333 0.5325520833333334 0.046875 0.06510416666666667