1 0.4075520833333333 0.31640625 0.020833333333333332 0.03125
1 0.3997395833333333 0.2942708333333333 0.020833333333333332 0.03125
1 0.4401041666666667 0.359375 0.036458333333333336 0.033854166666666664
1 0.4934895833333333 0.3815104166666667 0.033854166666666664 0.07552083333333333
1 0.5611979166666666 0.4635416666666667 0.0234375 0.08333333333333333
1 0.3138020833333333 0.2721354166666667 0.036458333333333336 0.046875
1 0.5416666666666666 0.5286458333333334 0.044270833333333336 0.0546875
1 0.5026041666666666 0.6549479166666666 0.041666666666666664 0.09895833333333333
1 0.3020833333333333 0.4309895833333333 0.041666666666666664 0.03125
1 0.4153645833333333 0.6875 0.033854166666666664 0.06510416666666667
1 0.44140625 0.6640625 0.028645833333333332 0.0625