1 0.55859375 0.578125 0.0546875 0.07291666666666667
1 0.7239583333333334 0.6328125 0.0546875 0.059895833333333336
1 0.58984375 0.6614583333333334 0.046875 0.03125
1 0.56640625 0.5052083333333334 0.0546875 0.044270833333333336
1 0.59375 0.5989583333333334 0.028645833333333332 0.033854166666666664
1 0.6770833333333334 0.6236979166666666 0.028645833333333332 0.018229166666666668
1 0.6041666666666666 0.5794270833333334 0.044270833333333336 0.044270833333333336
1 0.7291666666666666 0.68359375 0.041666666666666664 0.0625
1 0.5651041666666666 0.6263020833333334 0.046875 0.0625
1 0.62890625 0.5950520833333334 0.044270833333333336 0.0390625
1 0.5807291666666666 0.6276041666666666 0.041666666666666664 0.041666666666666664
1 0.51953125 0.46875 0.049479166666666664 0.06770833333333333