1 0.3736979166666667 0.5390625 0.041666666666666664 0.08333333333333333
1 0.4895833333333333 0.3580729166666667 0.036458333333333336 0.033854166666666664
1 0.38671875 0.4791666666666667 0.06510416666666667 0.0625
1 0.6315104166666666 0.3763020833333333 0.06770833333333333 0.10677083333333333
1 0.5729166666666666 0.5768229166666666 0.057291666666666664 0.09635416666666667
1 0.4244791666666667 0.390625 0.0703125 0.15364583333333334
1 0.5013020833333334 0.6848958333333334 0.07552083333333333 0.078125
1 0.62109375 0.43359375 0.0546875 0.07291666666666667
1 0.4921875 0.4375 0.044270833333333336 0.0390625
1 0.421875 0.3645833333333333 0.033854166666666664 0.0625
1 0.5716145833333334 0.3463541666666667 0.033854166666666664 0.08072916666666667
1 0.5598958333333334 0.3645833333333333 0.028645833333333332 0.0625
1 0.49609375 0.2109375 0.049479166666666664 0.125