1 0.9049479166666666 0.3606770833333333 0.0546875 0.07552083333333333
1 0.8372395833333334 0.5416666666666666 0.07291666666666667 0.057291666666666664
1 0.7161458333333334 0.5325520833333334 0.041666666666666664 0.057291666666666664
1 0.5091145833333334 0.3138020833333333 0.0546875 0.06770833333333333
1 0.07161458333333333 0.4401041666666667 0.0859375 0.049479166666666664
1 0.50390625 0.6119791666666666 0.06770833333333333 0.044270833333333336
1 0.80078125 0.6979166666666666 0.08072916666666667 0.0625
1 0.53515625 0.7317708333333334 0.08333333333333333 0.052083333333333336
1 0.6302083333333334 0.7513020833333334 0.06510416666666667 0.0546875
1 0.8736979166666666 0.3216145833333333 0.041666666666666664 0.06510416666666667
1 0.69140625 0.2903645833333333 0.078125 0.033854166666666664
1 0.5677083333333334 0.453125 0.06770833333333333 0.06770833333333333
1 0.4283854166666667 0.53515625 0.0390625 0.06770833333333333
1 0.3971354166666667 0.484375 0.0625 0.0546875
1 0.4973958333333333 0.6015625 0.0390625 0.0546875
1 0.7708333333333334 0.70703125 0.08854166666666667 0.059895833333333336
1 0.8580729166666666 0.6393229166666666 0.09114583333333333 0.052083333333333336
1 0.6731770833333334 0.5065104166666666 0.049479166666666664 0.0625
1 0.89453125 0.6028645833333334 0.07552083333333333 0.059895833333333336
1 0.7578125 0.6223958333333334 0.049479166666666664 0.0625
1 0.7552083333333334 0.7408854166666666 0.03125 0.0546875
1 0.92578125 0.6341145833333334 0.08072916666666667 0.041666666666666664
1 0.8567708333333334 0.5755208333333334 0.041666666666666664 0.0546875
1 0.8138020833333334 0.5872395833333334 0.06770833333333333 0.046875
1 0.4921875 0.7408854166666666 0.07552083333333333 0.046875
1 0.8489583333333334 0.48046875 0.044270833333333336 0.0625
1 0.9752604166666666 0.5169270833333334 0.049479166666666664 0.044270833333333336
1 0.7447916666666666 0.546875 0.06770833333333333 0.052083333333333336
1 0.4830729166666667 0.3098958333333333 0.041666666666666664 0.0625
1 0.7200520833333334 0.4205729166666667 0.09114583333333333 0.036458333333333336
1 0.39453125 0.3776041666666667 0.0703125 0.046875
1 0.5260416666666666 0.4088541666666667 0.08333333333333333 0.06510416666666667
1 0.578125 0.8138020833333334 0.036458333333333336 0.059895833333333336
1 0.8984375 0.484375 0.0703125 0.052083333333333336
1 0.6497395833333334 0.53515625 0.0390625 0.0546875
1 0.4283854166666667 0.6197916666666666 0.033854166666666664 0.06510416666666667
1 0.40625 0.6432291666666666 0.0703125 0.0625
1 0.6236979166666666 0.6458333333333334 0.0859375 0.059895833333333336
1 0.4856770833333333 0.7265625 0.08072916666666667 0.046875
1 0.7161458333333334 0.7682291666666666 0.06770833333333333 0.07291666666666667
1 0.7447916666666666 0.3776041666666667 0.0390625 0.0703125
1 0.7916666666666666 0.4075520833333333 0.0703125 0.0546875
1 0.46484375 0.35546875 0.078125 0.0390625
1 0.5481770833333334 0.24348958333333334 0.06770833333333333 0.057291666666666664
1 0.5833333333333334 0.5520833333333334 0.09635416666666667 0.044270833333333336
1 0.6744791666666666 0.6145833333333334 0.044270833333333336 0.057291666666666664
1 0.45703125 0.6393229166666666 0.044270833333333336 0.0703125
1 0.53515625 0.2877604166666667 0.07291666666666667 0.044270833333333336
1 0.8020833333333334 0.15234375 0.07291666666666667 0.049479166666666664
1 0.2591145833333333 0.3359375 0.057291666666666664 0.06770833333333333
1 0.62109375 0.4700520833333333 0.0546875 0.059895833333333336
1 0.5533854166666666 0.6106770833333334 0.046875 0.044270833333333336
1 0.44921875 0.5885416666666666 0.07291666666666667 0.044270833333333336
1 0.84765625 0.6966145833333334 0.041666666666666664 0.052083333333333336