1 0.2630208333333333 0.5950520833333334 0.07552083333333333 0.049479166666666664
1 0.25390625 0.4791666666666667 0.06510416666666667 0.057291666666666664
1 0.546875 0.1796875 0.046875 0.044270833333333336
1 0.5729166666666666 0.3489583333333333 0.049479166666666664 0.0546875
1 0.4856770833333333 0.4309895833333333 0.046875 0.0546875
1 0.4869791666666667 0.5950520833333334 0.049479166666666664 0.049479166666666664
1 0.6276041666666666 0.4322916666666667 0.059895833333333336 0.049479166666666664
1 0.4895833333333333 0.4661458333333333 0.059895833333333336 0.049479166666666664
1 0.4205729166666667 0.11067708333333333 0.052083333333333336 0.0390625
1 0.5494791666666666 0.15494791666666666 0.044270833333333336 0.0390625
1 0.44921875 0.21875 0.0625 0.0546875