1 0.4986979166666667 0.4127604166666667 0.028645833333333332 0.03125
1 0.6393229166666666 0.8997395833333334 0.028645833333333332 0.033854166666666664
1 0.6783854166666666 0.7526041666666666 0.026041666666666668 0.028645833333333332
1 0.59765625 0.6653645833333334 0.018229166666666668 0.03125
1 0.6731770833333334 0.4466145833333333 0.020833333333333332 0.033854166666666664
1 0.6302083333333334 0.4583333333333333 0.018229166666666668 0.03125
1 0.5807291666666666 0.55078125 0.03125 0.041666666666666664
1 0.5833333333333334 0.5416666666666666 0.0234375 0.03125
1 0.5377604166666666 0.5390625 0.015625 0.028645833333333332
1 0.5690104166666666 0.5611979166666666 0.0234375 0.028645833333333332
1 0.5221354166666666 0.4895833333333333 0.026041666666666668 0.036458333333333336
1 0.51953125 0.70703125 0.015625 0.028645833333333332
1 0.4700520833333333 0.6263020833333334 0.0234375 0.026041666666666668
1 0.3346354166666667 0.6067708333333334 0.020833333333333332 0.041666666666666664
1 0.3658854166666667 0.52734375 0.03125 0.044270833333333336
1 0.4036458333333333 0.4752604166666667 0.018229166666666668 0.028645833333333332
1 0.3932291666666667 0.4427083333333333 0.028645833333333332 0.028645833333333332
1 0.3776041666666667 0.4518229166666667 0.020833333333333332 0.0390625
1 0.4153645833333333 0.4635416666666667 0.036458333333333336 0.026041666666666668
1 0.4231770833333333 0.4231770833333333 0.0390625 0.026041666666666668
1 0.4466145833333333 0.3971354166666667 0.026041666666666668 0.0390625
1 0.4895833333333333 0.3385416666666667 0.033854166666666664 0.041666666666666664
1 0.4166666666666667 0.3580729166666667 0.03125 0.052083333333333336
1 0.5625 0.3671875 0.020833333333333332 0.036458333333333336
1 0.69921875 0.7486979166666666 0.03125 0.020833333333333332
1 0.65234375 0.6497395833333334 0.018229166666666668 0.03125
1 0.5924479166666666 0.67578125 0.018229166666666668 0.03125
1 0.5703125 0.625 0.020833333333333332 0.033854166666666664
1 0.5143229166666666 0.6106770833333334 0.028645833333333332 0.0390625
1 0.5559895833333334 0.5026041666666666 0.026041666666666668 0.03125
1 0.5208333333333334 0.53515625 0.028645833333333332 0.052083333333333336
1 0.5104166666666666 0.7213541666666666 0.018229166666666668 0.03125
1 0.5091145833333334 0.6796875 0.018229166666666668 0.028645833333333332
1 0.5286458333333334 0.6927083333333334 0.020833333333333332 0.0390625
1 0.5377604166666666 0.6979166666666666 0.0234375 0.041666666666666664
1 0.4609375 0.6510416666666666 0.026041666666666668 0.0234375
1 0.4596354166666667 0.6666666666666666 0.03125 0.0234375
1 0.4140625 0.64453125 0.015625 0.03125
1 0.3216145833333333 0.56640625 0.033854166666666664 0.0234375
1 0.4635416666666667 0.5364583333333334 0.015625 0.028645833333333332
1 0.4440104166666667 0.46875 0.03125 0.0390625
1 0.5677083333333334 0.4036458333333333 0.020833333333333332 0.0390625
1 0.5455729166666666 0.41796875 0.020833333333333332 0.033854166666666664
1 0.5247395833333334 0.4049479166666667 0.0234375 0.028645833333333332
1 0.5520833333333334 0.3606770833333333 0.020833333333333332 0.03125
1 0.4270833333333333 0.3932291666666667 0.0234375 0.044270833333333336
1 0.5533854166666666 0.4270833333333333 0.020833333333333332 0.0390625
1 0.3828125 0.5677083333333334 0.0234375 0.033854166666666664
1 0.8111979166666666 0.7044270833333334 0.020833333333333332 0.0234375
1 0.7916666666666666 0.6875 0.028645833333333332 0.033854166666666664
1 0.6731770833333334 0.9296875 0.0234375 0.0234375
1 0.66796875 0.7643229166666666 0.028645833333333332 0.044270833333333336
1 0.6731770833333334 0.6497395833333334 0.018229166666666668 0.03125
1 0.5403645833333334 0.6106770833333334 0.033854166666666664 0.0390625
1 0.6809895833333334 0.41796875 0.026041666666666668 0.018229166666666668
1 0.6809895833333334 0.43359375 0.026041666666666668 0.018229166666666668
1 0.6588541666666666 0.5299479166666666 0.03125 0.041666666666666664
1 0.6380208333333334 0.4856770833333333 0.0234375 0.018229166666666668
1 0.640625 0.50390625 0.015625 0.028645833333333332
1 0.62890625 0.4166666666666667 0.026041666666666668 0.041666666666666664
1 0.546875 0.4908854166666667 0.028645833333333332 0.041666666666666664
1 0.53515625 0.4375 0.018229166666666668 0.026041666666666668
1 0.3723958333333333 0.5794270833333334 0.020833333333333332 0.0234375
1 0.4127604166666667 0.5520833333333334 0.03125 0.0390625
1 0.4401041666666667 0.5442708333333334 0.020833333333333332 0.03125
1 0.4348958333333333 0.4934895833333333 0.036458333333333336 0.036458333333333336
1 0.4908854166666667 0.4088541666666667 0.028645833333333332 0.026041666666666668
1 0.5572916666666666 0.41015625 0.018229166666666668 0.033854166666666664
1 0.5859375 0.3489583333333333 0.028645833333333332 0.020833333333333332
1 0.4869791666666667 0.35546875 0.0234375 0.018229166666666668
1 0.34765625 0.609375 0.020833333333333332 0.020833333333333332
1 0.36328125 0.5755208333333334 0.026041666666666668 0.0234375
1 0.80859375 0.5546875 0.033854166666666664 0.026041666666666668
1 0.6653645833333334 0.8893229166666666 0.020833333333333332 0.03125
1 0.6510416666666666 0.6796875 0.020833333333333332 0.0234375
1 0.6184895833333334 0.671875 0.015625 0.020833333333333332
1 0.5794270833333334 0.6705729166666666 0.020833333333333332 0.028645833333333332
1 0.5520833333333334 0.5924479166666666 0.028645833333333332 0.0390625
1 0.7552083333333334 0.4791666666666667 0.020833333333333332 0.036458333333333336
1 0.69140625 0.44140625 0.03125 0.020833333333333332
1 0.71875 0.46875 0.018229166666666668 0.028645833333333332
1 0.55078125 0.4596354166666667 0.020833333333333332 0.0234375
1 0.4973958333333333 0.66015625 0.018229166666666668 0.026041666666666668
1 0.4856770833333333 0.6927083333333334 0.018229166666666668 0.036458333333333336
1 0.34765625 0.56640625 0.0234375 0.0234375
1 0.3815104166666667 0.6197916666666666 0.028645833333333332 0.03125
1 0.3606770833333333 0.6158854166666666 0.026041666666666668 0.028645833333333332
1 0.3919270833333333 0.5403645833333334 0.033854166666666664 0.0390625
1 0.3841145833333333 0.5143229166666666 0.026041666666666668 0.03125
1 0.41796875 0.4453125 0.03125 0.0234375
1 0.40234375 0.41796875 0.03125 0.03125
1 0.4752604166666667 0.3997395833333333 0.036458333333333336 0.03125
1 0.5052083333333334 0.3932291666666667 0.036458333333333336 0.0390625
1 0.5091145833333334 0.3815104166666667 0.03125 0.03125
1 0.5768229166666666 0.3333333333333333 0.03125 0.036458333333333336
1 0.8216145833333334 0.6809895833333334 0.018229166666666668 0.0234375
1 0.6354166666666666 0.73828125 0.033854166666666664 0.03125
1 0.6341145833333334 0.8776041666666666 0.0234375 0.0390625
1 0.6783854166666666 0.8684895833333334 0.020833333333333332 0.028645833333333332
1 0.6966145833333334 0.7122395833333334 0.0234375 0.044270833333333336
1 0.6393229166666666 0.6575520833333334 0.020833333333333332 0.0234375
1 0.6106770833333334 0.6731770833333334 0.018229166666666668 0.018229166666666668
1 0.73828125 0.50390625 0.018229166666666668 0.033854166666666664
1 0.5221354166666666 0.4544270833333333 0.015625 0.018229166666666668
1 0.5494791666666666 0.4466145833333333 0.0234375 0.0234375
1 0.5390625 0.4609375 0.018229166666666668 0.020833333333333332
1 0.4791666666666667 0.6510416666666666 0.0234375 0.033854166666666664
1 0.4388020833333333 0.6080729166666666 0.036458333333333336 0.0234375
1 0.4010416666666667 0.5703125 0.028645833333333332 0.046875
1 0.4635416666666667 0.5169270833333334 0.033854166666666664 0.0390625
1 0.43359375 0.51171875 0.028645833333333332 0.018229166666666668
1 0.3971354166666667 0.453125 0.03125 0.033854166666666664
1 0.4544270833333333 0.42578125 0.0234375 0.028645833333333332
1 0.5390625 0.4049479166666667 0.020833333333333332 0.036458333333333336
1 0.5494791666666666 0.3346354166666667 0.033854166666666664 0.028645833333333332
1 0.4674479166666667 0.3893229166666667 0.036458333333333336 0.028645833333333332
1 0.8138020833333334 0.66796875 0.020833333333333332 0.020833333333333332
1 0.8046875 0.5234375 0.0234375 0.03125
1 0.6432291666666666 0.8645833333333334 0.018229166666666668 0.026041666666666668
1 0.6848958333333334 0.71484375 0.020833333333333332 0.036458333333333336
1 0.65234375 0.7682291666666666 0.020833333333333332 0.0390625
1 0.6692708333333334 0.6940104166666666 0.018229166666666668 0.033854166666666664
1 0.66015625 0.6692708333333334 0.0234375 0.015625
1 0.6809895833333334 0.6627604166666666 0.020833333333333332 0.036458333333333336
1 0.7747395833333334 0.53125 0.020833333333333332 0.026041666666666668
1 0.7721354166666666 0.5104166666666666 0.0234375 0.018229166666666668
1 0.5638020833333334 0.45703125 0.026041666666666668 0.0234375
1 0.4856770833333333 0.6744791666666666 0.026041666666666668 0.020833333333333332
1 0.5169270833333334 0.6666666666666666 0.020833333333333332 0.0234375
1 0.4765625 0.6966145833333334 0.020833333333333332 0.0390625
1 0.4635416666666667 0.5989583333333334 0.0234375 0.036458333333333336
1 0.3606770833333333 0.5950520833333334 0.0234375 0.0234375
1 0.4440104166666667 0.4348958333333333 0.0234375 0.033854166666666664
1 0.4973958333333333 0.4375 0.020833333333333332 0.0234375
1 0.5130208333333334 0.42578125 0.028645833333333332 0.0234375
1 0.5091145833333334 0.3671875 0.033854166666666664 0.026041666666666668
1 0.5403645833333334 0.3854166666666667 0.033854166666666664 0.036458333333333336
1 0.4036458333333333 0.6471354166666666 0.018229166666666668 0.0390625
1 0.8033854166666666 0.6953125 0.018229166666666668 0.026041666666666668
1 0.6497395833333334 0.8802083333333334 0.015625 0.0234375
1 0.73828125 0.4817708333333333 0.03125 0.026041666666666668
1 0.7526041666666666 0.5091145833333334 0.020833333333333332 0.03125
1 0.6458333333333334 0.5338541666666666 0.015625 0.020833333333333332
1 0.6184895833333334 0.48046875 0.020833333333333332 0.033854166666666664
1 0.5638020833333334 0.5221354166666666 0.020833333333333332 0.018229166666666668
1 0.55078125 0.52734375 0.018229166666666668 0.020833333333333332
1 0.5169270833333334 0.4622395833333333 0.018229166666666668 0.020833333333333332
1 0.5052083333333334 0.6484375 0.020833333333333332 0.020833333333333332
1 0.4505208333333333 0.625 0.0234375 0.033854166666666664
1 0.44921875 0.5286458333333334 0.018229166666666668 0.03125
1 0.4505208333333333 0.5520833333333334 0.026041666666666668 0.03125
1 0.3854166666666667 0.48828125 0.026041666666666668 0.028645833333333332
1 0.5455729166666666 0.3606770833333333 0.026041666666666668 0.03125
1 0.5716145833333334 0.3515625 0.020833333333333332 0.018229166666666668
1 0.5885416666666666 0.3346354166666667 0.028645833333333332 0.020833333333333332
1 0.3268229166666667 0.5794270833333334 0.026041666666666668 0.018229166666666668
1 0.8294270833333334 0.6549479166666666 0.015625 0.028645833333333332
1 0.8229166666666666 0.4986979166666667 0.036458333333333336 0.028645833333333332
1 0.67578125 0.6848958333333334 0.018229166666666668 0.03125
1 0.6796875 0.9049479166666666 0.020833333333333332 0.03125
1 0.6927083333333334 0.8190104166666666 0.033854166666666664 0.046875
1 0.7018229166666666 0.68359375 0.028645833333333332 0.03125
1 0.5846354166666666 0.703125 0.015625 0.0234375
1 0.50390625 0.5846354166666666 0.0234375 0.03125
1 0.80078125 0.5768229166666666 0.03125 0.0234375
1 0.703125 0.4140625 0.0234375 0.044270833333333336
1 0.65625 0.44921875 0.026041666666666668 0.020833333333333332
1 0.6184895833333334 0.4583333333333333 0.018229166666666668 0.033854166666666664
1 0.6002604166666666 0.43359375 0.015625 0.026041666666666668
1 0.61328125 0.4114583333333333 0.020833333333333332 0.03125
1 0.5572916666666666 0.5364583333333334 0.018229166666666668 0.028645833333333332
1 0.5338541666666666 0.5143229166666666 0.028645833333333332 0.028645833333333332
1 0.4973958333333333 0.6940104166666666 0.018229166666666668 0.026041666666666668
1 0.4427083333333333 0.5859375 0.026041666666666668 0.033854166666666664
1 0.34375 0.5859375 0.0234375 0.03125
1 0.3177083333333333 0.5859375 0.03125 0.026041666666666668
1 0.3684895833333333 0.5598958333333334 0.0234375 0.015625
1 0.3919270833333333 0.5833333333333334 0.028645833333333332 0.0234375
1 0.4661458333333333 0.5013020833333334 0.026041666666666668 0.0390625
1 0.4596354166666667 0.3815104166666667 0.028645833333333332 0.020833333333333332
1 0.43359375 0.3684895833333333 0.0234375 0.036458333333333336