1 0.5403645833333334 0.3580729166666667 0.059895833333333336 0.08333333333333333
1 0.6028645833333334 0.7955729166666666 0.052083333333333336 0.041666666666666664
1 0.5325520833333334 0.7109375 0.06510416666666667 0.052083333333333336
1 0.4348958333333333 0.7955729166666666 0.0625 0.052083333333333336
1 0.3372395833333333 0.5338541666666666 0.0546875 0.07291666666666667
1 0.5325520833333334 0.5026041666666666 0.0546875 0.052083333333333336
1 0.2734375 0.55078125 0.049479166666666664 0.07291666666666667
1 0.3684895833333333 0.3619791666666667 0.044270833333333336 0.06510416666666667
1 0.6106770833333334 0.48828125 0.052083333333333336 0.046875
1 0.4934895833333333 0.63671875 0.057291666666666664 0.059895833333333336
1 0.5794270833333334 0.8294270833333334 0.06510416666666667 0.0625
1 0.4388020833333333 0.26953125 0.057291666666666664 0.06770833333333333
1 0.5533854166666666 0.7877604166666666 0.057291666666666664 0.059895833333333336
1 0.4166666666666667 0.5143229166666666 0.059895833333333336 0.0625
1 0.3151041666666667 0.3346354166666667 0.052083333333333336 0.046875
1 0.3541666666666667 0.5364583333333334 0.0390625 0.057291666666666664
1 0.3307291666666667 0.23697916666666666 0.0625 0.0546875
1 0.4583333333333333 0.2981770833333333 0.052083333333333336 0.0703125
1 0.4348958333333333 0.3645833333333333 0.0546875 0.0703125
1 0.43359375 0.4609375 0.0546875 0.0703125
1 0.23177083333333334 0.5325520833333334 0.06510416666666667 0.0546875
1 0.2825520833333333 0.3984375 0.052083333333333336 0.0625