1 0.484375 0.6471354166666666 0.046875 0.08072916666666667
1 0.3463541666666667 0.2265625 0.049479166666666664 0.033854166666666664
1 0.4322916666666667 0.2981770833333333 0.059895833333333336 0.044270833333333336
1 0.51171875 0.19791666666666666 0.059895833333333336 0.044270833333333336
1 0.6549479166666666 0.4388020833333333 0.044270833333333336 0.0703125
1 0.4674479166666667 0.5026041666666666 0.049479166666666664 0.046875
1 0.71484375 0.41015625 0.0390625 0.0703125
1 0.6536458333333334 0.61328125 0.036458333333333336 0.0625
1 0.3932291666666667 0.53125 0.049479166666666664 0.041666666666666664
1 0.4830729166666667 0.3645833333333333 0.049479166666666664 0.0546875
1 0.3645833333333333 0.19010416666666666 0.059895833333333336 0.0546875
1 0.6002604166666666 0.7161458333333334 0.049479166666666664 0.0625
1 0.3971354166666667 0.22526041666666666 0.052083333333333336 0.0546875
1 0.5794270833333334 0.4713541666666667 0.0546875 0.057291666666666664
1 0.7109375 0.6315104166666666 0.049479166666666664 0.041666666666666664
1 0.6380208333333334 0.4388020833333333 0.03125 0.057291666666666664
1 0.7122395833333334 0.73046875 0.059895833333333336 0.049479166666666664
1 0.5768229166666666 0.69140625 0.044270833333333336 0.06510416666666667
1 0.5872395833333334 0.6223958333333334 0.044270833333333336 0.06770833333333333
1 0.5716145833333334 0.52734375 0.046875 0.06770833333333333
1 0.7591145833333334 0.4205729166666667 0.059895833333333336 0.046875
1 0.7317708333333334 0.5625 0.046875 0.059895833333333336