1 0.3411458333333333 0.3059895833333333 0.06510416666666667 0.049479166666666664
1 0.30859375 0.3307291666666667 0.0546875 0.078125
1 0.4817708333333333 0.44140625 0.057291666666666664 0.06510416666666667
1 0.3723958333333333 0.14322916666666666 0.046875 0.0859375
1 0.6953125 0.65234375 0.0625 0.07291666666666667
1 0.17708333333333334 0.6458333333333334 0.052083333333333336 0.08333333333333333
1 0.02734375 0.7447916666666666 0.0546875 0.052083333333333336
1 0.5677083333333334 0.8138020833333334 0.078125 0.07291666666666667
1 0.6158854166666666 0.2604166666666667 0.07552083333333333 0.12239583333333333
1 0.6223958333333334 0.7330729166666666 0.0625 0.046875
1 0.6106770833333334 0.5078125 0.08072916666666667 0.0703125
1 0.3359375 0.17838541666666666 0.0546875 0.0859375
1 0.2786458333333333 0.2799479166666667 0.0625 0.06770833333333333
1 0.8190104166666666 0.49609375 0.059895833333333336 0.0859375
1 0.2799479166666667 0.75 0.046875 0.0625
1 0.6796875 0.515625 0.06510416666666667 0.10677083333333333
1 0.6979166666666666 0.40234375 0.057291666666666664 0.06770833333333333
1 0.5625 0.6380208333333334 0.036458333333333336 0.036458333333333336
1 0.5963541666666666 0.6640625 0.052083333333333336 0.036458333333333336
1 0.265625 0.71875 0.057291666666666664 0.0859375
1 0.7825520833333334 0.5729166666666666 0.0625 0.0546875
1 0.3268229166666667 0.7838541666666666 0.046875 0.06770833333333333
1 0.421875 0.13802083333333334 0.078125 0.06770833333333333
1 0.6510416666666666 0.6809895833333334 0.059895833333333336 0.078125
1 0.3815104166666667 0.6315104166666666 0.057291666666666664 0.09635416666666667
1 0.453125 0.0859375 0.0546875 0.06510416666666667
1 0.13541666666666666 0.62890625 0.036458333333333336 0.07552083333333333
1 0.453125 0.7447916666666666 0.0703125 0.044270833333333336
1 0.3033854166666667 0.40234375 0.06770833333333333 0.059895833333333336
1 0.23307291666666666 0.6380208333333334 0.06770833333333333 0.0703125
1 0.7291666666666666 0.4153645833333333 0.0703125 0.09895833333333333
1 0.796875 0.4231770833333333 0.06510416666666667 0.09375
1 0.21614583333333334 0.7265625 0.059895833333333336 0.09635416666666667
1 0.2578125 0.4856770833333333 0.059895833333333336 0.08072916666666667
1 0.3580729166666667 0.7786458333333334 0.033854166666666664 0.046875