1 0.59375 0.5260416666666666 0.057291666666666664 0.057291666666666664
1 0.4869791666666667 0.53515625 0.057291666666666664 0.049479166666666664
1 0.5455729166666666 0.7096354166666666 0.0703125 0.052083333333333336
1 0.4114583333333333 0.5403645833333334 0.059895833333333336 0.033854166666666664
1 0.75390625 0.6067708333333334 0.044270833333333336 0.046875
1 0.55078125 0.5546875 0.049479166666666664 0.046875
1 0.5221354166666666 0.6354166666666666 0.057291666666666664 0.041666666666666664
1 0.3932291666666667 0.6302083333333334 0.033854166666666664 0.046875
1 0.3385416666666667 0.64453125 0.07552083333333333 0.046875
1 0.6927083333333334 0.5494791666666666 0.0703125 0.049479166666666664
1 0.6848958333333334 0.6640625 0.07552083333333333 0.044270833333333336
1 0.5885416666666666 0.6302083333333334 0.044270833333333336 0.044270833333333336
1 0.4140625 0.609375 0.041666666666666664 0.049479166666666664
1 0.5729166666666666 0.46875 0.057291666666666664 0.052083333333333336
1 0.65625 0.5859375 0.0625 0.03125
1 0.4778645833333333 0.7135416666666666 0.049479166666666664 0.049479166666666664