0 0.14322916666666666 0.2903645833333333 0.1328125 0.21614583333333334
0 0.6145833333333334 0.35546875 0.13541666666666666 0.21875
0 0.6315104166666666 0.8203125 0.1328125 0.21354166666666666
0 0.79296875 0.23307291666666666 0.1796875 0.2265625
0 0.3893229166666667 0.5416666666666666 0.16666666666666666 0.1328125
0 0.4908854166666667 0.8958333333333334 0.140625 0.20833333333333334
0 0.2565104166666667 0.7799479166666666 0.10677083333333333 0.20572916666666666
0 0.234375 0.6184895833333334 0.1015625 0.17447916666666666
0 0.6536458333333334 0.6184895833333334 0.15885416666666666 0.14583333333333334
0 0.578125 0.4817708333333333 0.17447916666666666 0.18229166666666666
0 0.5455729166666666 0.3541666666666667 0.171875 0.22916666666666666
0 0.3268229166666667 0.4270833333333333 0.1640625 0.171875