1 0.640625 0.24609375 0.0234375 0.049479166666666664
1 0.62890625 0.3658854166666667 0.020833333333333332 0.046875
1 0.5716145833333334 0.5234375 0.020833333333333332 0.046875
1 0.5338541666666666 0.5924479166666666 0.028645833333333332 0.03125
1 0.5130208333333334 0.4375 0.03125 0.033854166666666664
1 0.46484375 0.4557291666666667 0.0234375 0.046875
1 0.3984375 0.4088541666666667 0.026041666666666668 0.057291666666666664
1 0.4283854166666667 0.4739583333333333 0.028645833333333332 0.046875
1 0.4921875 0.59765625 0.028645833333333332 0.0390625
1 0.4674479166666667 0.5677083333333334 0.03125 0.036458333333333336
1 0.5390625 0.71875 0.028645833333333332 0.03125
1 0.5325520833333334 0.8450520833333334 0.0234375 0.057291666666666664
1 0.4192708333333333 0.28125 0.028645833333333332 0.046875
1 0.4388020833333333 0.23567708333333334 0.0390625 0.044270833333333336
1 0.6536458333333334 0.6549479166666666 0.026041666666666668 0.033854166666666664
1 0.59375 0.21354166666666666 0.026041666666666668 0.052083333333333336
1 0.609375 0.23046875 0.026041666666666668 0.0625
1 0.5234375 0.3697916666666667 0.028645833333333332 0.028645833333333332
1 0.4986979166666667 0.5065104166666666 0.0234375 0.033854166666666664
1 0.5052083333333334 0.5455729166666666 0.028645833333333332 0.033854166666666664
1 0.6341145833333334 0.2981770833333333 0.020833333333333332 0.057291666666666664
1 0.6393229166666666 0.3893229166666667 0.0234375 0.049479166666666664
1 0.58984375 0.57421875 0.028645833333333332 0.036458333333333336
1 0.56640625 0.5377604166666666 0.026041666666666668 0.046875
1 0.5338541666666666 0.5533854166666666 0.020833333333333332 0.046875
1 0.5338541666666666 0.53515625 0.0234375 0.033854166666666664
1 0.5768229166666666 0.4348958333333333 0.026041666666666668 0.0390625
1 0.5377604166666666 0.4440104166666667 0.026041666666666668 0.033854166666666664
1 0.5130208333333334 0.4609375 0.026041666666666668 0.046875
1 0.4895833333333333 0.3658854166666667 0.03125 0.028645833333333332
1 0.5078125 0.5169270833333334 0.03125 0.044270833333333336
1 0.51953125 0.63671875 0.036458333333333336 0.03125
1 0.51171875 0.7239583333333334 0.0234375 0.041666666666666664
1 0.5169270833333334 0.765625 0.03125 0.03125
1 0.4713541666666667 0.7291666666666666 0.026041666666666668 0.0390625
1 0.4622395833333333 0.8125 0.026041666666666668 0.044270833333333336
1 0.5677083333333334 0.7096354166666666 0.026041666666666668 0.052083333333333336
1 0.4700520833333333 0.2591145833333333 0.026041666666666668 0.044270833333333336
1 0.47265625 0.22786458333333334 0.026041666666666668 0.041666666666666664
1 0.5013020833333334 0.2630208333333333 0.028645833333333332 0.028645833333333332
1 0.19010416666666666 0.12890625 0.0234375 0.057291666666666664
1 0.5377604166666666 0.15494791666666666 0.03125 0.059895833333333336
1 0.5846354166666666 0.19401041666666666 0.020833333333333332 0.046875
1 0.5846354166666666 0.28125 0.028645833333333332 0.028645833333333332
1 0.5390625 0.265625 0.026041666666666668 0.044270833333333336
1 0.66015625 0.69921875 0.0234375 0.041666666666666664
1 0.5026041666666666 0.013020833333333334 0.026041666666666668 0.026041666666666668
1 0.51171875 0.5013020833333334 0.028645833333333332 0.044270833333333336
1 0.5924479166666666 0.16796875 0.026041666666666668 0.049479166666666664
1 0.6328125 0.3463541666666667 0.0234375 0.0546875
1 0.6236979166666666 0.5442708333333334 0.020833333333333332 0.052083333333333336
1 0.6015625 0.5546875 0.020833333333333332 0.049479166666666664
1 0.5768229166666666 0.6041666666666666 0.03125 0.036458333333333336
1 0.51953125 0.56640625 0.020833333333333332 0.046875
1 0.5221354166666666 0.4791666666666667 0.033854166666666664 0.033854166666666664
1 0.5052083333333334 0.3932291666666667 0.026041666666666668 0.049479166666666664
1 0.5598958333333334 0.3372395833333333 0.0390625 0.041666666666666664
1 0.4947916666666667 0.3125 0.0234375 0.049479166666666664
1 0.4622395833333333 0.4127604166666667 0.026041666666666668 0.044270833333333336
1 0.4908854166666667 0.6328125 0.033854166666666664 0.03125
1 0.52734375 0.6614583333333334 0.026041666666666668 0.041666666666666664
1 0.5481770833333334 0.70703125 0.0234375 0.057291666666666664
1 0.4609375 0.7161458333333334 0.033854166666666664 0.049479166666666664
1 0.5716145833333334 0.734375 0.0390625 0.028645833333333332
1 0.5911458333333334 0.6119791666666666 0.033854166666666664 0.0390625
1 0.3645833333333333 0.44921875 0.020833333333333332 0.049479166666666664
1 0.5885416666666666 0.25390625 0.033854166666666664 0.0390625
1 0.4973958333333333 0.06640625 0.020833333333333332 0.041666666666666664
1 0.66796875 0.5442708333333334 0.026041666666666668 0.049479166666666664
1 0.6276041666666666 0.23958333333333334 0.0234375 0.049479166666666664
1 0.5611979166666666 0.2552083333333333 0.020833333333333332 0.0546875
1 0.6263020833333334 0.29296875 0.018229166666666668 0.049479166666666664
1 0.51953125 0.2708333333333333 0.020833333333333332 0.033854166666666664
1 0.5533854166666666 0.46875 0.020833333333333332 0.0390625
1 0.6354166666666666 0.18359375 0.028645833333333332 0.049479166666666664
1 0.5651041666666666 0.03515625 0.026041666666666668 0.049479166666666664
1 0.6471354166666666 0.2799479166666667 0.026041666666666668 0.041666666666666664
1 0.6302083333333334 0.4127604166666667 0.03125 0.0546875
1 0.6497395833333334 0.3697916666666667 0.03125 0.033854166666666664
1 0.5950520833333334 0.4869791666666667 0.026041666666666668 0.049479166666666664
1 0.5572916666666666 0.62109375 0.0234375 0.044270833333333336
1 0.54296875 0.6158854166666666 0.0234375 0.041666666666666664
1 0.55859375 0.39453125 0.026041666666666668 0.052083333333333336
1 0.5338541666666666 0.4791666666666667 0.026041666666666668 0.041666666666666664
1 0.5377604166666666 0.3541666666666667 0.028645833333333332 0.033854166666666664
1 0.5299479166666666 0.3033854166666667 0.0234375 0.059895833333333336
1 0.4674479166666667 0.6223958333333334 0.0234375 0.028645833333333332
1 0.5208333333333334 0.6979166666666666 0.03125 0.026041666666666668
1 0.5598958333333334 0.765625 0.03125 0.026041666666666668
1 0.5950520833333334 0.7356770833333334 0.0234375 0.044270833333333336
1 0.4348958333333333 0.20703125 0.028645833333333332 0.052083333333333336
1 0.57421875 0.17578125 0.028645833333333332 0.041666666666666664
1 0.65234375 0.7434895833333334 0.026041666666666668 0.049479166666666664
1 0.5143229166666666 0.14192708333333334 0.03125 0.0390625
1 0.5729166666666666 0.2669270833333333 0.026041666666666668 0.028645833333333332
1 0.4869791666666667 0.48828125 0.028645833333333332 0.03125
1 0.69140625 0.08463541666666667 0.028645833333333332 0.046875
1 0.6783854166666666 0.125 0.0234375 0.0625
1 0.67578125 0.14713541666666666 0.020833333333333332 0.049479166666666664
1 0.6119791666666666 0.032552083333333336 0.018229166666666668 0.044270833333333336
1 0.56640625 0.10416666666666667 0.028645833333333332 0.041666666666666664
1 0.6640625 0.3190104166666667 0.020833333333333332 0.041666666666666664
1 0.5833333333333334 0.4934895833333333 0.026041666666666668 0.052083333333333336
1 0.5625 0.4518229166666667 0.033854166666666664 0.03125
1 0.51171875 0.3177083333333333 0.026041666666666668 0.036458333333333336
1 0.5221354166666666 0.7265625 0.026041666666666668 0.0546875
1 0.4453125 0.6666666666666666 0.0390625 0.044270833333333336
1 0.46484375 0.8307291666666666 0.0234375 0.059895833333333336
1 0.5846354166666666 0.6666666666666666 0.028645833333333332 0.036458333333333336
1 0.3736979166666667 0.5677083333333334 0.0234375 0.049479166666666664
1 0.4270833333333333 0.53515625 0.033854166666666664 0.046875
1 0.3958333333333333 0.3151041666666667 0.028645833333333332 0.0546875
1 0.4140625 0.22005208333333334 0.0234375 0.049479166666666664
1 0.4895833333333333 0.18098958333333334 0.03125 0.0390625
1 0.5065104166666666 0.17317708333333334 0.0234375 0.0546875
1 0.5221354166666666 0.20703125 0.033854166666666664 0.049479166666666664
1 0.5703125 0.19140625 0.0234375 0.044270833333333336
1 0.6041666666666666 0.2734375 0.020833333333333332 0.0546875
1 0.6822916666666666 0.671875 0.028645833333333332 0.044270833333333336
1 0.4231770833333333 0.018229166666666668 0.020833333333333332 0.026041666666666668
1 0.5481770833333334 0.25 0.0234375 0.0390625
1 0.6549479166666666 0.3177083333333333 0.026041666666666668 0.0390625
1 0.6119791666666666 0.3763020833333333 0.028645833333333332 0.033854166666666664
1 0.6119791666666666 0.4270833333333333 0.020833333333333332 0.052083333333333336
1 0.5716145833333334 0.35546875 0.036458333333333336 0.044270833333333336
1 0.6328125 0.5065104166666666 0.026041666666666668 0.049479166666666664
1 0.5989583333333334 0.47265625 0.033854166666666664 0.033854166666666664
1 0.5286458333333334 0.328125 0.026041666666666668 0.052083333333333336
1 0.4557291666666667 0.49609375 0.03125 0.036458333333333336
1 0.4700520833333333 0.5247395833333334 0.028645833333333332 0.041666666666666664
1 0.4895833333333333 0.5390625 0.03125 0.033854166666666664
1 0.4986979166666667 0.5716145833333334 0.0234375 0.0390625
1 0.4440104166666667 0.7760416666666666 0.0234375 0.046875
1 0.5052083333333334 0.8268229166666666 0.03125 0.033854166666666664
1 0.5716145833333334 0.7955729166666666 0.033854166666666664 0.046875
1 0.5950520833333334 0.2994791666666667 0.03125 0.0234375
1 0.5611979166666666 0.66015625 0.0234375 0.057291666666666664
1 0.4036458333333333 0.2955729166666667 0.033854166666666664 0.0390625
1 0.6158854166666666 0.7291666666666666 0.018229166666666668 0.0390625
1 0.4713541666666667 0.18489583333333334 0.033854166666666664 0.028645833333333332
1 0.4700520833333333 0.19921875 0.028645833333333332 0.041666666666666664
1 0.609375 0.015625 0.026041666666666668 0.028645833333333332
1 0.5625 0.5794270833333334 0.0234375 0.041666666666666664
1 0.5651041666666666 0.4869791666666667 0.028645833333333332 0.026041666666666668
1 0.5546875 0.4375 0.0234375 0.049479166666666664
1 0.5325520833333334 0.4114583333333333 0.033854166666666664 0.044270833333333336
1 0.5364583333333334 0.3697916666666667 0.03125 0.033854166666666664
1 0.515625 0.2981770833333333 0.0234375 0.0390625
1 0.4440104166666667 0.4140625 0.026041666666666668 0.052083333333333336
1 0.4791666666666667 0.4765625 0.03125 0.057291666666666664
1 0.4856770833333333 0.6106770833333334 0.026041666666666668 0.03125
1 0.4674479166666667 0.5989583333333334 0.028645833333333332 0.036458333333333336
1 0.5494791666666666 0.8619791666666666 0.03125 0.052083333333333336
1 0.4231770833333333 0.3190104166666667 0.028645833333333332 0.033854166666666664
1 0.4348958333333333 0.2955729166666667 0.026041666666666668 0.049479166666666664
1 0.5377604166666666 0.18880208333333334 0.020833333333333332 0.052083333333333336
1 0.5520833333333334 0.20572916666666666 0.026041666666666668 0.036458333333333336
1 0.5598958333333334 0.21484375 0.0234375 0.044270833333333336
1 0.5729166666666666 0.3020833333333333 0.03125 0.033854166666666664
1 0.5559895833333334 0.26953125 0.028645833333333332 0.044270833333333336
1 0.4921875 0.040364583333333336 0.028645833333333332 0.046875
1 0.5533854166666666 0.13151041666666666 0.026041666666666668 0.041666666666666664
1 0.6197916666666666 0.23307291666666666 0.026041666666666668 0.057291666666666664
1 0.5364583333333334 0.2786458333333333 0.026041666666666668 0.041666666666666664
1 0.4778645833333333 0.49609375 0.036458333333333336 0.026041666666666668
1 0.4713541666666667 0.55078125 0.028645833333333332 0.03125
1 0.5377604166666666 0.6953125 0.03125 0.026041666666666668
1 0.5859375 0.3723958333333333 0.033854166666666664 0.041666666666666664
1 0.546875 0.5755208333333334 0.020833333333333332 0.049479166666666664
1 0.5390625 0.4908854166666667 0.026041666666666668 0.041666666666666664
1 0.4947916666666667 0.4153645833333333 0.020833333333333332 0.0546875
1 0.4752604166666667 0.4153645833333333 0.020833333333333332 0.041666666666666664
1 0.4791666666666667 0.5794270833333334 0.03125 0.0234375
1 0.55078125 0.8111979166666666 0.028645833333333332 0.052083333333333336
1 0.3580729166666667 0.2903645833333333 0.033854166666666664 0.033854166666666664
1 0.4153645833333333 0.2981770833333333 0.026041666666666668 0.052083333333333336
1 0.3567708333333333 0.234375 0.0234375 0.046875
1 0.4505208333333333 0.17708333333333334 0.028645833333333332 0.0390625
1 0.4661458333333333 0.17317708333333334 0.03125 0.0234375
1 0.6731770833333334 0.6549479166666666 0.0234375 0.0546875
1 0.49609375 0.15625 0.026041666666666668 0.0390625
1 0.515625 0.3268229166666667 0.015625 0.041666666666666664
1 0.4869791666666667 0.2916666666666667 0.020833333333333332 0.044270833333333336
1 0.5755208333333334 0.4635416666666667 0.026041666666666668 0.036458333333333336