1 0.6536458333333334 0.859375 0.036458333333333336 0.07291666666666667
1 0.3684895833333333 0.8359375 0.0390625 0.0625
1 0.5950520833333334 0.6380208333333334 0.049479166666666664 0.03125
1 0.6770833333333334 0.859375 0.052083333333333336 0.0546875
1 0.2994791666666667 0.359375 0.046875 0.036458333333333336
1 0.7252604166666666 0.359375 0.049479166666666664 0.0625
1 0.4700520833333333 0.8059895833333334 0.052083333333333336 0.041666666666666664
1 0.375 0.3385416666666667 0.044270833333333336 0.044270833333333336
1 0.70703125 0.6106770833333334 0.06770833333333333 0.06770833333333333
1 0.078125 0.4622395833333333 0.0546875 0.078125
1 0.3932291666666667 0.3072916666666667 0.0546875 0.044270833333333336
1 0.27734375 0.3528645833333333 0.046875 0.041666666666666664
1 0.4856770833333333 0.421875 0.052083333333333336 0.046875
1 0.7317708333333334 0.4609375 0.052083333333333336 0.057291666666666664
1 0.6497395833333334 0.2916666666666667 0.0703125 0.06510416666666667
1 0.3580729166666667 0.84765625 0.033854166666666664 0.059895833333333336
1 0.4075520833333333 0.6744791666666666 0.0546875 0.0390625
1 0.5703125 0.4557291666666667 0.0546875 0.057291666666666664
1 0.6028645833333334 0.4127604166666667 0.041666666666666664 0.052083333333333336
1 0.5494791666666666 0.2682291666666667 0.049479166666666664 0.0625
1 0.5950520833333334 0.20833333333333334 0.057291666666666664 0.057291666666666664
1 0.4713541666666667 0.17447916666666666 0.06510416666666667 0.0546875
1 0.6822916666666666 0.62109375 0.044270833333333336 0.057291666666666664
1 0.3567708333333333 0.5260416666666666 0.041666666666666664 0.057291666666666664
1 0.83984375 0.5963541666666666 0.0546875 0.046875
1 0.7682291666666666 0.46484375 0.057291666666666664 0.06510416666666667
1 0.3138020833333333 0.52734375 0.0390625 0.06510416666666667
1 0.48046875 0.3255208333333333 0.0546875 0.049479166666666664