1 0.5768229166666666 0.4270833333333333 0.046875 0.0625
1 0.5598958333333334 0.3541666666666667 0.044270833333333336 0.0703125
1 0.4791666666666667 0.54296875 0.049479166666666664 0.07552083333333333
1 0.3346354166666667 0.609375 0.049479166666666664 0.06510416666666667
1 0.4830729166666667 0.4283854166666667 0.0390625 0.06770833333333333
1 0.28515625 0.3294270833333333 0.057291666666666664 0.052083333333333336
1 0.17708333333333334 0.5794270833333334 0.049479166666666664 0.041666666666666664
1 0.14583333333333334 0.67578125 0.0546875 0.06770833333333333
1 0.3997395833333333 0.4583333333333333 0.06770833333333333 0.06510416666666667
1 0.4049479166666667 0.54296875 0.049479166666666664 0.06770833333333333
1 0.5091145833333334 0.4166666666666667 0.052083333333333336 0.0703125
1 0.24869791666666666 0.3971354166666667 0.041666666666666664 0.0546875
1 0.21484375 0.7317708333333334 0.041666666666666664 0.06510416666666667
1 0.36328125 0.5299479166666666 0.057291666666666664 0.07291666666666667
1 0.3684895833333333 0.5078125 0.044270833333333336 0.059895833333333336
1 0.453125 0.4049479166666667 0.057291666666666664 0.049479166666666664
1 0.5104166666666666 0.5286458333333334 0.0546875 0.049479166666666664
1 0.24088541666666666 0.3828125 0.041666666666666664 0.0625
1 0.3151041666666667 0.53125 0.052083333333333336 0.06770833333333333
1 0.4869791666666667 0.48828125 0.046875 0.041666666666666664
1 0.46484375 0.5078125 0.059895833333333336 0.049479166666666664
1 0.2708333333333333 0.4322916666666667 0.041666666666666664 0.0625
1 0.48046875 0.6328125 0.052083333333333336 0.0625
1 0.2864583333333333 0.5169270833333334 0.046875 0.0390625
1 0.18489583333333334 0.30078125 0.049479166666666664 0.06510416666666667
1 0.4322916666666667 0.4895833333333333 0.049479166666666664 0.059895833333333336
1 0.1640625 0.359375 0.052083333333333336 0.06770833333333333
1 0.40234375 0.51953125 0.046875 0.057291666666666664
1 0.5638020833333334 0.4791666666666667 0.052083333333333336 0.049479166666666664
1 0.5494791666666666 0.3255208333333333 0.057291666666666664 0.052083333333333336
1 0.5494791666666666 0.5247395833333334 0.052083333333333336 0.0625
1 0.5104166666666666 0.4934895833333333 0.046875 0.049479166666666664