1 0.5364583333333334 0.7955729166666666 0.018229166666666668 0.0546875
1 0.48828125 0.6966145833333334 0.0234375 0.044270833333333336
1 0.5338541666666666 0.71875 0.013020833333333334 0.046875
1 0.4856770833333333 0.61328125 0.026041666666666668 0.041666666666666664
1 0.4322916666666667 0.5013020833333334 0.018229166666666668 0.0546875
1 0.4088541666666667 0.3854166666666667 0.020833333333333332 0.036458333333333336
1 0.5716145833333334 0.5625 0.026041666666666668 0.03125
1 0.6927083333333334 0.58203125 0.026041666666666668 0.0390625
1 0.5846354166666666 0.5911458333333334 0.033854166666666664 0.033854166666666664
1 0.4270833333333333 0.39453125 0.026041666666666668 0.0234375
1 0.4440104166666667 0.2916666666666667 0.0234375 0.0390625
1 0.6575520833333334 0.4752604166666667 0.0234375 0.0390625
1 0.5950520833333334 0.5091145833333334 0.028645833333333332 0.020833333333333332
1 0.5481770833333334 0.6783854166666666 0.026041666666666668 0.033854166666666664
1 0.5286458333333334 0.5859375 0.018229166666666668 0.052083333333333336
1 0.5247395833333334 0.5325520833333334 0.026041666666666668 0.0390625
1 0.3932291666666667 0.35546875 0.020833333333333332 0.041666666666666664
1 0.5338541666666666 0.6302083333333334 0.020833333333333332 0.044270833333333336
1 0.4127604166666667 0.40625 0.03125 0.020833333333333332
1 0.59765625 0.7005208333333334 0.020833333333333332 0.0546875
1 0.6510416666666666 0.5130208333333334 0.013020833333333334 0.046875
1 0.54296875 0.53125 0.028645833333333332 0.036458333333333336
1 0.47265625 0.6796875 0.026041666666666668 0.044270833333333336
1 0.4518229166666667 0.55859375 0.0234375 0.046875
1 0.4739583333333333 0.6171875 0.0234375 0.041666666666666664
1 0.4674479166666667 0.6302083333333334 0.018229166666666668 0.044270833333333336
1 0.5208333333333334 0.6145833333333334 0.020833333333333332 0.03125
1 0.5924479166666666 0.5638020833333334 0.03125 0.020833333333333332
1 0.52734375 0.3619791666666667 0.026041666666666668 0.033854166666666664
1 0.5442708333333334 0.7369791666666666 0.015625 0.046875
1 0.5221354166666666 0.6484375 0.0234375 0.041666666666666664
1 0.5416666666666666 0.4947916666666667 0.026041666666666668 0.026041666666666668
1 0.50390625 0.80859375 0.026041666666666668 0.046875
1 0.5 0.3125 0.015625 0.0546875
1 0.5065104166666666 0.3424479166666667 0.018229166666666668 0.041666666666666664
1 0.5442708333333334 0.7955729166666666 0.013020833333333334 0.057291666666666664
1 0.54296875 0.6380208333333334 0.015625 0.049479166666666664
1 0.63671875 0.515625 0.028645833333333332 0.020833333333333332
1 0.5807291666666666 0.5390625 0.028645833333333332 0.044270833333333336
1 0.41796875 0.46484375 0.026041666666666668 0.033854166666666664