1 0.5078125 0.265625 0.08854166666666667 0.044270833333333336
1 0.5559895833333334 0.67578125 0.09375 0.06510416666666667
1 0.24609375 0.5260416666666666 0.08333333333333333 0.052083333333333336
1 0.22135416666666666 0.5494791666666666 0.078125 0.057291666666666664
1 0.24609375 0.7591145833333334 0.10677083333333333 0.07552083333333333
1 0.6223958333333334 0.5638020833333334 0.14583333333333334 0.049479166666666664
1 0.055989583333333336 0.4830729166666667 0.06510416666666667 0.06770833333333333
1 0.53515625 0.31640625 0.13541666666666666 0.08072916666666667
1 0.45703125 0.6888020833333334 0.11197916666666667 0.052083333333333336
1 0.8333333333333334 0.2565104166666667 0.1328125 0.057291666666666664
1 0.5013020833333334 0.27734375 0.046875 0.033854166666666664
1 0.22265625 0.33203125 0.16145833333333334 0.06510416666666667
1 0.5247395833333334 0.42578125 0.036458333333333336 0.03125
1 0.484375 0.4544270833333333 0.078125 0.036458333333333336
1 0.671875 0.5859375 0.057291666666666664 0.059895833333333336