1 0.4140625 0.3893229166666667 0.033854166666666664 0.041666666666666664
1 0.55078125 0.3697916666666667 0.026041666666666668 0.033854166666666664
1 0.578125 0.7421875 0.028645833333333332 0.028645833333333332
1 0.3502604166666667 0.7278645833333334 0.03125 0.041666666666666664
1 0.6315104166666666 0.67578125 0.026041666666666668 0.049479166666666664
1 0.5846354166666666 0.703125 0.015625 0.028645833333333332
1 0.5234375 0.3580729166666667 0.026041666666666668 0.0390625
1 0.7083333333333334 0.6653645833333334 0.0234375 0.046875
1 0.5690104166666666 0.5885416666666666 0.033854166666666664 0.026041666666666668
1 0.5638020833333334 0.6419270833333334 0.033854166666666664 0.020833333333333332
1 0.5104166666666666 0.5390625 0.020833333333333332 0.044270833333333336
1 0.3177083333333333 0.3333333333333333 0.028645833333333332 0.044270833333333336
1 0.5598958333333334 0.5169270833333334 0.03125 0.049479166666666664
1 0.45703125 0.6575520833333334 0.0234375 0.0390625
1 0.546875 0.5247395833333334 0.018229166666666668 0.033854166666666664
1 0.6419270833333334 0.16927083333333334 0.028645833333333332 0.028645833333333332
1 0.6809895833333334 0.5859375 0.03125 0.046875
1 0.4505208333333333 0.4075520833333333 0.033854166666666664 0.044270833333333336
1 0.4010416666666667 0.1953125 0.036458333333333336 0.03125
1 0.4713541666666667 0.45703125 0.028645833333333332 0.0390625
1 0.6692708333333334 0.6640625 0.03125 0.036458333333333336
1 0.4205729166666667 0.23567708333333334 0.0390625 0.046875
1 0.4791666666666667 0.4153645833333333 0.0234375 0.0390625
1 0.50390625 0.484375 0.026041666666666668 0.0390625
1 0.640625 0.6080729166666666 0.033854166666666664 0.028645833333333332
1 0.4583333333333333 0.6744791666666666 0.026041666666666668 0.03125
1 0.515625 0.6705729166666666 0.020833333333333332 0.015625
1 0.6940104166666666 0.7630208333333334 0.020833333333333332 0.036458333333333336
1 0.5677083333333334 0.5755208333333334 0.028645833333333332 0.018229166666666668
1 0.5390625 0.51171875 0.028645833333333332 0.0390625
1 0.64453125 0.5143229166666666 0.033854166666666664 0.0234375
1 0.7044270833333334 0.5625 0.041666666666666664 0.036458333333333336
1 0.76171875 0.3385416666666667 0.03125 0.049479166666666664
1 0.6315104166666666 0.4361979166666667 0.033854166666666664 0.0546875
1 0.75 0.390625 0.0234375 0.046875
1 0.42578125 0.8723958333333334 0.020833333333333332 0.0390625
1 0.5494791666666666 0.29296875 0.0390625 0.028645833333333332
1 0.5052083333333334 0.4583333333333333 0.03125 0.020833333333333332
1 0.6940104166666666 0.7395833333333334 0.026041666666666668 0.049479166666666664
1 0.48828125 0.35546875 0.028645833333333332 0.036458333333333336
1 0.6419270833333334 0.5416666666666666 0.0390625 0.044270833333333336
1 0.5390625 0.6002604166666666 0.026041666666666668 0.026041666666666668
1 0.59765625 0.53515625 0.026041666666666668 0.041666666666666664
1 0.4518229166666667 0.2669270833333333 0.026041666666666668 0.049479166666666664
1 0.6106770833333334 0.44140625 0.036458333333333336 0.0234375
1 0.7330729166666666 0.5104166666666666 0.036458333333333336 0.036458333333333336
1 0.4375 0.16927083333333334 0.0234375 0.033854166666666664
1 0.48046875 0.4309895833333333 0.018229166666666668 0.041666666666666664
1 0.4934895833333333 0.44921875 0.020833333333333332 0.026041666666666668
1 0.3854166666666667 0.3255208333333333 0.0234375 0.044270833333333336
1 0.44921875 0.3776041666666667 0.020833333333333332 0.041666666666666664
1 0.46484375 0.3502604166666667 0.028645833333333332 0.033854166666666664
1 0.6796875 0.7044270833333334 0.033854166666666664 0.036458333333333336
1 0.6119791666666666 0.5338541666666666 0.0234375 0.049479166666666664
1 0.48046875 0.3684895833333333 0.020833333333333332 0.0390625
1 0.4921875 0.2643229166666667 0.028645833333333332 0.049479166666666664
1 0.38671875 0.18359375 0.020833333333333332 0.033854166666666664
1 0.4856770833333333 0.5013020833333334 0.028645833333333332 0.0234375
1 0.7434895833333334 0.6901041666666666 0.0234375 0.033854166666666664
1 0.71875 0.19010416666666666 0.015625 0.020833333333333332
1 0.7239583333333334 0.4609375 0.033854166666666664 0.036458333333333336
1 0.703125 0.25 0.044270833333333336 0.03125
1 0.4856770833333333 0.3216145833333333 0.020833333333333332 0.036458333333333336
1 0.3541666666666667 0.3307291666666667 0.028645833333333332 0.0390625
1 0.47265625 0.7174479166666666 0.03125 0.026041666666666668
1 0.51171875 0.5690104166666666 0.03125 0.0234375
1 0.6549479166666666 0.68359375 0.0234375 0.041666666666666664
1 0.3815104166666667 0.24088541666666666 0.03125 0.03125
1 0.6770833333333334 0.7486979166666666 0.036458333333333336 0.0390625
1 0.53125 0.62109375 0.026041666666666668 0.03125
1 0.4192708333333333 0.15494791666666666 0.015625 0.018229166666666668
1 0.4986979166666667 0.3138020833333333 0.020833333333333332 0.041666666666666664
1 0.5611979166666666 0.3125 0.026041666666666668 0.033854166666666664
1 0.5598958333333334 0.22005208333333334 0.028645833333333332 0.052083333333333336
1 0.4973958333333333 0.43359375 0.0234375 0.015625
1 0.4466145833333333 0.328125 0.020833333333333332 0.036458333333333336
1 0.62890625 0.703125 0.028645833333333332 0.020833333333333332
1 0.5065104166666666 0.4479166666666667 0.015625 0.026041666666666668
1 0.6471354166666666 0.6497395833333334 0.03125 0.0390625
1 0.4583333333333333 0.6171875 0.03125 0.0234375
1 0.4830729166666667 0.5625 0.020833333333333332 0.044270833333333336
1 0.4817708333333333 0.68359375 0.028645833333333332 0.033854166666666664
1 0.4231770833333333 0.3580729166666667 0.03125 0.020833333333333332
1 0.4674479166666667 0.5169270833333334 0.036458333333333336 0.041666666666666664
1 0.5377604166666666 0.5755208333333334 0.03125 0.033854166666666664
1 0.5208333333333334 0.5182291666666666 0.028645833333333332 0.020833333333333332
1 0.5546875 0.5572916666666666 0.026041666666666668 0.033854166666666664
1 0.58203125 0.53125 0.026041666666666668 0.052083333333333336
1 0.47265625 0.3020833333333333 0.0234375 0.033854166666666664
1 0.69921875 0.5416666666666666 0.033854166666666664 0.03125
1 0.7135416666666666 0.2265625 0.026041666666666668 0.0234375
1 0.3958333333333333 0.18229166666666666 0.0234375 0.028645833333333332
1 0.6236979166666666 0.6315104166666666 0.020833333333333332 0.044270833333333336
1 0.6223958333333334 0.5703125 0.020833333333333332 0.033854166666666664
1 0.56640625 0.7369791666666666 0.044270833333333336 0.044270833333333336
1 0.53515625 0.5520833333333334 0.028645833333333332 0.028645833333333332
1 0.37109375 0.37109375 0.03125 0.0234375
1 0.4453125 0.671875 0.0234375 0.036458333333333336
1 0.4973958333333333 0.5494791666666666 0.03125 0.041666666666666664
1 0.5677083333333334 0.6783854166666666 0.028645833333333332 0.036458333333333336
1 0.6380208333333334 0.6614583333333334 0.0234375 0.046875
1 0.47265625 0.37109375 0.028645833333333332 0.020833333333333332
1 0.4908854166666667 0.5377604166666666 0.028645833333333332 0.036458333333333336
1 0.7265625 0.7044270833333334 0.026041666666666668 0.046875
1 0.4557291666666667 0.3098958333333333 0.0234375 0.0390625
1 0.6666666666666666 0.5390625 0.03125 0.041666666666666664
1 0.4921875 0.3151041666666667 0.020833333333333332 0.049479166666666664
1 0.6236979166666666 0.39453125 0.0234375 0.044270833333333336
1 0.5 0.3411458333333333 0.0234375 0.020833333333333332
1 0.8294270833333334 0.76171875 0.036458333333333336 0.036458333333333336
1 0.4791666666666667 0.5325520833333334 0.0390625 0.026041666666666668
1 0.4713541666666667 0.4244791666666667 0.015625 0.03125
1 0.33984375 0.3072916666666667 0.03125 0.036458333333333336
1 0.4830729166666667 0.3932291666666667 0.033854166666666664 0.026041666666666668
1 0.4296875 0.6901041666666666 0.033854166666666664 0.036458333333333336
1 0.5911458333333334 0.625 0.036458333333333336 0.03125
1 0.60546875 0.50390625 0.03125 0.036458333333333336
1 0.60546875 0.5598958333333334 0.026041666666666668 0.0390625
1 0.5221354166666666 0.64453125 0.041666666666666664 0.044270833333333336
1 0.6106770833333334 0.66796875 0.036458333333333336 0.03125
1 0.421875 0.6302083333333334 0.0234375 0.028645833333333332
1 0.6770833333333334 0.67578125 0.041666666666666664 0.036458333333333336
1 0.5885416666666666 0.5794270833333334 0.033854166666666664 0.03125
1 0.3723958333333333 0.6731770833333334 0.036458333333333336 0.026041666666666668
1 0.58984375 0.6536458333333334 0.033854166666666664 0.041666666666666664
1 0.6223958333333334 0.52734375 0.0234375 0.049479166666666664
1 0.6796875 0.4466145833333333 0.033854166666666664 0.03125
1 0.5208333333333334 0.29296875 0.026041666666666668 0.018229166666666668