1 0.22526041666666666 0.5494791666666666 0.046875 0.0625
1 0.2604166666666667 0.53125 0.049479166666666664 0.057291666666666664
1 0.3151041666666667 0.421875 0.052083333333333336 0.057291666666666664
1 0.4622395833333333 0.4205729166666667 0.057291666666666664 0.057291666666666664
1 0.5833333333333334 0.6067708333333334 0.08333333333333333 0.0625
1 0.5364583333333334 0.5286458333333334 0.08333333333333333 0.052083333333333336
1 0.4596354166666667 0.3763020833333333 0.0859375 0.044270833333333336
1 0.52734375 0.3841145833333333 0.06770833333333333 0.041666666666666664
1 0.6484375 0.5455729166666666 0.08854166666666667 0.057291666666666664
1 0.62890625 0.4934895833333333 0.1015625 0.0703125
1 0.3463541666666667 0.5130208333333334 0.06510416666666667 0.0703125
1 0.2942708333333333 0.44140625 0.06770833333333333 0.0703125
1 0.6080729166666666 0.515625 0.08333333333333333 0.052083333333333336
1 0.4401041666666667 0.4479166666666667 0.08072916666666667 0.052083333333333336
1 0.4622395833333333 0.3958333333333333 0.078125 0.044270833333333336
1 0.37109375 0.390625 0.078125 0.07552083333333333
1 0.5520833333333334 0.6106770833333334 0.059895833333333336 0.06510416666666667
1 0.5989583333333334 0.5833333333333334 0.07291666666666667 0.044270833333333336
1 0.23828125 0.4817708333333333 0.07552083333333333 0.046875
1 0.4778645833333333 0.5169270833333334 0.07552083333333333 0.057291666666666664
1 0.5494791666666666 0.49609375 0.06510416666666667 0.057291666666666664
1 0.3880208333333333 0.3072916666666667 0.06510416666666667 0.06770833333333333
1 0.3111979166666667 0.53125 0.0390625 0.046875