1 0.4205729166666667 0.4986979166666667 0.041666666666666664 0.049479166666666664
1 0.5286458333333334 0.5833333333333334 0.041666666666666664 0.052083333333333336
1 0.6966145833333334 0.4153645833333333 0.044270833333333336 0.052083333333333336
1 0.72265625 0.3932291666666667 0.0390625 0.059895833333333336
1 0.4518229166666667 0.4778645833333333 0.036458333333333336 0.046875
1 0.3776041666666667 0.5221354166666666 0.057291666666666664 0.046875
1 0.48046875 0.4270833333333333 0.06510416666666667 0.06770833333333333
1 0.5299479166666666 0.4010416666666667 0.0546875 0.044270833333333336
1 0.5533854166666666 0.40625 0.0546875 0.052083333333333336
1 0.5989583333333334 0.4153645833333333 0.041666666666666664 0.0625
1 0.24739583333333334 0.60546875 0.06510416666666667 0.08333333333333333
1 0.2747395833333333 0.5598958333333334 0.057291666666666664 0.049479166666666664
1 0.390625 0.5403645833333334 0.052083333333333336 0.052083333333333336
1 0.6744791666666666 0.3880208333333333 0.044270833333333336 0.033854166666666664
1 0.625 0.46875 0.059895833333333336 0.06770833333333333
1 0.5247395833333334 0.4544270833333333 0.0703125 0.09114583333333333
1 0.6471354166666666 0.3502604166666667 0.057291666666666664 0.06510416666666667
1 0.5520833333333334 0.48828125 0.046875 0.059895833333333336
1 0.6940104166666666 0.31640625 0.0546875 0.0625
1 0.5559895833333334 0.36328125 0.057291666666666664 0.0546875