1 0.6901041666666666 0.6744791666666666 0.044270833333333336 0.059895833333333336
1 0.5364583333333334 0.3567708333333333 0.0546875 0.07291666666666667
1 0.5221354166666666 0.46875 0.049479166666666664 0.07291666666666667
1 0.44140625 0.3984375 0.052083333333333336 0.057291666666666664
1 0.39453125 0.7799479166666666 0.046875 0.0625
1 0.4244791666666667 0.86328125 0.041666666666666664 0.06510416666666667
1 0.7200520833333334 0.68359375 0.046875 0.057291666666666664
1 0.5559895833333334 0.6510416666666666 0.0546875 0.06510416666666667
1 0.6484375 0.4296875 0.052083333333333336 0.06510416666666667
1 0.43359375 0.70703125 0.046875 0.049479166666666664
1 0.6171875 0.7174479166666666 0.046875 0.049479166666666664
1 0.65234375 0.6302083333333334 0.041666666666666664 0.0625
1 0.4908854166666667 0.6966145833333334 0.052083333333333336 0.052083333333333336
1 0.5208333333333334 0.2799479166666667 0.041666666666666664 0.057291666666666664
1 0.2682291666666667 0.6041666666666666 0.049479166666666664 0.059895833333333336
1 0.2955729166666667 0.7356770833333334 0.049479166666666664 0.0625
1 0.39453125 0.3763020833333333 0.041666666666666664 0.0625
1 0.6536458333333334 0.6861979166666666 0.0546875 0.0625
1 0.6041666666666666 0.6536458333333334 0.0546875 0.078125
1 0.23958333333333334 0.4466145833333333 0.0625 0.0703125
1 0.25 0.4908854166666667 0.0546875 0.059895833333333336
1 0.4596354166666667 0.4388020833333333 0.046875 0.0625
1 0.6302083333333334 0.7526041666666666 0.041666666666666664 0.06510416666666667
1 0.4127604166666667 0.375 0.049479166666666664 0.06510416666666667
1 0.5403645833333334 0.4010416666666667 0.044270833333333336 0.052083333333333336
1 0.50390625 0.5546875 0.052083333333333336 0.07291666666666667
1 0.4361979166666667 0.19791666666666666 0.052083333333333336 0.078125
1 0.53125 0.2708333333333333 0.046875 0.07291666666666667
1 0.3541666666666667 0.7473958333333334 0.041666666666666664 0.046875
1 0.5846354166666666 0.3684895833333333 0.052083333333333336 0.0625
1 0.359375 0.1796875 0.0625 0.059895833333333336
1 0.21875 0.17708333333333334 0.046875 0.059895833333333336
1 0.23828125 0.23567708333333334 0.049479166666666664 0.052083333333333336
1 0.5013020833333334 0.5963541666666666 0.049479166666666664 0.0703125
1 0.55859375 0.2994791666666667 0.049479166666666664 0.06770833333333333
1 0.7174479166666666 0.6614583333333334 0.041666666666666664 0.059895833333333336
1 0.5833333333333334 0.5065104166666666 0.052083333333333336 0.06770833333333333
1 0.3997395833333333 0.57421875 0.049479166666666664 0.057291666666666664
1 0.3841145833333333 0.6575520833333334 0.044270833333333336 0.052083333333333336
1 0.42578125 0.24869791666666666 0.057291666666666664 0.08072916666666667
1 0.32421875 0.2799479166666667 0.0390625 0.057291666666666664
1 0.2903645833333333 0.60546875 0.044270833333333336 0.057291666666666664
1 0.24869791666666666 0.609375 0.0546875 0.059895833333333336