1 0.6080729166666666 0.38671875 0.057291666666666664 0.041666666666666664
1 0.60546875 0.2109375 0.0390625 0.0390625
1 0.3333333333333333 0.3932291666666667 0.052083333333333336 0.052083333333333336
1 0.3984375 0.71875 0.0625 0.033854166666666664
1 0.7122395833333334 0.5286458333333334 0.026041666666666668 0.052083333333333336
1 0.5520833333333334 0.21614583333333334 0.0390625 0.0703125
1 0.6822916666666666 0.55859375 0.049479166666666664 0.03125
1 0.4036458333333333 0.53125 0.041666666666666664 0.06510416666666667
1 0.6184895833333334 0.4869791666666667 0.041666666666666664 0.052083333333333336
1 0.7252604166666666 0.5703125 0.0546875 0.046875
1 0.7057291666666666 0.3138020833333333 0.041666666666666664 0.049479166666666664
1 0.7239583333333334 0.19921875 0.041666666666666664 0.046875
1 0.078125 0.9869791666666666 0.03125 0.026041666666666668
1 0.7044270833333334 0.11197916666666667 0.03125 0.06510416666666667
1 0.7330729166666666 0.4791666666666667 0.0234375 0.052083333333333336
1 0.8372395833333334 0.5455729166666666 0.041666666666666664 0.059895833333333336
1 0.6901041666666666 0.2955729166666667 0.044270833333333336 0.041666666666666664
1 0.59375 0.3489583333333333 0.046875 0.041666666666666664
1 0.4466145833333333 0.17317708333333334 0.052083333333333336 0.0546875
1 0.50390625 0.18229166666666666 0.049479166666666664 0.0625
1 0.6796875 0.5325520833333334 0.0390625 0.041666666666666664
1 0.2786458333333333 0.5455729166666666 0.0625 0.036458333333333336
1 0.4231770833333333 0.47265625 0.036458333333333336 0.06510416666666667
1 0.7057291666666666 0.4934895833333333 0.052083333333333336 0.049479166666666664
1 0.65234375 0.6223958333333334 0.036458333333333336 0.059895833333333336
1 0.6744791666666666 0.3463541666666667 0.046875 0.0390625
1 0.64453125 0.4635416666666667 0.041666666666666664 0.059895833333333336
1 0.73046875 0.5208333333333334 0.041666666666666664 0.057291666666666664
1 0.6875 0.26953125 0.041666666666666664 0.020833333333333332
1 0.61328125 0.18098958333333334 0.036458333333333336 0.059895833333333336
1 0.6575520833333334 0.69140625 0.0390625 0.049479166666666664
1 0.6341145833333334 0.3033854166666667 0.049479166666666664 0.0546875
1 0.5559895833333334 0.2721354166666667 0.052083333333333336 0.028645833333333332
1 0.77734375 0.3138020833333333 0.03125 0.057291666666666664
1 0.64453125 0.3697916666666667 0.033854166666666664 0.059895833333333336
1 0.3932291666666667 0.44921875 0.052083333333333336 0.0546875
1 0.6640625 0.5260416666666666 0.036458333333333336 0.052083333333333336
1 0.6419270833333334 0.546875 0.028645833333333332 0.044270833333333336
1 0.4791666666666667 0.4505208333333333 0.057291666666666664 0.036458333333333336
1 0.7682291666666666 0.5520833333333334 0.041666666666666664 0.059895833333333336
1 0.73828125 0.2552083333333333 0.046875 0.049479166666666664
1 0.34765625 0.8294270833333334 0.028645833333333332 0.0546875
1 0.6705729166666666 0.21744791666666666 0.033854166666666664 0.059895833333333336