1 0.6432291666666666 0.34765625 0.052083333333333336 0.052083333333333336
1 0.5481770833333334 0.5377604166666666 0.0546875 0.036458333333333336
1 0.44921875 0.5846354166666666 0.052083333333333336 0.046875
1 0.4622395833333333 0.4479166666666667 0.044270833333333336 0.041666666666666664
1 0.421875 0.3268229166666667 0.046875 0.0390625
1 0.3333333333333333 0.5911458333333334 0.041666666666666664 0.046875
1 0.3919270833333333 0.5729166666666666 0.044270833333333336 0.041666666666666664
1 0.4752604166666667 0.3763020833333333 0.046875 0.046875
1 0.3229166666666667 0.16536458333333334 0.03125 0.036458333333333336
1 0.45703125 0.3815104166666667 0.052083333333333336 0.046875
1 0.4088541666666667 0.3567708333333333 0.049479166666666664 0.044270833333333336
1 0.359375 0.16536458333333334 0.041666666666666664 0.046875
1 0.3567708333333333 0.24088541666666666 0.059895833333333336 0.033854166666666664
1 0.3385416666666667 0.17578125 0.028645833333333332 0.0390625
1 0.41796875 0.5924479166666666 0.044270833333333336 0.041666666666666664
1 0.24479166666666666 0.4921875 0.052083333333333336 0.033854166666666664
1 0.3619791666666667 0.2513020833333333 0.0546875 0.0390625
1 0.3489583333333333 0.1796875 0.041666666666666664 0.046875
1 0.3580729166666667 0.48046875 0.049479166666666664 0.036458333333333336
1 0.328125 0.125 0.057291666666666664 0.057291666666666664
1 0.31640625 0.14973958333333334 0.041666666666666664 0.036458333333333336
1 0.3763020833333333 0.6276041666666666 0.0546875 0.041666666666666664
1 0.4153645833333333 0.5481770833333334 0.049479166666666664 0.036458333333333336
1 0.3255208333333333 0.546875 0.0390625 0.044270833333333336
1 0.2799479166666667 0.62109375 0.0546875 0.0390625
1 0.421875 0.28125 0.046875 0.046875
1 0.4049479166666667 0.5559895833333334 0.03125 0.033854166666666664
1 0.3645833333333333 0.5651041666666666 0.059895833333333336 0.049479166666666664
1 0.2838541666666667 0.20703125 0.0546875 0.036458333333333336