1 0.07161458333333333 0.4622395833333333 0.036458333333333336 0.020833333333333332
1 0.4674479166666667 0.62109375 0.03125 0.020833333333333332
1 0.3515625 0.3359375 0.0390625 0.028645833333333332
1 0.5807291666666666 0.4895833333333333 0.033854166666666664 0.028645833333333332
1 0.5299479166666666 0.39453125 0.057291666666666664 0.036458333333333336
1 0.4830729166666667 0.44921875 0.03125 0.03125
1 0.27734375 0.6328125 0.020833333333333332 0.020833333333333332
1 0.7122395833333334 0.23046875 0.03125 0.03125
1 0.2109375 0.4869791666666667 0.033854166666666664 0.026041666666666668
1 0.5091145833333334 0.5859375 0.041666666666666664 0.03125
1 0.6236979166666666 0.7486979166666666 0.03125 0.0234375
1 0.6588541666666666 0.265625 0.036458333333333336 0.0234375
1 0.51171875 0.2604166666666667 0.041666666666666664 0.036458333333333336
1 0.6979166666666666 0.26171875 0.036458333333333336 0.03125
1 0.4153645833333333 0.5377604166666666 0.044270833333333336 0.028645833333333332
1 0.48046875 0.5013020833333334 0.0234375 0.013020833333333334
1 0.7135416666666666 0.6341145833333334 0.036458333333333336 0.028645833333333332
1 0.4713541666666667 0.48828125 0.018229166666666668 0.0234375
1 0.4557291666666667 0.6419270833333334 0.036458333333333336 0.018229166666666668
1 0.234375 0.36328125 0.041666666666666664 0.036458333333333336
1 0.6875 0.5364583333333334 0.026041666666666668 0.026041666666666668
1 0.40625 0.4231770833333333 0.026041666666666668 0.026041666666666668
1 0.5651041666666666 0.53125 0.03125 0.028645833333333332
1 0.53515625 0.5481770833333334 0.03125 0.03125
1 0.68359375 0.3671875 0.018229166666666668 0.026041666666666668
1 0.3333333333333333 0.4544270833333333 0.041666666666666664 0.0234375
1 0.5078125 0.671875 0.0234375 0.0234375
1 0.3359375 0.4401041666666667 0.0234375 0.0234375
1 0.2747395833333333 0.2669270833333333 0.046875 0.036458333333333336
1 0.3346354166666667 0.5455729166666666 0.033854166666666664 0.03125
1 0.578125 0.5104166666666666 0.036458333333333336 0.028645833333333332