1 0.6106770833333334 0.5234375 0.03125 0.046875
1 0.4661458333333333 0.65234375 0.041666666666666664 0.059895833333333336
1 0.5364583333333334 0.3815104166666667 0.028645833333333332 0.046875
1 0.43359375 0.5026041666666666 0.020833333333333332 0.0625
1 0.5247395833333334 0.5794270833333334 0.0234375 0.0546875
1 0.4140625 0.4739583333333333 0.020833333333333332 0.0390625
1 0.5052083333333334 0.3138020833333333 0.028645833333333332 0.03125
1 0.5611979166666666 0.5377604166666666 0.036458333333333336 0.03125
1 0.5 0.3606770833333333 0.033854166666666664 0.013020833333333334
1 0.4557291666666667 0.5598958333333334 0.0234375 0.057291666666666664
1 0.5846354166666666 0.5872395833333334 0.036458333333333336 0.033854166666666664
1 0.5169270833333334 0.2643229166666667 0.028645833333333332 0.018229166666666668
1 0.4166666666666667 0.4440104166666667 0.0234375 0.0390625
1 0.4947916666666667 0.4869791666666667 0.018229166666666668 0.046875
1 0.6106770833333334 0.5638020833333334 0.044270833333333336 0.059895833333333336
1 0.4739583333333333 0.4765625 0.033854166666666664 0.026041666666666668
1 0.18880208333333334 0.8111979166666666 0.041666666666666664 0.0390625
1 0.4010416666666667 0.359375 0.0234375 0.026041666666666668
1 0.47265625 0.3776041666666667 0.013020833333333334 0.041666666666666664
1 0.4713541666666667 0.4192708333333333 0.020833333333333332 0.03125
1 0.51171875 0.46484375 0.03125 0.026041666666666668
1 0.5013020833333334 0.5338541666666666 0.033854166666666664 0.03125
1 0.5638020833333334 0.4518229166666667 0.015625 0.057291666666666664
1 0.4140625 0.2981770833333333 0.033854166666666664 0.044270833333333336
1 0.4661458333333333 0.5078125 0.03125 0.033854166666666664
1 0.5390625 0.3216145833333333 0.03125 0.013020833333333334
1 0.515625 0.5026041666666666 0.015625 0.0546875
1 0.49609375 0.3932291666666667 0.018229166666666668 0.0234375
1 0.5611979166666666 0.3372395833333333 0.028645833333333332 0.018229166666666668
1 0.4427083333333333 0.26953125 0.041666666666666664 0.028645833333333332
1 0.4830729166666667 0.5377604166666666 0.0390625 0.028645833333333332
1 0.4231770833333333 0.2578125 0.0390625 0.052083333333333336
1 0.4518229166666667 0.4296875 0.026041666666666668 0.0390625
1 0.4765625 0.44921875 0.026041666666666668 0.026041666666666668
1 0.4856770833333333 0.5703125 0.044270833333333336 0.044270833333333336
1 0.578125 0.3736979166666667 0.026041666666666668 0.020833333333333332
1 0.5481770833333334 0.3567708333333333 0.026041666666666668 0.026041666666666668
1 0.5859375 0.4947916666666667 0.046875 0.026041666666666668
1 0.5286458333333334 0.4153645833333333 0.020833333333333332 0.044270833333333336
1 0.5013020833333334 0.28125 0.0390625 0.020833333333333332
1 0.4427083333333333 0.4583333333333333 0.026041666666666668 0.026041666666666668
1 0.3828125 0.3723958333333333 0.018229166666666668 0.057291666666666664
1 0.5638020833333334 0.5611979166666666 0.046875 0.026041666666666668
1 0.453125 0.3463541666666667 0.026041666666666668 0.03125
1 0.58203125 0.2955729166666667 0.020833333333333332 0.044270833333333336
1 0.4127604166666667 0.4088541666666667 0.020833333333333332 0.028645833333333332
1 0.5130208333333334 0.56640625 0.0234375 0.0625
1 0.6380208333333334 0.5377604166666666 0.026041666666666668 0.044270833333333336
1 0.5104166666666666 0.625 0.041666666666666664 0.041666666666666664
1 0.5481770833333334 0.5846354166666666 0.041666666666666664 0.0390625
1 0.55078125 0.40625 0.041666666666666664 0.041666666666666664
1 0.4010416666666667 0.5 0.046875 0.041666666666666664
1 0.4869791666666667 0.3411458333333333 0.033854166666666664 0.028645833333333332
1 0.57421875 0.3958333333333333 0.03125 0.044270833333333336
1 0.4791666666666667 0.4010416666666667 0.020833333333333332 0.033854166666666664
1 0.5377604166666666 0.4622395833333333 0.026041666666666668 0.046875
1 0.5807291666666666 0.52734375 0.0390625 0.020833333333333332
1 0.58203125 0.3528645833333333 0.036458333333333336 0.018229166666666668
1 0.55078125 0.4869791666666667 0.0234375 0.0390625
1 0.4544270833333333 0.5182291666666666 0.018229166666666668 0.033854166666666664
1 0.4583333333333333 0.3763020833333333 0.015625 0.044270833333333336
1 0.58203125 0.4361979166666667 0.033854166666666664 0.057291666666666664
1 0.4127604166666667 0.3385416666666667 0.0234375 0.015625
1 0.5481770833333334 0.3033854166666667 0.046875 0.026041666666666668
1 0.4596354166666667 0.3151041666666667 0.028645833333333332 0.026041666666666668
1 0.4791666666666667 0.27734375 0.0390625 0.020833333333333332
1 0.5260416666666666 0.34375 0.0234375 0.028645833333333332
1 0.5013020833333334 0.43359375 0.020833333333333332 0.03125
1 0.5416666666666666 0.2825520833333333 0.033854166666666664 0.018229166666666668
1 0.48046875 0.2552083333333333 0.046875 0.033854166666666664
1 0.4231770833333333 0.3229166666666667 0.03125 0.015625
1 0.5338541666666666 0.5143229166666666 0.020833333333333332 0.0546875
1 0.4375 0.2916666666666667 0.03125 0.026041666666666668
1 0.4401041666666667 0.3723958333333333 0.0234375 0.036458333333333336