1 0.2747395833333333 0.6171875 0.0546875 0.036458333333333336
1 0.2669270833333333 0.52734375 0.03125 0.06510416666666667
1 0.4583333333333333 0.54296875 0.046875 0.03125
1 0.22265625 0.6041666666666666 0.041666666666666664 0.020833333333333332
1 0.265625 0.4348958333333333 0.026041666666666668 0.0546875
1 0.5091145833333334 0.5572916666666666 0.052083333333333336 0.036458333333333336
1 0.359375 0.7838541666666666 0.0546875 0.0234375
1 0.4231770833333333 0.5703125 0.049479166666666664 0.0234375
1 0.3619791666666667 0.58203125 0.028645833333333332 0.052083333333333336
1 0.6380208333333334 0.5559895833333334 0.0625 0.033854166666666664
1 0.4296875 0.5963541666666666 0.0546875 0.0234375
1 0.22265625 0.4921875 0.026041666666666668 0.049479166666666664
1 0.30078125 0.7578125 0.046875 0.08854166666666667
1 0.4192708333333333 0.3658854166666667 0.041666666666666664 0.0390625
1 0.578125 0.5325520833333334 0.041666666666666664 0.041666666666666664
1 0.15885416666666666 0.5377604166666666 0.046875 0.041666666666666664
1 0.4765625 0.609375 0.044270833333333336 0.044270833333333336
1 0.4466145833333333 0.6393229166666666 0.041666666666666664 0.059895833333333336
1 0.3216145833333333 0.5950520833333334 0.03125 0.028645833333333332
1 0.14322916666666666 0.4752604166666667 0.041666666666666664 0.059895833333333336
1 0.2630208333333333 0.48046875 0.026041666666666668 0.041666666666666664
1 0.4557291666666667 0.5690104166666666 0.041666666666666664 0.026041666666666668
1 0.5716145833333334 0.5520833333333334 0.049479166666666664 0.041666666666666664
1 0.078125 0.640625 0.03125 0.07552083333333333
1 0.52734375 0.14973958333333334 0.049479166666666664 0.052083333333333336
1 0.24348958333333334 0.4921875 0.026041666666666668 0.0625
1 0.390625 0.6223958333333334 0.0234375 0.026041666666666668
1 0.19010416666666666 0.4921875 0.033854166666666664 0.0546875
1 0.23697916666666666 0.5520833333333334 0.028645833333333332 0.033854166666666664
1 0.6888020833333334 0.5299479166666666 0.046875 0.0625
1 0.8346354166666666 0.6028645833333334 0.044270833333333336 0.078125
1 0.76953125 0.37890625 0.057291666666666664 0.041666666666666664
1 0.3802083333333333 0.59375 0.036458333333333336 0.033854166666666664
1 0.5677083333333334 0.11328125 0.020833333333333332 0.0546875
1 0.4231770833333333 0.6341145833333334 0.041666666666666664 0.052083333333333336
1 0.46875 0.6484375 0.010416666666666666 0.036458333333333336
1 0.34765625 0.95703125 0.0390625 0.08072916666666667
1 0.6197916666666666 0.4700520833333333 0.052083333333333336 0.059895833333333336
1 0.3919270833333333 0.026041666666666668 0.0390625 0.0390625
1 0.2721354166666667 0.4583333333333333 0.0234375 0.046875
1 0.6158854166666666 0.12630208333333334 0.041666666666666664 0.078125
1 0.2838541666666667 0.58984375 0.041666666666666664 0.03125
1 0.5572916666666666 0.5729166666666666 0.049479166666666664 0.049479166666666664
1 0.6184895833333334 0.5325520833333334 0.0546875 0.044270833333333336
1 0.044270833333333336 0.5859375 0.036458333333333336 0.06770833333333333
1 0.3567708333333333 0.6380208333333334 0.057291666666666664 0.033854166666666664
1 0.21484375 0.6328125 0.06770833333333333 0.044270833333333336
1 0.7877604166666666 0.3059895833333333 0.044270833333333336 0.046875
1 0.2942708333333333 0.484375 0.041666666666666664 0.0546875
1 0.50390625 0.5729166666666666 0.049479166666666664 0.026041666666666668
1 0.24869791666666666 0.4361979166666667 0.026041666666666668 0.057291666666666664
1 0.5130208333333334 0.5338541666666666 0.059895833333333336 0.036458333333333336
1 0.14583333333333334 0.4140625 0.044270833333333336 0.0703125
1 0.28125 0.7669270833333334 0.0390625 0.03125
1 0.3541666666666667 0.6197916666666666 0.044270833333333336 0.026041666666666668
1 0.3997395833333333 0.5911458333333334 0.020833333333333332 0.044270833333333336
1 0.66796875 0.19140625 0.046875 0.078125