1 0.2682291666666667 0.5182291666666666 0.0703125 0.059895833333333336
1 0.2825520833333333 0.7213541666666666 0.0625 0.049479166666666664
1 0.58984375 0.2916666666666667 0.09114583333333333 0.07552083333333333
1 0.4466145833333333 0.5299479166666666 0.07291666666666667 0.057291666666666664
1 0.6028645833333334 0.5677083333333334 0.08072916666666667 0.057291666666666664
1 0.66015625 0.6380208333333334 0.078125 0.052083333333333336
1 0.3177083333333333 0.57421875 0.07291666666666667 0.0703125
1 0.3072916666666667 0.7096354166666666 0.06510416666666667 0.052083333333333336
1 0.6119791666666666 0.6705729166666666 0.0859375 0.0546875
1 0.6380208333333334 0.6015625 0.06770833333333333 0.06510416666666667
1 0.7278645833333334 0.4388020833333333 0.08072916666666667 0.07552083333333333
1 0.5442708333333334 0.4466145833333333 0.08854166666666667 0.08854166666666667
1 0.6536458333333334 0.53515625 0.08854166666666667 0.0546875
1 0.30859375 0.6302083333333334 0.06510416666666667 0.052083333333333336
1 0.6276041666666666 0.6966145833333334 0.0703125 0.033854166666666664
1 0.21875 0.3932291666666667 0.08072916666666667 0.049479166666666664
1 0.5703125 0.734375 0.09114583333333333 0.041666666666666664
1 0.3151041666666667 0.6666666666666666 0.08072916666666667 0.059895833333333336
1 0.7799479166666666 0.5859375 0.08854166666666667 0.09635416666666667
1 0.6640625 0.703125 0.06770833333333333 0.0625
1 0.3111979166666667 0.7486979166666666 0.07291666666666667 0.049479166666666664