1 0.2721354166666667 0.5286458333333334 0.0234375 0.049479166666666664
1 0.3971354166666667 0.7526041666666666 0.026041666666666668 0.06510416666666667
1 0.609375 0.7786458333333334 0.026041666666666668 0.049479166666666664
1 0.5286458333333334 0.703125 0.03125 0.044270833333333336
1 0.4752604166666667 0.3216145833333333 0.018229166666666668 0.052083333333333336
1 0.3815104166666667 0.46484375 0.028645833333333332 0.03125
1 0.43359375 0.48828125 0.0234375 0.033854166666666664
1 0.40234375 0.4557291666666667 0.036458333333333336 0.052083333333333336
1 0.4440104166666667 0.6627604166666666 0.0234375 0.041666666666666664
1 0.4192708333333333 0.7565104166666666 0.018229166666666668 0.041666666666666664
1 0.515625 0.859375 0.03125 0.03125
1 0.5481770833333334 0.6145833333333334 0.0234375 0.0390625
1 0.3385416666666667 0.51171875 0.020833333333333332 0.046875
1 0.43359375 0.8033854166666666 0.0234375 0.044270833333333336
1 0.3684895833333333 0.5572916666666666 0.026041666666666668 0.0546875
1 0.4856770833333333 0.47265625 0.0234375 0.036458333333333336
1 0.4049479166666667 0.3684895833333333 0.026041666666666668 0.028645833333333332
1 0.4934895833333333 0.3229166666666667 0.026041666666666668 0.059895833333333336
1 0.5625 0.4895833333333333 0.026041666666666668 0.06510416666666667
1 0.44921875 0.2799479166666667 0.020833333333333332 0.052083333333333336
1 0.49609375 0.6497395833333334 0.020833333333333332 0.044270833333333336
1 0.453125 0.5325520833333334 0.020833333333333332 0.041666666666666664
1 0.38671875 0.3580729166666667 0.026041666666666668 0.044270833333333336
1 0.4791666666666667 0.3841145833333333 0.0234375 0.0234375
1 0.44921875 0.5026041666666666 0.0234375 0.036458333333333336
1 0.3359375 0.3997395833333333 0.026041666666666668 0.0234375
1 0.6106770833333334 0.3098958333333333 0.036458333333333336 0.046875
1 0.3255208333333333 0.24739583333333334 0.033854166666666664 0.049479166666666664
1 0.6393229166666666 0.70703125 0.033854166666666664 0.052083333333333336
1 0.57421875 0.37890625 0.028645833333333332 0.057291666666666664
1 0.3619791666666667 0.49609375 0.028645833333333332 0.0390625
1 0.421875 0.3229166666666667 0.018229166666666668 0.044270833333333336
1 0.4765625 0.5807291666666666 0.028645833333333332 0.046875
1 0.53515625 0.8606770833333334 0.03125 0.044270833333333336
1 0.4908854166666667 0.8463541666666666 0.033854166666666664 0.028645833333333332
1 0.44921875 0.8098958333333334 0.020833333333333332 0.052083333333333336
1 0.4635416666666667 0.2916666666666667 0.0234375 0.06510416666666667
1 0.4401041666666667 0.390625 0.020833333333333332 0.041666666666666664
1 0.5494791666666666 0.8333333333333334 0.0234375 0.033854166666666664
1 0.37109375 0.62890625 0.026041666666666668 0.028645833333333332
1 0.4583333333333333 0.6002604166666666 0.015625 0.049479166666666664
1 0.33984375 0.5338541666666666 0.018229166666666668 0.052083333333333336
1 0.2734375 0.5611979166666666 0.0234375 0.0390625
1 0.3463541666666667 0.4661458333333333 0.018229166666666668 0.041666666666666664
1 0.5247395833333334 0.6484375 0.020833333333333332 0.0546875
1 0.4375 0.4361979166666667 0.0234375 0.046875
1 0.5377604166666666 0.4440104166666667 0.0234375 0.0390625
1 0.5052083333333334 0.671875 0.018229166666666668 0.052083333333333336
1 0.4557291666666667 0.76953125 0.0234375 0.044270833333333336
1 0.3502604166666667 0.54296875 0.018229166666666668 0.059895833333333336
1 0.3815104166666667 0.4244791666666667 0.015625 0.046875
1 0.4583333333333333 0.3541666666666667 0.020833333333333332 0.044270833333333336
1 0.3828125 0.38671875 0.015625 0.03125
1 0.5611979166666666 0.515625 0.020833333333333332 0.033854166666666664
1 0.4869791666666667 0.3645833333333333 0.020833333333333332 0.033854166666666664
1 0.515625 0.2825520833333333 0.028645833333333332 0.057291666666666664
1 0.3111979166666667 0.3177083333333333 0.028645833333333332 0.036458333333333336
1 0.24088541666666666 0.4934895833333333 0.028645833333333332 0.036458333333333336
1 0.3515625 0.6953125 0.026041666666666668 0.044270833333333336
1 0.45703125 0.7291666666666666 0.020833333333333332 0.052083333333333336
1 0.4036458333333333 0.71484375 0.028645833333333332 0.049479166666666664
1 0.3984375 0.6028645833333334 0.0234375 0.03125
1 0.58984375 0.5651041666666666 0.03125 0.0546875
1 0.5533854166666666 0.4049479166666667 0.026041666666666668 0.0703125
1 0.5143229166666666 0.44921875 0.0390625 0.041666666666666664
1 0.4375 0.4622395833333333 0.033854166666666664 0.036458333333333336
1 0.5481770833333334 0.7591145833333334 0.018229166666666668 0.049479166666666664
1 0.51953125 0.5989583333333334 0.0234375 0.044270833333333336
1 0.5455729166666666 0.5924479166666666 0.026041666666666668 0.028645833333333332
1 0.4674479166666667 0.5546875 0.0234375 0.0390625
1 0.38671875 0.3294270833333333 0.020833333333333332 0.046875
1 0.5729166666666666 0.5390625 0.013020833333333334 0.049479166666666664
1 0.4856770833333333 0.80859375 0.0234375 0.0234375
1 0.515625 0.4192708333333333 0.018229166666666668 0.0390625
1 0.4270833333333333 0.5703125 0.020833333333333332 0.057291666666666664
1 0.359375 0.3997395833333333 0.033854166666666664 0.028645833333333332
1 0.2864583333333333 0.5572916666666666 0.0234375 0.033854166666666664
1 0.4140625 0.5052083333333334 0.0234375 0.033854166666666664
1 0.4127604166666667 0.9036458333333334 0.020833333333333332 0.049479166666666664
1 0.2981770833333333 0.4921875 0.028645833333333332 0.046875
1 0.5651041666666666 0.8463541666666666 0.0234375 0.049479166666666664
1 0.4322916666666667 0.24739583333333334 0.026041666666666668 0.052083333333333336
1 0.5455729166666666 0.5768229166666666 0.03125 0.036458333333333336
1 0.5989583333333334 0.5859375 0.020833333333333332 0.052083333333333336
1 0.4401041666666667 0.7239583333333334 0.026041666666666668 0.0703125
1 0.53515625 0.47265625 0.033854166666666664 0.0234375
1 0.5299479166666666 0.5091145833333334 0.03125 0.0390625
1 0.3502604166666667 0.765625 0.03125 0.044270833333333336
1 0.5677083333333334 0.6119791666666666 0.0234375 0.044270833333333336
1 0.3919270833333333 0.54296875 0.018229166666666668 0.0390625
1 0.3619791666666667 0.3736979166666667 0.026041666666666668 0.028645833333333332
1 0.421875 0.3736979166666667 0.020833333333333332 0.026041666666666668
1 0.4661458333333333 0.2552083333333333 0.028645833333333332 0.0234375
1 0.3619791666666667 0.6471354166666666 0.020833333333333332 0.0390625
1 0.3958333333333333 0.14583333333333334 0.03125 0.0625
1 0.3411458333333333 0.3125 0.03125 0.041666666666666664
1 0.3606770833333333 0.8216145833333334 0.036458333333333336 0.044270833333333336
1 0.5325520833333334 0.4205729166666667 0.0234375 0.049479166666666664
1 0.48046875 0.7643229166666666 0.026041666666666668 0.046875
1 0.4388020833333333 0.6484375 0.03125 0.046875
1 0.3763020833333333 0.76953125 0.0234375 0.057291666666666664
1 0.3541666666666667 0.62109375 0.020833333333333332 0.046875
1 0.5065104166666666 0.8294270833333334 0.028645833333333332 0.026041666666666668
1 0.5494791666666666 0.6471354166666666 0.026041666666666668 0.03125
1 0.4674479166666667 0.3828125 0.026041666666666668 0.0546875
1 0.5260416666666666 0.7578125 0.028645833333333332 0.03125
1 0.4791666666666667 0.7916666666666666 0.026041666666666668 0.026041666666666668
1 0.4244791666666667 0.71875 0.028645833333333332 0.036458333333333336
1 0.5143229166666666 0.7916666666666666 0.026041666666666668 0.033854166666666664
1 0.5442708333333334 0.7981770833333334 0.0234375 0.028645833333333332
1 0.59375 0.52734375 0.033854166666666664 0.033854166666666664
1 0.4453125 0.5950520833333334 0.0234375 0.036458333333333336
1 0.5455729166666666 0.5390625 0.015625 0.049479166666666664
1 0.35546875 0.7174479166666666 0.018229166666666668 0.044270833333333336
1 0.39453125 0.640625 0.026041666666666668 0.0234375
1 0.50390625 0.4778645833333333 0.0234375 0.046875
1 0.3151041666666667 0.6471354166666666 0.026041666666666668 0.041666666666666664
1 0.421875 0.91015625 0.026041666666666668 0.052083333333333336
1 0.5924479166666666 0.7200520833333334 0.026041666666666668 0.057291666666666664
1 0.47265625 0.6393229166666666 0.033854166666666664 0.044270833333333336
1 0.453125 0.8372395833333334 0.026041666666666668 0.0546875
1 0.5690104166666666 0.80078125 0.026041666666666668 0.044270833333333336
1 0.48828125 0.515625 0.0234375 0.0390625
1 0.41015625 0.5338541666666666 0.018229166666666668 0.044270833333333336
1 0.5 0.56640625 0.03125 0.052083333333333336
1 0.43359375 0.34765625 0.026041666666666668 0.03125
1 0.5052083333333334 0.625 0.028645833333333332 0.036458333333333336
1 0.51953125 0.5377604166666666 0.020833333333333332 0.033854166666666664
1 0.3880208333333333 0.5872395833333334 0.018229166666666668 0.052083333333333336
1 0.375 0.6783854166666666 0.033854166666666664 0.033854166666666664
1 0.390625 0.6979166666666666 0.020833333333333332 0.041666666666666664
1 0.4036458333333333 0.31640625 0.020833333333333332 0.052083333333333336
1 0.40625 0.390625 0.0234375 0.028645833333333332
1 0.2838541666666667 0.58203125 0.026041666666666668 0.028645833333333332
1 0.3815104166666667 0.65234375 0.020833333333333332 0.044270833333333336
1 0.5078125 0.53125 0.018229166666666668 0.041666666666666664
1 0.4635416666666667 0.80078125 0.018229166666666668 0.046875
1 0.33203125 0.6302083333333334 0.026041666666666668 0.033854166666666664