1 0.34375 0.7044270833333334 0.0390625 0.057291666666666664
1 0.4388020833333333 0.3658854166666667 0.046875 0.07291666666666667
1 0.47265625 0.47265625 0.0390625 0.07291666666666667
1 0.5403645833333334 0.390625 0.046875 0.0546875
1 0.6536458333333334 0.7578125 0.0390625 0.059895833333333336
1 0.63671875 0.84375 0.033854166666666664 0.06510416666666667
1 0.3151041666666667 0.71875 0.0390625 0.0546875
1 0.4713541666666667 0.6588541666666666 0.046875 0.0625
1 0.3411458333333333 0.45703125 0.044270833333333336 0.0625
1 0.6015625 0.69140625 0.044270833333333336 0.046875
1 0.421875 0.734375 0.041666666666666664 0.044270833333333336
1 0.3723958333333333 0.6549479166666666 0.033854166666666664 0.0625
1 0.54296875 0.69140625 0.046875 0.046875
1 0.44140625 0.2877604166666667 0.033854166666666664 0.057291666666666664
1 0.74609375 0.5625 0.041666666666666664 0.057291666666666664
1 0.7421875 0.6966145833333334 0.044270833333333336 0.0625
1 0.58203125 0.359375 0.03125 0.0625
1 0.3802083333333333 0.7109375 0.049479166666666664 0.057291666666666664
1 0.4244791666666667 0.6692708333333334 0.044270833333333336 0.07552083333333333
1 0.7473958333333334 0.40234375 0.057291666666666664 0.06770833333333333
1 0.7447916666666666 0.4479166666666667 0.049479166666666664 0.057291666666666664
1 0.5286458333333334 0.43359375 0.0390625 0.059895833333333336
1 0.4153645833333333 0.7721354166666666 0.033854166666666664 0.06510416666666667
1 0.5638020833333334 0.3606770833333333 0.0390625 0.06510416666666667
1 0.4440104166666667 0.4088541666666667 0.0390625 0.049479166666666664
1 0.5065104166666666 0.5546875 0.041666666666666664 0.07291666666666667
1 0.5104166666666666 0.19140625 0.041666666666666664 0.078125
1 0.4296875 0.2786458333333333 0.036458333333333336 0.07552083333333333
1 0.6861979166666666 0.7174479166666666 0.036458333333333336 0.044270833333333336
1 0.39453125 0.3841145833333333 0.046875 0.059895833333333336
1 0.58203125 0.16015625 0.057291666666666664 0.0546875
1 0.7213541666666666 0.1328125 0.0390625 0.057291666666666664
1 0.7122395833333334 0.1953125 0.044270833333333336 0.049479166666666664
1 0.515625 0.5963541666666666 0.0390625 0.06770833333333333
1 0.4075520833333333 0.3125 0.0390625 0.06770833333333333
1 0.3138020833333333 0.6966145833333334 0.033854166666666664 0.057291666666666664
1 0.4192708333333333 0.5208333333333334 0.044270833333333336 0.06770833333333333
1 0.6119791666666666 0.5546875 0.044270833333333336 0.052083333333333336
1 0.640625 0.6354166666666666 0.036458333333333336 0.049479166666666664
1 0.5299479166666666 0.23958333333333334 0.046875 0.078125
1 0.6341145833333334 0.2526041666666667 0.03125 0.057291666666666664
1 0.7252604166666666 0.5677083333333334 0.036458333333333336 0.0546875
1 0.7669270833333334 0.5638020833333334 0.049479166666666664 0.057291666666666664