1 0.5559895833333334 0.62109375 0.03125 0.046875
1 0.4895833333333333 0.5755208333333334 0.0234375 0.028645833333333332
1 0.4713541666666667 0.5520833333333334 0.0234375 0.041666666666666664
1 0.5091145833333334 0.7838541666666666 0.033854166666666664 0.028645833333333332
1 0.5052083333333334 0.5221354166666666 0.041666666666666664 0.036458333333333336
1 0.5299479166666666 0.6315104166666666 0.033854166666666664 0.044270833333333336
1 0.5989583333333334 0.6223958333333334 0.0390625 0.036458333333333336
1 0.4739583333333333 0.5651041666666666 0.020833333333333332 0.026041666666666668
1 0.6484375 0.52734375 0.036458333333333336 0.052083333333333336
1 0.5286458333333334 0.5768229166666666 0.03125 0.033854166666666664
1 0.37109375 0.7408854166666666 0.03125 0.0390625
1 0.4596354166666667 0.5299479166666666 0.033854166666666664 0.03125
1 0.6328125 0.6015625 0.028645833333333332 0.0234375
1 0.44921875 0.4830729166666667 0.028645833333333332 0.028645833333333332
1 0.55859375 0.5885416666666666 0.0390625 0.0234375
1 0.41796875 0.5846354166666666 0.026041666666666668 0.041666666666666664
1 0.5234375 0.6041666666666666 0.036458333333333336 0.028645833333333332
1 0.51171875 0.5885416666666666 0.020833333333333332 0.0234375
1 0.5078125 0.7083333333333334 0.028645833333333332 0.036458333333333336
1 0.2786458333333333 0.64453125 0.026041666666666668 0.041666666666666664