1 0.7122395833333334 0.4244791666666667 0.018229166666666668 0.028645833333333332
1 0.3893229166666667 0.7291666666666666 0.0234375 0.028645833333333332
1 0.41015625 0.7200520833333334 0.03125 0.028645833333333332
1 0.5703125 0.67578125 0.028645833333333332 0.020833333333333332
1 0.7239583333333334 0.7161458333333334 0.03125 0.028645833333333332
1 0.7369791666666666 0.65625 0.028645833333333332 0.020833333333333332
1 0.5703125 0.5299479166666666 0.020833333333333332 0.0546875
1 0.4557291666666667 0.52734375 0.03125 0.026041666666666668
1 0.4296875 0.4283854166666667 0.0234375 0.020833333333333332
1 0.4205729166666667 0.4622395833333333 0.026041666666666668 0.028645833333333332
1 0.59375 0.30859375 0.0234375 0.041666666666666664
1 0.2955729166666667 0.3997395833333333 0.033854166666666664 0.0390625
1 0.52734375 0.6380208333333334 0.033854166666666664 0.0234375
1 0.7630208333333334 0.5690104166666666 0.0234375 0.026041666666666668
1 0.609375 0.5286458333333334 0.036458333333333336 0.026041666666666668
1 0.7005208333333334 0.39453125 0.020833333333333332 0.033854166666666664
1 0.3268229166666667 0.5143229166666666 0.026041666666666668 0.036458333333333336
1 0.3098958333333333 0.5885416666666666 0.03125 0.044270833333333336
1 0.3958333333333333 0.7109375 0.028645833333333332 0.03125
1 0.5651041666666666 0.7291666666666666 0.03125 0.028645833333333332
1 0.6692708333333334 0.7513020833333334 0.028645833333333332 0.028645833333333332
1 0.5481770833333334 0.5572916666666666 0.0234375 0.036458333333333336
1 0.48046875 0.5052083333333334 0.0234375 0.028645833333333332
1 0.4348958333333333 0.4609375 0.020833333333333332 0.03125
1 0.6809895833333334 0.4557291666666667 0.0234375 0.03125
1 0.375 0.78125 0.028645833333333332 0.026041666666666668
1 0.4921875 0.6861979166666666 0.028645833333333332 0.020833333333333332
1 0.69921875 0.7421875 0.028645833333333332 0.0234375
1 0.5403645833333334 0.5078125 0.033854166666666664 0.026041666666666668
1 0.5768229166666666 0.17708333333333334 0.0234375 0.041666666666666664
1 0.28515625 0.4440104166666667 0.028645833333333332 0.033854166666666664
1 0.2942708333333333 0.4375 0.020833333333333332 0.036458333333333336
1 0.2916666666666667 0.4674479166666667 0.03125 0.03125
1 0.3020833333333333 0.5130208333333334 0.03125 0.033854166666666664
1 0.37109375 0.7161458333333334 0.0234375 0.041666666666666664
1 0.5338541666666666 0.5364583333333334 0.026041666666666668 0.026041666666666668
1 0.5598958333333334 0.5598958333333334 0.0234375 0.033854166666666664
1 0.5442708333333334 0.2747395833333333 0.033854166666666664 0.020833333333333332
1 0.2786458333333333 0.5598958333333334 0.020833333333333332 0.0390625
1 0.44140625 0.7135416666666666 0.036458333333333336 0.028645833333333332
1 0.515625 0.7604166666666666 0.028645833333333332 0.018229166666666668
1 0.6549479166666666 0.5390625 0.0234375 0.03125
1 0.3151041666666667 0.453125 0.0234375 0.041666666666666664
1 0.5013020833333334 0.6666666666666666 0.028645833333333332 0.020833333333333332
1 0.9114583333333334 0.7565104166666666 0.026041666666666668 0.020833333333333332
1 0.7734375 0.59765625 0.026041666666666668 0.020833333333333332
1 0.6067708333333334 0.5442708333333334 0.033854166666666664 0.026041666666666668
1 0.54296875 0.2890625 0.026041666666666668 0.0234375
1 0.4934895833333333 0.7747395833333334 0.033854166666666664 0.0234375
1 0.6770833333333334 0.65625 0.0234375 0.033854166666666664
1 0.84375 0.5729166666666666 0.026041666666666668 0.0234375
1 0.7447916666666666 0.6184895833333334 0.026041666666666668 0.03125