1 0.6510416666666666 0.6549479166666666 0.041666666666666664 0.049479166666666664
1 0.5338541666666666 0.6302083333333334 0.041666666666666664 0.044270833333333336
1 0.546875 0.6184895833333334 0.036458333333333336 0.0546875
1 0.4713541666666667 0.6575520833333334 0.033854166666666664 0.052083333333333336
1 0.4518229166666667 0.66015625 0.03125 0.052083333333333336
1 0.43359375 0.5677083333333334 0.033854166666666664 0.0546875
1 0.5325520833333334 0.4036458333333333 0.036458333333333336 0.052083333333333336
1 0.44140625 0.4153645833333333 0.046875 0.0546875
1 0.3294270833333333 0.6549479166666666 0.041666666666666664 0.044270833333333336
1 0.3385416666666667 0.6106770833333334 0.0390625 0.03125
1 0.11588541666666667 0.7174479166666666 0.044270833333333336 0.036458333333333336
1 0.3984375 0.5455729166666666 0.033854166666666664 0.046875
1 0.23697916666666666 0.5455729166666666 0.0390625 0.03125
1 0.7044270833333334 0.4908854166666667 0.044270833333333336 0.046875
1 0.4440104166666667 0.7864583333333334 0.041666666666666664 0.033854166666666664
1 0.5403645833333334 0.4973958333333333 0.03125 0.049479166666666664
1 0.46875 0.6028645833333334 0.033854166666666664 0.049479166666666664
1 0.4361979166666667 0.6315104166666666 0.0390625 0.052083333333333336
1 0.421875 0.6953125 0.0390625 0.033854166666666664
1 0.4166666666666667 0.5846354166666666 0.041666666666666664 0.044270833333333336
1 0.4908854166666667 0.4283854166666667 0.041666666666666664 0.036458333333333336
1 0.48828125 0.39453125 0.044270833333333336 0.036458333333333336
1 0.3567708333333333 0.6236979166666666 0.036458333333333336 0.044270833333333336
1 0.22005208333333334 0.6184895833333334 0.0234375 0.0390625
1 0.265625 0.5872395833333334 0.0390625 0.03125
1 0.3802083333333333 0.5377604166666666 0.03125 0.057291666666666664
1 0.2669270833333333 0.4713541666666667 0.033854166666666664 0.044270833333333336
1 0.4752604166666667 0.2552083333333333 0.033854166666666664 0.057291666666666664
1 0.3489583333333333 0.296875 0.044270833333333336 0.052083333333333336
1 0.6653645833333334 0.5325520833333334 0.0390625 0.041666666666666664
1 0.6315104166666666 0.640625 0.036458333333333336 0.0546875
1 0.5494791666666666 0.7317708333333334 0.046875 0.044270833333333336
1 0.4453125 0.7278645833333334 0.0390625 0.03125
1 0.5677083333333334 0.37109375 0.046875 0.036458333333333336
1 0.52734375 0.5260416666666666 0.044270833333333336 0.041666666666666664
1 0.4153645833333333 0.7330729166666666 0.028645833333333332 0.046875
1 0.3854166666666667 0.6692708333333334 0.0390625 0.0546875
1 0.4049479166666667 0.6796875 0.03125 0.03125
1 0.5143229166666666 0.375 0.033854166666666664 0.057291666666666664
1 0.3424479166666667 0.6888020833333334 0.049479166666666664 0.033854166666666664
1 0.2916666666666667 0.6419270833333334 0.041666666666666664 0.03125
1 0.2721354166666667 0.5169270833333334 0.028645833333333332 0.041666666666666664
1 0.4583333333333333 0.26953125 0.0390625 0.049479166666666664
1 0.3958333333333333 0.29296875 0.0390625 0.033854166666666664
1 0.3723958333333333 0.2903645833333333 0.026041666666666668 0.052083333333333336
1 0.0625 0.4127604166666667 0.052083333333333336 0.046875
1 0.6223958333333334 0.17317708333333334 0.0390625 0.059895833333333336
1 0.7005208333333334 0.5364583333333334 0.044270833333333336 0.059895833333333336
1 0.6302083333333334 0.7122395833333334 0.028645833333333332 0.046875
1 0.5078125 0.6861979166666666 0.033854166666666664 0.041666666666666664
1 0.4895833333333333 0.6953125 0.028645833333333332 0.052083333333333336
1 0.5677083333333334 0.3359375 0.044270833333333336 0.033854166666666664
1 0.5611979166666666 0.4140625 0.0546875 0.033854166666666664
1 0.4518229166666667 0.5924479166666666 0.036458333333333336 0.059895833333333336
1 0.4166666666666667 0.6315104166666666 0.036458333333333336 0.059895833333333336
1 0.51171875 0.4309895833333333 0.0390625 0.049479166666666664
1 0.2994791666666667 0.73828125 0.041666666666666664 0.036458333333333336
1 0.2721354166666667 0.73828125 0.046875 0.041666666666666664
1 0.24609375 0.7291666666666666 0.036458333333333336 0.0546875
1 0.13151041666666666 0.6328125 0.03125 0.044270833333333336
1 0.3059895833333333 0.5638020833333334 0.044270833333333336 0.046875
1 0.3984375 0.5690104166666666 0.028645833333333332 0.044270833333333336
1 0.3463541666666667 0.5807291666666666 0.036458333333333336 0.036458333333333336
1 0.3294270833333333 0.5677083333333334 0.03125 0.049479166666666664
1 0.328125 0.5104166666666666 0.046875 0.0390625
1 0.2981770833333333 0.5091145833333334 0.033854166666666664 0.052083333333333336
1 0.38671875 0.4583333333333333 0.028645833333333332 0.052083333333333336
1 0.3671875 0.4609375 0.0390625 0.049479166666666664
1 0.47265625 0.3033854166666667 0.041666666666666664 0.046875
1 0.7161458333333334 0.34375 0.033854166666666664 0.0546875
1 0.6953125 0.265625 0.044270833333333336 0.036458333333333336
1 0.6549479166666666 0.6783854166666666 0.046875 0.044270833333333336
1 0.609375 0.6080729166666666 0.028645833333333332 0.052083333333333336
1 0.4453125 0.7083333333333334 0.033854166666666664 0.033854166666666664
1 0.5 0.5768229166666666 0.03125 0.0390625
1 0.4921875 0.6197916666666666 0.028645833333333332 0.049479166666666664
1 0.51953125 0.50390625 0.033854166666666664 0.049479166666666664
1 0.4778645833333333 0.6223958333333334 0.033854166666666664 0.0546875
1 0.4401041666666667 0.6640625 0.03125 0.049479166666666664
1 0.296875 0.6223958333333334 0.041666666666666664 0.0390625
1 0.13671875 0.71484375 0.046875 0.041666666666666664
1 0.3098958333333333 0.5885416666666666 0.033854166666666664 0.033854166666666664
1 0.36328125 0.5234375 0.033854166666666664 0.044270833333333336
1 0.34375 0.4973958333333333 0.041666666666666664 0.044270833333333336
1 0.3125 0.4583333333333333 0.033854166666666664 0.033854166666666664
1 0.4270833333333333 0.3671875 0.044270833333333336 0.028645833333333332
1 0.3541666666666667 0.4479166666666667 0.044270833333333336 0.046875
1 0.8111979166666666 0.7578125 0.041666666666666664 0.052083333333333336
1 0.8059895833333334 0.7317708333333334 0.049479166666666664 0.0390625
1 0.81640625 0.41796875 0.036458333333333336 0.049479166666666664
1 0.7096354166666666 0.4713541666666667 0.0390625 0.041666666666666664
1 0.5924479166666666 0.7408854166666666 0.036458333333333336 0.044270833333333336
1 0.5052083333333334 0.6471354166666666 0.044270833333333336 0.036458333333333336
1 0.5286458333333334 0.4674479166666667 0.041666666666666664 0.0625
1 0.4296875 0.59375 0.046875 0.041666666666666664
1 0.3997395833333333 0.73828125 0.036458333333333336 0.059895833333333336
1 0.3658854166666667 0.6979166666666666 0.026041666666666668 0.041666666666666664
1 0.3580729166666667 0.7213541666666666 0.03125 0.052083333333333336
1 0.2942708333333333 0.7018229166666666 0.044270833333333336 0.03125
1 0.3372395833333333 0.40625 0.046875 0.0390625
1 0.4361979166666667 0.2760416666666667 0.041666666666666664 0.041666666666666664
1 0.3424479166666667 0.3359375 0.044270833333333336 0.046875
1 0.59765625 0.8046875 0.033854166666666664 0.044270833333333336
1 0.48046875 0.6822916666666666 0.026041666666666668 0.046875
1 0.59375 0.4479166666666667 0.049479166666666664 0.0390625
1 0.546875 0.4388020833333333 0.033854166666666664 0.049479166666666664
1 0.3919270833333333 0.6536458333333334 0.041666666666666664 0.041666666666666664
1 0.4010416666666667 0.6341145833333334 0.036458333333333336 0.052083333333333336
1 0.5 0.5026041666666666 0.044270833333333336 0.041666666666666664
1 0.4817708333333333 0.4817708333333333 0.0390625 0.049479166666666664
1 0.5442708333333334 0.3763020833333333 0.046875 0.049479166666666664
1 0.4869791666666667 0.3619791666666667 0.049479166666666664 0.036458333333333336
1 0.24088541666666666 0.59765625 0.046875 0.041666666666666664
1 0.26953125 0.4934895833333333 0.041666666666666664 0.044270833333333336
1 0.3776041666666667 0.4309895833333333 0.03125 0.046875
1 0.39453125 0.2721354166666667 0.0390625 0.046875
1 0.8372395833333334 0.5911458333333334 0.041666666666666664 0.046875
1 0.7877604166666666 0.51171875 0.041666666666666664 0.0390625
1 0.5833333333333334 0.58984375 0.041666666666666664 0.049479166666666664
1 0.57421875 0.6302083333333334 0.044270833333333336 0.041666666666666664
1 0.5234375 0.5494791666666666 0.0390625 0.0390625
1 0.45703125 0.3736979166666667 0.036458333333333336 0.052083333333333336
1 0.3502604166666667 0.7526041666666666 0.041666666666666664 0.036458333333333336
1 0.19401041666666666 0.6028645833333334 0.041666666666666664 0.0390625
1 0.3723958333333333 0.5729166666666666 0.033854166666666664 0.033854166666666664
1 0.3958333333333333 0.5234375 0.033854166666666664 0.059895833333333336
1 0.3450520833333333 0.5442708333333334 0.033854166666666664 0.036458333333333336
1 0.3098958333333333 0.5390625 0.041666666666666664 0.033854166666666664
1 0.2838541666666667 0.5494791666666666 0.0390625 0.036458333333333336
1 0.24088541666666666 0.4778645833333333 0.0390625 0.036458333333333336
1 0.29296875 0.4375 0.026041666666666668 0.044270833333333336