1 0.29296875 0.41015625 0.020833333333333332 0.028645833333333332
1 0.59375 0.7369791666666666 0.026041666666666668 0.028645833333333332
1 0.57421875 0.7252604166666666 0.033854166666666664 0.03125
1 0.41796875 0.6705729166666666 0.028645833333333332 0.0234375
1 0.26171875 0.7005208333333334 0.033854166666666664 0.03125
1 0.2526041666666667 0.6393229166666666 0.03125 0.0234375
1 0.4283854166666667 0.5247395833333334 0.026041666666666668 0.057291666666666664
1 0.54296875 0.53125 0.03125 0.028645833333333332
1 0.5755208333333334 0.43359375 0.0234375 0.0234375
1 0.58203125 0.4674479166666667 0.028645833333333332 0.03125
1 0.4192708333333333 0.3033854166666667 0.026041666666666668 0.044270833333333336
1 0.7109375 0.4153645833333333 0.036458333333333336 0.041666666666666664
1 0.4635416666666667 0.63671875 0.033854166666666664 0.026041666666666668
1 0.23307291666666666 0.55078125 0.026041666666666668 0.028645833333333332
1 0.3893229166666667 0.5208333333333334 0.0390625 0.028645833333333332
1 0.3072916666666667 0.3802083333333333 0.0234375 0.036458333333333336
1 0.671875 0.5260416666666666 0.028645833333333332 0.036458333333333336
1 0.68359375 0.6015625 0.033854166666666664 0.046875
1 0.58984375 0.7174479166666666 0.03125 0.033854166666666664
1 0.4192708333333333 0.7239583333333334 0.033854166666666664 0.03125
1 0.3138020833333333 0.73828125 0.03125 0.03125
1 0.4479166666666667 0.5533854166666666 0.026041666666666668 0.0390625
1 0.51953125 0.5065104166666666 0.026041666666666668 0.03125
1 0.5677083333333334 0.46484375 0.0234375 0.033854166666666664
1 0.3229166666666667 0.4440104166666667 0.026041666666666668 0.03125
1 0.6041666666666666 0.7903645833333334 0.028645833333333332 0.028645833333333332
1 0.4947916666666667 0.6861979166666666 0.028645833333333332 0.0234375
1 0.28515625 0.7278645833333334 0.03125 0.026041666666666668
1 0.4583333333333333 0.5052083333333334 0.033854166666666664 0.028645833333333332
1 0.4453125 0.171875 0.026041666666666668 0.041666666666666664
1 0.7174479166666666 0.4583333333333333 0.03125 0.036458333333333336
1 0.7096354166666666 0.453125 0.0234375 0.036458333333333336
1 0.7096354166666666 0.4817708333333333 0.033854166666666664 0.033854166666666664
1 0.6966145833333334 0.52734375 0.033854166666666664 0.036458333333333336
1 0.61328125 0.7239583333333334 0.026041666666666668 0.041666666666666664
1 0.4635416666666667 0.5338541666666666 0.028645833333333332 0.028645833333333332
1 0.4361979166666667 0.5559895833333334 0.026041666666666668 0.036458333333333336
1 0.4713541666666667 0.2721354166666667 0.036458333333333336 0.0234375
1 0.7174479166666666 0.5755208333333334 0.0234375 0.0390625
1 0.5442708333333334 0.7161458333333334 0.0390625 0.03125
1 0.4661458333333333 0.7578125 0.028645833333333332 0.020833333333333332
1 0.3424479166666667 0.52734375 0.026041666666666668 0.03125
1 0.6888020833333334 0.4661458333333333 0.026041666666666668 0.041666666666666664
1 0.4869791666666667 0.6666666666666666 0.03125 0.0234375
1 0.07161458333333333 0.7278645833333334 0.028645833333333332 0.0234375
1 0.22135416666666666 0.578125 0.028645833333333332 0.0234375
1 0.390625 0.5364583333333334 0.033854166666666664 0.028645833333333332
1 0.4713541666666667 0.2864583333333333 0.026041666666666668 0.0234375
1 0.4869791666666667 0.7747395833333334 0.033854166666666664 0.026041666666666668
1 0.3125 0.64453125 0.026041666666666668 0.036458333333333336
1 0.15234375 0.5481770833333334 0.028645833333333332 0.026041666666666668
1 0.24739583333333334 0.6015625 0.028645833333333332 0.033854166666666664