1 0.6184895833333334 0.4622395833333333 0.0234375 0.057291666666666664
1 0.62109375 0.51953125 0.03125 0.0390625
1 0.6171875 0.3958333333333333 0.0546875 0.0390625
1 0.7109375 0.2981770833333333 0.026041666666666668 0.044270833333333336
1 0.69140625 0.3841145833333333 0.033854166666666664 0.049479166666666664
1 0.61328125 0.2604166666666667 0.028645833333333332 0.0390625
1 0.6080729166666666 0.22916666666666666 0.026041666666666668 0.0390625
1 0.609375 0.1875 0.0390625 0.049479166666666664
1 0.6106770833333334 0.10546875 0.046875 0.044270833333333336
1 0.32421875 0.5729166666666666 0.041666666666666664 0.046875
1 0.41796875 0.13020833333333334 0.041666666666666664 0.041666666666666664
1 0.48046875 0.21354166666666666 0.028645833333333332 0.049479166666666664
1 0.3919270833333333 0.19401041666666666 0.0390625 0.026041666666666668
1 0.4244791666666667 0.4166666666666667 0.026041666666666668 0.046875
1 0.4596354166666667 0.4375 0.03125 0.046875
1 0.4557291666666667 0.5325520833333334 0.033854166666666664 0.036458333333333336
1 0.4440104166666667 0.5572916666666666 0.041666666666666664 0.044270833333333336
1 0.3893229166666667 0.6276041666666666 0.046875 0.028645833333333332
1 0.40234375 0.6588541666666666 0.033854166666666664 0.06770833333333333
1 0.6341145833333334 0.5065104166666666 0.028645833333333332 0.052083333333333336
1 0.6276041666666666 0.54296875 0.046875 0.03125
1 0.7161458333333334 0.3359375 0.036458333333333336 0.052083333333333336
1 0.640625 0.16145833333333334 0.03125 0.046875
1 0.6236979166666666 0.1328125 0.036458333333333336 0.041666666666666664
1 0.4296875 0.03125 0.033854166666666664 0.0234375
1 0.4283854166666667 0.053385416666666664 0.0234375 0.028645833333333332
1 0.3359375 0.12109375 0.041666666666666664 0.028645833333333332
1 0.328125 0.328125 0.028645833333333332 0.052083333333333336
1 0.3125 0.3294270833333333 0.028645833333333332 0.059895833333333336
1 0.22135416666666666 0.3346354166666667 0.03125 0.0625
1 0.2421875 0.4986979166666667 0.06510416666666667 0.046875
1 0.4713541666666667 0.31640625 0.0390625 0.046875
1 0.4778645833333333 0.3763020833333333 0.0546875 0.03125
1 0.3606770833333333 0.484375 0.041666666666666664 0.033854166666666664
1 0.33984375 0.5065104166666666 0.0625 0.0390625
1 0.25390625 0.5390625 0.036458333333333336 0.0703125
1 0.4375 0.5078125 0.028645833333333332 0.0390625
1 0.4713541666666667 0.5677083333333334 0.0390625 0.052083333333333336
1 0.4791666666666667 0.6979166666666666 0.0625 0.049479166666666664
1 0.30078125 0.5729166666666666 0.03125 0.0546875
1 0.6588541666666666 0.5130208333333334 0.0234375 0.052083333333333336
1 0.54296875 0.421875 0.03125 0.046875
1 0.54296875 0.3411458333333333 0.049479166666666664 0.059895833333333336
1 0.5377604166666666 0.4036458333333333 0.033854166666666664 0.044270833333333336
1 0.52734375 0.3372395833333333 0.044270833333333336 0.0546875
1 0.58984375 0.2526041666666667 0.036458333333333336 0.0625
1 0.6653645833333334 0.1953125 0.033854166666666664 0.0625
1 0.4713541666666667 0.08854166666666667 0.033854166666666664 0.020833333333333332
1 0.2981770833333333 0.515625 0.046875 0.026041666666666668
1 0.24088541666666666 0.3736979166666667 0.0390625 0.026041666666666668
1 0.3033854166666667 0.2825520833333333 0.033854166666666664 0.033854166666666664
1 0.4557291666666667 0.061197916666666664 0.0390625 0.0390625
1 0.2708333333333333 0.2825520833333333 0.044270833333333336 0.052083333333333336
1 0.2591145833333333 0.3606770833333333 0.036458333333333336 0.059895833333333336
1 0.4856770833333333 0.5286458333333334 0.0546875 0.044270833333333336
1 0.3984375 0.6796875 0.028645833333333332 0.0625
1 0.4869791666666667 0.6770833333333334 0.041666666666666664 0.03125
1 0.6041666666666666 0.4778645833333333 0.0390625 0.0546875
1 0.6393229166666666 0.4986979166666667 0.026041666666666668 0.052083333333333336
1 0.6315104166666666 0.5611979166666666 0.046875 0.03125
1 0.5963541666666666 0.5260416666666666 0.026041666666666668 0.044270833333333336
1 0.5703125 0.48828125 0.03125 0.046875
1 0.5833333333333334 0.5364583333333334 0.046875 0.049479166666666664
1 0.71484375 0.4127604166666667 0.041666666666666664 0.0234375
1 0.73046875 0.3736979166666667 0.026041666666666668 0.0546875
1 0.59765625 0.4283854166666667 0.0390625 0.033854166666666664
1 0.5572916666666666 0.3671875 0.036458333333333336 0.03125
1 0.6197916666666666 0.3346354166666667 0.044270833333333336 0.052083333333333336
1 0.6471354166666666 0.20833333333333334 0.041666666666666664 0.06510416666666667
1 0.66015625 0.16796875 0.033854166666666664 0.036458333333333336
1 0.6028645833333334 0.16536458333333334 0.049479166666666664 0.0390625
1 0.2734375 0.4817708333333333 0.026041666666666668 0.057291666666666664
1 0.328125 0.37890625 0.046875 0.044270833333333336
1 0.296875 0.08072916666666667 0.052083333333333336 0.0390625
1 0.3802083333333333 0.09765625 0.0390625 0.06770833333333333
1 0.40234375 0.040364583333333336 0.041666666666666664 0.028645833333333332
1 0.34765625 0.296875 0.03125 0.026041666666666668
1 0.34375 0.30859375 0.03125 0.036458333333333336
1 0.36328125 0.2565104166666667 0.026041666666666668 0.049479166666666664
1 0.30859375 0.3606770833333333 0.03125 0.0546875
1 0.3307291666666667 0.5377604166666666 0.0546875 0.028645833333333332
1 0.56640625 0.6458333333333334 0.041666666666666664 0.052083333333333336
1 0.4244791666666667 0.65234375 0.0390625 0.049479166666666664
1 0.6692708333333334 0.5520833333333334 0.028645833333333332 0.044270833333333336
1 0.5442708333333334 0.4973958333333333 0.026041666666666668 0.049479166666666664
1 0.6575520833333334 0.3619791666666667 0.0234375 0.057291666666666664
1 0.65625 0.3580729166666667 0.036458333333333336 0.028645833333333332
1 0.5989583333333334 0.3684895833333333 0.0390625 0.041666666666666664
1 0.6223958333333334 0.24479166666666666 0.0234375 0.052083333333333336
1 0.41015625 0.06640625 0.028645833333333332 0.044270833333333336
1 0.3059895833333333 0.4986979166666667 0.028645833333333332 0.026041666666666668
1 0.3372395833333333 0.43359375 0.0234375 0.0390625
1 0.33203125 0.16666666666666666 0.033854166666666664 0.049479166666666664
1 0.4557291666666667 0.12369791666666667 0.046875 0.0390625
1 0.5169270833333334 0.10416666666666667 0.0390625 0.0546875
1 0.3697916666666667 0.5546875 0.0390625 0.057291666666666664
1 0.3697916666666667 0.3763020833333333 0.03125 0.052083333333333336
1 0.4635416666666667 0.5013020833333334 0.033854166666666664 0.041666666666666664
1 0.4309895833333333 0.5234375 0.036458333333333336 0.044270833333333336
1 0.421875 0.53515625 0.041666666666666664 0.049479166666666664
1 0.5846354166666666 0.6354166666666666 0.044270833333333336 0.057291666666666664
1 0.5963541666666666 0.48828125 0.036458333333333336 0.052083333333333336
1 0.5533854166666666 0.4361979166666667 0.0390625 0.049479166666666664
1 0.7252604166666666 0.41796875 0.028645833333333332 0.0546875
1 0.640625 0.3763020833333333 0.0390625 0.046875
1 0.6119791666666666 0.296875 0.026041666666666668 0.041666666666666664
1 0.625 0.21484375 0.03125 0.0546875
1 0.4010416666666667 0.09114583333333333 0.028645833333333332 0.049479166666666664
1 0.484375 0.11197916666666667 0.036458333333333336 0.044270833333333336
1 0.3645833333333333 0.18229166666666666 0.0390625 0.057291666666666664
1 0.23046875 0.4036458333333333 0.046875 0.041666666666666664
1 0.2799479166666667 0.4309895833333333 0.049479166666666664 0.033854166666666664
1 0.4010416666666667 0.4309895833333333 0.0390625 0.033854166666666664
1 0.4153645833333333 0.46875 0.0390625 0.033854166666666664
1 0.34765625 0.58203125 0.041666666666666664 0.057291666666666664
1 0.4596354166666667 0.4739583333333333 0.052083333333333336 0.046875
1 0.35546875 0.6510416666666666 0.028645833333333332 0.057291666666666664
1 0.56640625 0.4440104166666667 0.028645833333333332 0.049479166666666664
1 0.6432291666666666 0.46875 0.026041666666666668 0.059895833333333336
1 0.6341145833333334 0.40625 0.041666666666666664 0.028645833333333332
1 0.7161458333333334 0.4322916666666667 0.0390625 0.036458333333333336
1 0.7057291666666666 0.4440104166666667 0.033854166666666664 0.052083333333333336
1 0.5703125 0.3385416666666667 0.044270833333333336 0.033854166666666664
1 0.6875 0.2981770833333333 0.0546875 0.044270833333333336
1 0.63671875 0.3046875 0.026041666666666668 0.046875
1 0.6276041666666666 0.1796875 0.020833333333333332 0.041666666666666664
1 0.6575520833333334 0.12630208333333334 0.036458333333333336 0.059895833333333336
1 0.6263020833333334 0.09635416666666667 0.03125 0.036458333333333336
1 0.2903645833333333 0.3033854166666667 0.028645833333333332 0.049479166666666664
1 0.2825520833333333 0.45703125 0.041666666666666664 0.044270833333333336
1 0.3346354166666667 0.40625 0.028645833333333332 0.0546875
1 0.36328125 0.4375 0.046875 0.036458333333333336
1 0.3932291666666667 0.4947916666666667 0.049479166666666664 0.033854166666666664
1 0.4205729166666667 0.4856770833333333 0.036458333333333336 0.03125
1 0.3841145833333333 0.5338541666666666 0.036458333333333336 0.036458333333333336
1 0.2708333333333333 0.5208333333333334 0.03125 0.0625
1 0.37109375 0.5208333333333334 0.046875 0.026041666666666668
1 0.38671875 0.58984375 0.049479166666666664 0.0390625
1 0.4010416666666667 0.6002604166666666 0.0390625 0.0234375
1 0.5872395833333334 0.5755208333333334 0.036458333333333336 0.07291666666666667
1 0.4244791666666667 0.6888020833333334 0.0234375 0.041666666666666664
1 0.5546875 0.4791666666666667 0.0234375 0.044270833333333336
1 0.62890625 0.4361979166666667 0.0390625 0.044270833333333336
1 0.65234375 0.5416666666666666 0.028645833333333332 0.0546875
1 0.5546875 0.5299479166666666 0.03125 0.041666666666666664
1 0.70703125 0.3997395833333333 0.033854166666666664 0.026041666666666668
1 0.71875 0.3723958333333333 0.0234375 0.046875
1 0.69921875 0.3515625 0.03125 0.06510416666666667
1 0.6822916666666666 0.359375 0.036458333333333336 0.052083333333333336
1 0.671875 0.40625 0.033854166666666664 0.044270833333333336
1 0.5091145833333334 0.3984375 0.0390625 0.044270833333333336
1 0.55078125 0.3828125 0.028645833333333332 0.044270833333333336
1 0.66796875 0.29296875 0.041666666666666664 0.0546875
1 0.3424479166666667 0.6497395833333334 0.0234375 0.041666666666666664
1 0.3229166666666667 0.5247395833333334 0.036458333333333336 0.026041666666666668
1 0.30859375 0.43359375 0.044270833333333336 0.028645833333333332
1 0.4973958333333333 0.12369791666666667 0.033854166666666664 0.0546875
1 0.3776041666666667 0.23697916666666666 0.041666666666666664 0.046875
1 0.265625 0.3229166666666667 0.041666666666666664 0.052083333333333336
1 0.2552083333333333 0.3958333333333333 0.03125 0.059895833333333336
1 0.24609375 0.43359375 0.028645833333333332 0.059895833333333336
1 0.4830729166666667 0.35546875 0.052083333333333336 0.036458333333333336
1 0.4453125 0.37890625 0.036458333333333336 0.06510416666666667
1 0.4765625 0.49609375 0.036458333333333336 0.046875
1 0.3854166666666667 0.6783854166666666 0.026041666666666668 0.052083333333333336