1 0.23307291666666666 0.58984375 0.08072916666666667 0.06770833333333333
1 0.4361979166666667 0.5846354166666666 0.07291666666666667 0.0546875
1 0.515625 0.3528645833333333 0.08333333333333333 0.06510416666666667
1 0.3893229166666667 0.453125 0.0859375 0.08072916666666667
1 0.6848958333333334 0.6731770833333334 0.059895833333333336 0.046875
1 0.2630208333333333 0.6158854166666666 0.0625 0.049479166666666664
1 0.7395833333333334 0.6419270833333334 0.059895833333333336 0.049479166666666664
1 0.5677083333333334 0.6940104166666666 0.06770833333333333 0.052083333333333336
1 0.5690104166666666 0.3203125 0.06770833333333333 0.049479166666666664
1 0.5169270833333334 0.6263020833333334 0.057291666666666664 0.046875
1 0.40234375 0.72265625 0.059895833333333336 0.06510416666666667
1 0.234375 0.453125 0.07291666666666667 0.06510416666666667
1 0.10286458333333333 0.5546875 0.06770833333333333 0.057291666666666664
1 0.3763020833333333 0.5260416666666666 0.0625 0.06510416666666667
1 0.27734375 0.42578125 0.0546875 0.059895833333333336
1 0.5703125 0.28515625 0.06770833333333333 0.057291666666666664
1 0.5638020833333334 0.7630208333333334 0.06510416666666667 0.06510416666666667
1 0.4765625 0.50390625 0.07552083333333333 0.06770833333333333
1 0.3411458333333333 0.46875 0.0703125 0.0703125
1 0.2604166666666667 0.5572916666666666 0.0703125 0.0546875
1 0.7018229166666666 0.6471354166666666 0.06510416666666667 0.052083333333333336
1 0.5416666666666666 0.7890625 0.06510416666666667 0.06770833333333333
1 0.35546875 0.3971354166666667 0.0703125 0.07291666666666667
1 0.55078125 0.5390625 0.08854166666666667 0.07291666666666667
1 0.14973958333333334 0.546875 0.057291666666666664 0.052083333333333336
1 0.671875 0.71484375 0.049479166666666664 0.057291666666666664
1 0.63671875 0.7161458333333334 0.052083333333333336 0.057291666666666664
1 0.2734375 0.6901041666666666 0.0625 0.0625
1 0.3763020833333333 0.6901041666666666 0.06770833333333333 0.052083333333333336
1 0.37109375 0.58984375 0.0703125 0.059895833333333336
1 0.77734375 0.4908854166666667 0.0703125 0.059895833333333336
1 0.7005208333333334 0.515625 0.06510416666666667 0.059895833333333336
1 0.67578125 0.4635416666666667 0.0703125 0.0546875
1 0.5182291666666666 0.4921875 0.052083333333333336 0.059895833333333336
1 0.3190104166666667 0.6184895833333334 0.06770833333333333 0.057291666666666664
1 0.5807291666666666 0.33203125 0.06770833333333333 0.0546875
1 0.703125 0.62109375 0.057291666666666664 0.0546875
1 0.5325520833333334 0.7213541666666666 0.059895833333333336 0.059895833333333336
1 0.7604166666666666 0.4713541666666667 0.06770833333333333 0.057291666666666664
1 0.5143229166666666 0.25 0.0703125 0.0703125
1 0.6744791666666666 0.6302083333333334 0.0625 0.049479166666666664
1 0.6276041666666666 0.7473958333333334 0.08072916666666667 0.07291666666666667
1 0.19401041666666666 0.625 0.046875 0.0546875
1 0.703125 0.5859375 0.0703125 0.057291666666666664
1 0.2799479166666667 0.6223958333333334 0.0703125 0.057291666666666664
1 0.5286458333333334 0.5651041666666666 0.06770833333333333 0.0546875
1 0.33203125 0.58203125 0.041666666666666664 0.046875
1 0.6067708333333334 0.3020833333333333 0.052083333333333336 0.041666666666666664
1 0.4283854166666667 0.5716145833333334 0.06770833333333333 0.049479166666666664
1 0.5455729166666666 0.31640625 0.06510416666666667 0.057291666666666664
1 0.4817708333333333 0.5494791666666666 0.052083333333333336 0.0625
1 0.25 0.6796875 0.07552083333333333 0.07291666666666667
1 0.7447916666666666 0.4388020833333333 0.046875 0.041666666666666664
1 0.5638020833333334 0.6705729166666666 0.08072916666666667 0.06510416666666667
1 0.3268229166666667 0.66015625 0.0703125 0.057291666666666664
1 0.6901041666666666 0.4322916666666667 0.06770833333333333 0.052083333333333336
1 0.16536458333333334 0.51953125 0.0546875 0.059895833333333336
1 0.71484375 0.4479166666666667 0.06510416666666667 0.0625
1 0.74609375 0.45703125 0.06510416666666667 0.049479166666666664
1 0.7434895833333334 0.5885416666666666 0.0546875 0.046875
1 0.3125 0.6432291666666666 0.07291666666666667 0.059895833333333336
1 0.3359375 0.5533854166666666 0.06510416666666667 0.059895833333333336
1 0.5442708333333334 0.24609375 0.06510416666666667 0.07291666666666667
1 0.3385416666666667 0.4322916666666667 0.059895833333333336 0.0703125
1 0.4296875 0.44921875 0.0703125 0.06510416666666667
1 0.265625 0.3463541666666667 0.0859375 0.078125
1 0.5807291666666666 0.7291666666666666 0.06510416666666667 0.0625
1 0.640625 0.4440104166666667 0.0703125 0.0625