1 0.4322916666666667 0.3776041666666667 0.028645833333333332 0.0390625
1 0.5703125 0.3802083333333333 0.0234375 0.03125
1 0.5403645833333334 0.7513020833333334 0.026041666666666668 0.026041666666666668
1 0.31640625 0.7005208333333334 0.026041666666666668 0.0390625
1 0.6028645833333334 0.6953125 0.018229166666666668 0.049479166666666664
1 0.55078125 0.7135416666666666 0.010416666666666666 0.028645833333333332
1 0.5442708333333334 0.36328125 0.020833333333333332 0.0390625
1 0.6796875 0.6953125 0.018229166666666668 0.046875
1 0.5546875 0.5989583333333334 0.03125 0.0234375
1 0.5403645833333334 0.6497395833333334 0.033854166666666664 0.015625
1 0.50390625 0.5403645833333334 0.015625 0.044270833333333336
1 0.3463541666666667 0.3059895833333333 0.020833333333333332 0.044270833333333336
1 0.5572916666666666 0.5260416666666666 0.0234375 0.049479166666666664
1 0.43359375 0.6484375 0.018229166666666668 0.0390625
1 0.5416666666666666 0.53125 0.013020833333333334 0.03125
1 0.6927083333333334 0.1953125 0.0234375 0.0234375
1 0.6653645833333334 0.61328125 0.0234375 0.044270833333333336
1 0.46484375 0.4010416666666667 0.028645833333333332 0.041666666666666664
1 0.44921875 0.18359375 0.033854166666666664 0.028645833333333332
1 0.4778645833333333 0.453125 0.026041666666666668 0.036458333333333336
1 0.640625 0.6888020833333334 0.028645833333333332 0.033854166666666664
1 0.4622395833333333 0.2265625 0.033854166666666664 0.044270833333333336
1 0.4934895833333333 0.4127604166666667 0.020833333333333332 0.036458333333333336
1 0.5065104166666666 0.484375 0.020833333333333332 0.0390625
1 0.6223958333333334 0.62890625 0.03125 0.026041666666666668
1 0.4309895833333333 0.6653645833333334 0.020833333333333332 0.028645833333333332
1 0.48828125 0.6705729166666666 0.020833333333333332 0.013020833333333334
1 0.6510416666666666 0.7903645833333334 0.015625 0.036458333333333336
1 0.5546875 0.5846354166666666 0.026041666666666668 0.015625
1 0.5364583333333334 0.5182291666666666 0.0234375 0.036458333333333336
1 0.640625 0.5364583333333334 0.03125 0.018229166666666668
1 0.6927083333333334 0.5950520833333334 0.0390625 0.03125
1 0.7838541666666666 0.3815104166666667 0.026041666666666668 0.049479166666666664
1 0.6393229166666666 0.4583333333333333 0.026041666666666668 0.0546875
1 0.7643229166666666 0.4309895833333333 0.018229166666666668 0.044270833333333336
1 0.3684895833333333 0.85546875 0.015625 0.0390625
1 0.5807291666666666 0.3033854166666667 0.036458333333333336 0.026041666666666668
1 0.51171875 0.4596354166666667 0.03125 0.015625
1 0.6549479166666666 0.7669270833333334 0.018229166666666668 0.049479166666666664
1 0.51171875 0.35546875 0.0234375 0.033854166666666664
1 0.6341145833333334 0.5638020833333334 0.033854166666666664 0.041666666666666664
1 0.5234375 0.6041666666666666 0.0234375 0.0234375
1 0.5911458333333334 0.55078125 0.020833333333333332 0.0390625
1 0.4895833333333333 0.2630208333333333 0.018229166666666668 0.046875
1 0.6184895833333334 0.4596354166666667 0.033854166666666664 0.018229166666666668
1 0.7291666666666666 0.546875 0.03125 0.033854166666666664
1 0.4908854166666667 0.1640625 0.018229166666666668 0.033854166666666664
1 0.4908854166666667 0.4283854166666667 0.013020833333333334 0.041666666666666664
1 0.5013020833333334 0.44921875 0.018229166666666668 0.0234375
1 0.4140625 0.3098958333333333 0.015625 0.044270833333333336
1 0.46875 0.37109375 0.015625 0.041666666666666664
1 0.4895833333333333 0.3463541666666667 0.0234375 0.03125
1 0.64453125 0.73046875 0.028645833333333332 0.033854166666666664
1 0.6041666666666666 0.55078125 0.015625 0.049479166666666664
1 0.5013020833333334 0.3671875 0.015625 0.0390625
1 0.5286458333333334 0.265625 0.020833333333333332 0.049479166666666664
1 0.4375 0.16927083333333334 0.015625 0.033854166666666664
1 0.4856770833333333 0.4986979166666667 0.028645833333333332 0.020833333333333332
1 0.7096354166666666 0.7265625 0.018229166666666668 0.033854166666666664
1 0.7643229166666666 0.22916666666666666 0.013020833333333334 0.018229166666666668
1 0.7278645833333334 0.4973958333333333 0.03125 0.033854166666666664
1 0.7395833333333334 0.2838541666666667 0.041666666666666664 0.026041666666666668
1 0.5130208333333334 0.3216145833333333 0.018229166666666668 0.036458333333333336
1 0.3828125 0.3098958333333333 0.026041666666666668 0.036458333333333336
1 0.4388020833333333 0.7109375 0.028645833333333332 0.020833333333333332
1 0.5013020833333334 0.5690104166666666 0.028645833333333332 0.018229166666666668
1 0.625 0.7044270833333334 0.018229166666666668 0.041666666666666664
1 0.4231770833333333 0.2265625 0.028645833333333332 0.028645833333333332
1 0.6354166666666666 0.7734375 0.03125 0.036458333333333336
1 0.51171875 0.625 0.0234375 0.028645833333333332
1 0.4752604166666667 0.14583333333333334 0.013020833333333334 0.018229166666666668
1 0.5286458333333334 0.3151041666666667 0.015625 0.0390625
1 0.58984375 0.3255208333333333 0.020833333333333332 0.033854166666666664
1 0.6028645833333334 0.23307291666666666 0.020833333333333332 0.052083333333333336
1 0.5078125 0.43359375 0.0234375 0.013020833333333334
1 0.4739583333333333 0.3216145833333333 0.018229166666666668 0.036458333333333336
1 0.5950520833333334 0.7200520833333334 0.028645833333333332 0.015625
1 0.5143229166666666 0.44921875 0.013020833333333334 0.0234375
1 0.6223958333333334 0.671875 0.028645833333333332 0.036458333333333336
1 0.4401041666666667 0.609375 0.028645833333333332 0.020833333333333332
1 0.47265625 0.55859375 0.015625 0.044270833333333336
1 0.453125 0.6783854166666666 0.026041666666666668 0.03125
1 0.4453125 0.34765625 0.03125 0.015625
1 0.46484375 0.51171875 0.033854166666666664 0.0390625
1 0.5260416666666666 0.5807291666666666 0.026041666666666668 0.03125
1 0.5169270833333334 0.5221354166666666 0.026041666666666668 0.018229166666666668
1 0.5442708333333334 0.5651041666666666 0.020833333333333332 0.033854166666666664
1 0.5755208333333334 0.54296875 0.018229166666666668 0.049479166666666664
1 0.50390625 0.2994791666666667 0.018229166666666668 0.03125
1 0.6901041666666666 0.5729166666666666 0.03125 0.028645833333333332
1 0.75390625 0.2630208333333333 0.026041666666666668 0.020833333333333332
1 0.4466145833333333 0.16927083333333334 0.020833333333333332 0.026041666666666668
1 0.6028645833333334 0.6484375 0.015625 0.044270833333333336
1 0.609375 0.5885416666666666 0.015625 0.033854166666666664
1 0.5286458333333334 0.7447916666666666 0.0390625 0.0390625
1 0.5260416666666666 0.5572916666666666 0.026041666666666668 0.026041666666666668
1 0.3932291666666667 0.3528645833333333 0.028645833333333332 0.020833333333333332
1 0.4192708333333333 0.6614583333333334 0.018229166666666668 0.033854166666666664
1 0.4895833333333333 0.5481770833333334 0.026041666666666668 0.0390625
1 0.5390625 0.6861979166666666 0.0234375 0.033854166666666664
1 0.6119791666666666 0.6809895833333334 0.015625 0.046875
1 0.4934895833333333 0.3684895833333333 0.026041666666666668 0.018229166666666668
1 0.484375 0.5364583333333334 0.0234375 0.033854166666666664
1 0.69140625 0.7369791666666666 0.020833333333333332 0.046875
1 0.4869791666666667 0.3046875 0.018229166666666668 0.0390625
1 0.6588541666666666 0.5651041666666666 0.026041666666666668 0.0390625
1 0.5208333333333334 0.31640625 0.015625 0.049479166666666664
1 0.6393229166666666 0.4140625 0.018229166666666668 0.041666666666666664
1 0.5247395833333334 0.34375 0.020833333333333332 0.018229166666666668
1 0.78515625 0.8098958333333334 0.033854166666666664 0.033854166666666664
1 0.4752604166666667 0.5299479166666666 0.036458333333333336 0.020833333333333332
1 0.4830729166666667 0.4205729166666667 0.013020833333333334 0.028645833333333332
1 0.37109375 0.28515625 0.028645833333333332 0.033854166666666664
1 0.5 0.3919270833333333 0.03125 0.0234375
1 0.4010416666666667 0.6770833333333334 0.03125 0.033854166666666664
1 0.5703125 0.6380208333333334 0.033854166666666664 0.028645833333333332
1 0.6028645833333334 0.51953125 0.026041666666666668 0.033854166666666664
1 0.5950520833333334 0.5768229166666666 0.020833333333333332 0.0390625
1 0.5 0.6458333333333334 0.036458333333333336 0.0390625
1 0.5833333333333334 0.6822916666666666 0.033854166666666664 0.028645833333333332
1 0.40234375 0.6171875 0.018229166666666668 0.028645833333333332
1 0.6484375 0.7005208333333334 0.036458333333333336 0.033854166666666664
1 0.5755208333333334 0.5911458333333334 0.03125 0.028645833333333332
1 0.3463541666666667 0.6510416666666666 0.033854166666666664 0.020833333333333332
1 0.5651041666666666 0.6666666666666666 0.028645833333333332 0.0390625
1 0.6171875 0.5455729166666666 0.018229166666666668 0.046875
1 0.6861979166666666 0.4752604166666667 0.03125 0.028645833333333332
1 0.5533854166666666 0.2994791666666667 0.0234375 0.015625