1 0.18359375 0.5169270833333334 0.044270833333333336 0.049479166666666664
1 0.2825520833333333 0.4622395833333333 0.044270833333333336 0.052083333333333336
1 0.20442708333333334 0.41015625 0.052083333333333336 0.036458333333333336
1 0.4622395833333333 0.4856770833333333 0.06510416666666667 0.046875
1 0.6744791666666666 0.55859375 0.041666666666666664 0.041666666666666664
1 0.6184895833333334 0.4895833333333333 0.06510416666666667 0.03125
1 0.421875 0.5989583333333334 0.0546875 0.041666666666666664
1 0.3893229166666667 0.6119791666666666 0.059895833333333336 0.033854166666666664
1 0.16276041666666666 0.4283854166666667 0.052083333333333336 0.0390625
1 0.2981770833333333 0.4947916666666667 0.0546875 0.033854166666666664
1 0.20052083333333334 0.4544270833333333 0.046875 0.028645833333333332
1 0.4713541666666667 0.43359375 0.036458333333333336 0.046875
1 0.8333333333333334 0.45703125 0.06770833333333333 0.049479166666666664
1 0.6158854166666666 0.5794270833333334 0.041666666666666664 0.046875
1 0.3919270833333333 0.6328125 0.0546875 0.052083333333333336
1 0.75 0.3606770833333333 0.044270833333333336 0.044270833333333336
1 0.4427083333333333 0.53515625 0.0390625 0.0546875
1 0.3697916666666667 0.0390625 0.0625 0.0390625
1 0.625 0.18229166666666666 0.049479166666666664 0.0546875
1 0.2877604166666667 0.4348958333333333 0.0625 0.036458333333333336
1 0.72265625 0.5325520833333334 0.0390625 0.049479166666666664
1 0.6354166666666666 0.35546875 0.033854166666666664 0.049479166666666664
1 0.7083333333333334 0.33984375 0.06510416666666667 0.033854166666666664
1 0.6328125 0.51953125 0.044270833333333336 0.044270833333333336
1 0.67578125 0.3229166666666667 0.0625 0.049479166666666664
1 0.7057291666666666 0.5755208333333334 0.046875 0.044270833333333336
1 0.21614583333333334 0.3684895833333333 0.052083333333333336 0.046875
1 0.24609375 0.3815104166666667 0.0546875 0.044270833333333336
1 0.7434895833333334 0.5052083333333334 0.057291666666666664 0.041666666666666664