1 0.3828125 0.4127604166666667 0.041666666666666664 0.046875
1 0.3190104166666667 0.5143229166666666 0.026041666666666668 0.028645833333333332
1 0.2747395833333333 0.51953125 0.033854166666666664 0.028645833333333332
1 0.23828125 0.4908854166666667 0.0390625 0.0390625
1 0.22916666666666666 0.5143229166666666 0.028645833333333332 0.046875
1 0.4231770833333333 0.5924479166666666 0.036458333333333336 0.049479166666666664
1 0.4036458333333333 0.6158854166666666 0.033854166666666664 0.03125
1 0.3606770833333333 0.5651041666666666 0.036458333333333336 0.044270833333333336
1 0.4622395833333333 0.61328125 0.0390625 0.033854166666666664
1 0.43359375 0.6393229166666666 0.028645833333333332 0.028645833333333332
1 0.3984375 0.6354166666666666 0.041666666666666664 0.046875
1 0.4765625 0.2981770833333333 0.036458333333333336 0.036458333333333336
1 0.3229166666666667 0.578125 0.0390625 0.020833333333333332
1 0.4479166666666667 0.3385416666666667 0.03125 0.049479166666666664
1 0.24869791666666666 0.3697916666666667 0.033854166666666664 0.036458333333333336
1 0.5390625 0.3893229166666667 0.03125 0.036458333333333336
1 0.3151041666666667 0.359375 0.033854166666666664 0.06510416666666667
1 0.2747395833333333 0.5494791666666666 0.026041666666666668 0.044270833333333336
1 0.2721354166666667 0.4986979166666667 0.041666666666666664 0.03125
1 0.640625 0.51171875 0.03125 0.052083333333333336
1 0.4869791666666667 0.6770833333333334 0.0390625 0.06510416666666667
1 0.4348958333333333 0.56640625 0.020833333333333332 0.03125
1 0.5130208333333334 0.6276041666666666 0.033854166666666664 0.03125
1 0.5065104166666666 0.7252604166666666 0.041666666666666664 0.0390625
1 0.3294270833333333 0.6848958333333334 0.028645833333333332 0.0390625
1 0.296875 0.6080729166666666 0.0390625 0.03125
1 0.32421875 0.7018229166666666 0.0390625 0.057291666666666664
1 0.61328125 0.51953125 0.046875 0.033854166666666664
1 0.5182291666666666 0.703125 0.028645833333333332 0.044270833333333336
1 0.30078125 0.57421875 0.0234375 0.046875
1 0.3111979166666667 0.5442708333333334 0.0234375 0.0390625
1 0.5377604166666666 0.49609375 0.049479166666666664 0.033854166666666664
1 0.33203125 0.51171875 0.033854166666666664 0.0390625
1 0.20572916666666666 0.5247395833333334 0.03125 0.0625
1 0.2877604166666667 0.5703125 0.03125 0.049479166666666664
1 0.56640625 0.6315104166666666 0.033854166666666664 0.049479166666666664
1 0.6002604166666666 0.61328125 0.0390625 0.03125
1 0.4739583333333333 0.6341145833333334 0.036458333333333336 0.033854166666666664
1 0.21223958333333334 0.5481770833333334 0.0234375 0.044270833333333336
1 0.3424479166666667 0.3619791666666667 0.03125 0.026041666666666668
1 0.5221354166666666 0.3502604166666667 0.044270833333333336 0.049479166666666664
1 0.4544270833333333 0.3723958333333333 0.041666666666666664 0.052083333333333336
1 0.5794270833333334 0.5026041666666666 0.044270833333333336 0.049479166666666664
1 0.6263020833333334 0.5703125 0.041666666666666664 0.028645833333333332
1 0.6744791666666666 0.51171875 0.049479166666666664 0.057291666666666664
1 0.4661458333333333 0.6588541666666666 0.0390625 0.033854166666666664
1 0.40625 0.5872395833333334 0.028645833333333332 0.049479166666666664
1 0.3502604166666667 0.6953125 0.036458333333333336 0.036458333333333336
1 0.3372395833333333 0.6484375 0.036458333333333336 0.052083333333333336
1 0.4231770833333333 0.65625 0.03125 0.0234375
1 0.3059895833333333 0.4869791666666667 0.0234375 0.0234375
1 0.4388020833333333 0.3958333333333333 0.041666666666666664 0.044270833333333336
1 0.3372395833333333 0.3502604166666667 0.0390625 0.041666666666666664
1 0.4986979166666667 0.3346354166666667 0.036458333333333336 0.03125
1 0.4127604166666667 0.3020833333333333 0.046875 0.06770833333333333
1 0.66015625 0.4635416666666667 0.033854166666666664 0.052083333333333336
1 0.5403645833333334 0.7317708333333334 0.057291666666666664 0.041666666666666664
1 0.515625 0.6770833333333334 0.028645833333333332 0.052083333333333336
1 0.3723958333333333 0.5559895833333334 0.026041666666666668 0.0390625
1 0.3658854166666667 0.6575520833333334 0.028645833333333332 0.033854166666666664
1 0.3880208333333333 0.53515625 0.044270833333333336 0.06510416666666667
1 0.4557291666666667 0.4270833333333333 0.03125 0.049479166666666664
1 0.62890625 0.4830729166666667 0.044270833333333336 0.026041666666666668
1 0.4322916666666667 0.3528645833333333 0.044270833333333336 0.046875
1 0.26953125 0.3450520833333333 0.052083333333333336 0.041666666666666664
1 0.296875 0.5364583333333334 0.036458333333333336 0.036458333333333336
1 0.26171875 0.4778645833333333 0.033854166666666664 0.0234375
1 0.53515625 0.6067708333333334 0.03125 0.036458333333333336
1 0.4921875 0.7005208333333334 0.049479166666666664 0.033854166666666664
1 0.4166666666666667 0.5494791666666666 0.041666666666666664 0.041666666666666664
1 0.3880208333333333 0.5833333333333334 0.028645833333333332 0.059895833333333336
1 0.51171875 0.5794270833333334 0.036458333333333336 0.041666666666666664
1 0.4309895833333333 0.6302083333333334 0.033854166666666664 0.03125
1 0.31640625 0.5924479166666666 0.0390625 0.026041666666666668
1 0.45703125 0.296875 0.026041666666666668 0.049479166666666664
1 0.4674479166666667 0.328125 0.03125 0.052083333333333336
1 0.3385416666666667 0.3841145833333333 0.028645833333333332 0.049479166666666664
1 0.3567708333333333 0.3255208333333333 0.041666666666666664 0.044270833333333336
1 0.2903645833333333 0.484375 0.033854166666666664 0.03125
1 0.2981770833333333 0.5130208333333334 0.044270833333333336 0.028645833333333332
1 0.296875 0.4388020833333333 0.041666666666666664 0.046875
1 0.5729166666666666 0.53515625 0.028645833333333332 0.0390625
1 0.59765625 0.5924479166666666 0.03125 0.026041666666666668
1 0.5690104166666666 0.6015625 0.033854166666666664 0.036458333333333336
1 0.5533854166666666 0.7083333333333334 0.041666666666666664 0.046875
1 0.3567708333333333 0.671875 0.044270833333333336 0.036458333333333336
1 0.3515625 0.6510416666666666 0.033854166666666664 0.0546875
1 0.3671875 0.6028645833333334 0.041666666666666664 0.044270833333333336