1 0.328125 0.6028645833333334 0.08854166666666667 0.07552083333333333
1 0.3763020833333333 0.5520833333333334 0.11458333333333333 0.09635416666666667
1 0.4010416666666667 0.51953125 0.09375 0.08072916666666667
1 0.7565104166666666 0.69921875 0.08072916666666667 0.09895833333333333
1 0.7291666666666666 0.80078125 0.08333333333333333 0.1015625
1 0.3229166666666667 0.7786458333333334 0.08854166666666667 0.09635416666666667
1 0.546875 0.5859375 0.11197916666666667 0.14583333333333334
1 0.3098958333333333 0.2916666666666667 0.09895833333333333 0.11979166666666667
1 0.8463541666666666 0.4921875 0.09114583333333333 0.09635416666666667
1 0.65234375 0.6236979166666666 0.08854166666666667 0.078125
1 0.8567708333333334 0.7799479166666666 0.10416666666666667 0.125
1 0.7330729166666666 0.5208333333333334 0.08854166666666667 0.1015625
1 0.18098958333333334 0.65625 0.125 0.15104166666666666
1 0.390625 0.18880208333333334 0.0859375 0.0859375
1 0.6315104166666666 0.3203125 0.078125 0.10677083333333333
1 0.6940104166666666 0.6809895833333334 0.07291666666666667 0.09635416666666667
1 0.3385416666666667 0.7356770833333334 0.07552083333333333 0.10416666666666667
1 0.52734375 0.515625 0.07291666666666667 0.10677083333333333
1 0.57421875 0.63671875 0.08854166666666667 0.109375
1 0.484375 0.5611979166666666 0.0859375 0.11458333333333333
1 0.7669270833333334 0.4830729166666667 0.109375 0.1015625
1 0.8658854166666666 0.7057291666666666 0.09895833333333333 0.10416666666666667