1 0.5442708333333334 0.5494791666666666 0.0234375 0.033854166666666664
1 0.5377604166666666 0.67578125 0.0234375 0.0390625
1 0.4348958333333333 0.4869791666666667 0.015625 0.03125
1 0.5299479166666666 0.49609375 0.020833333333333332 0.028645833333333332
1 0.4296875 0.6236979166666666 0.0234375 0.0390625
1 0.5052083333333334 0.5143229166666666 0.013020833333333334 0.026041666666666668
1 0.578125 0.5716145833333334 0.018229166666666668 0.0390625
1 0.3984375 0.4596354166666667 0.0234375 0.028645833333333332
1 0.6002604166666666 0.390625 0.03125 0.026041666666666668
1 0.4609375 0.5546875 0.028645833333333332 0.0234375
1 0.4830729166666667 0.5065104166666666 0.03125 0.026041666666666668
1 0.5651041666666666 0.5065104166666666 0.026041666666666668 0.0390625
1 0.43359375 0.5911458333333334 0.0234375 0.015625
1 0.4869791666666667 0.4713541666666667 0.026041666666666668 0.0390625
1 0.51171875 0.55078125 0.018229166666666668 0.026041666666666668
1 0.63671875 0.37109375 0.026041666666666668 0.026041666666666668
1 0.4348958333333333 0.5455729166666666 0.015625 0.033854166666666664
1 0.5481770833333334 0.4817708333333333 0.03125 0.033854166666666664
1 0.6419270833333334 0.6145833333333334 0.03125 0.033854166666666664
1 0.4830729166666667 0.41015625 0.015625 0.015625
1 0.453125 0.66796875 0.028645833333333332 0.0234375
1 0.46484375 0.5026041666666666 0.015625 0.028645833333333332
1 0.58984375 0.5989583333333334 0.0234375 0.03125
1 0.41796875 0.4453125 0.018229166666666668 0.03125
1 0.6497395833333334 0.70703125 0.0234375 0.036458333333333336
1 0.4205729166666667 0.5 0.020833333333333332 0.0234375
1 0.4401041666666667 0.4609375 0.0234375 0.0234375
1 0.52734375 0.7265625 0.028645833333333332 0.03125
1 0.515625 0.5143229166666666 0.015625 0.03125
1 0.55859375 0.59765625 0.018229166666666668 0.0390625
1 0.4765625 0.4921875 0.0234375 0.015625
1 0.4635416666666667 0.5729166666666666 0.020833333333333332 0.0234375
1 0.4427083333333333 0.60546875 0.026041666666666668 0.028645833333333332
1 0.5130208333333334 0.7330729166666666 0.015625 0.03125
1 0.4453125 0.5078125 0.020833333333333332 0.020833333333333332
1 0.5807291666666666 0.3854166666666667 0.018229166666666668 0.028645833333333332
1 0.5364583333333334 0.4544270833333333 0.028645833333333332 0.020833333333333332
1 0.5403645833333334 0.2747395833333333 0.015625 0.03125
1 0.4895833333333333 0.3528645833333333 0.028645833333333332 0.03125
1 0.61328125 0.31640625 0.0234375 0.036458333333333336
1 0.49609375 0.5455729166666666 0.015625 0.028645833333333332
1 0.4947916666666667 0.4921875 0.018229166666666668 0.0234375
1 0.5390625 0.5221354166666666 0.020833333333333332 0.026041666666666668
1 0.4700520833333333 0.6809895833333334 0.0234375 0.015625
1 0.4388020833333333 0.6119791666666666 0.018229166666666668 0.026041666666666668
1 0.4908854166666667 0.6783854166666666 0.028645833333333332 0.0234375
1 0.5442708333333334 0.7916666666666666 0.033854166666666664 0.0234375
1 0.65234375 0.3216145833333333 0.033854166666666664 0.036458333333333336
1 0.4166666666666667 0.515625 0.020833333333333332 0.028645833333333332
1 0.4049479166666667 0.7096354166666666 0.028645833333333332 0.028645833333333332
1 0.4361979166666667 0.7083333333333334 0.0234375 0.020833333333333332
1 0.4010416666666667 0.4427083333333333 0.015625 0.015625