1 0.4166666666666667 0.23046875 0.125 0.16666666666666666
1 0.5546875 0.921875 0.12760416666666666 0.1328125
1 0.5872395833333334 0.4192708333333333 0.09375 0.07291666666666667
1 0.640625 0.55078125 0.07291666666666667 0.11197916666666667
1 0.5364583333333334 0.4557291666666667 0.07552083333333333 0.11458333333333333
1 0.6119791666666666 0.5911458333333334 0.078125 0.1171875
1 0.5533854166666666 0.4036458333333333 0.0859375 0.0703125
1 0.6028645833333334 0.4934895833333333 0.09635416666666667 0.13802083333333334
1 0.67578125 0.6510416666666666 0.1015625 0.140625
1 0.5833333333333334 0.56640625 0.06510416666666667 0.109375
1 0.5208333333333334 0.37890625 0.1015625 0.07552083333333333
1 0.5026041666666666 0.3372395833333333 0.09375 0.0703125
1 0.6223958333333334 0.6666666666666666 0.0859375 0.109375