1 0.3815104166666667 0.71875 0.028645833333333332 0.028645833333333332
1 0.3684895833333333 0.5963541666666666 0.020833333333333332 0.026041666666666668
1 0.3645833333333333 0.42578125 0.018229166666666668 0.03125
1 0.4518229166666667 0.6236979166666666 0.028645833333333332 0.041666666666666664
1 0.51171875 0.3815104166666667 0.028645833333333332 0.033854166666666664
1 0.4856770833333333 0.4622395833333333 0.028645833333333332 0.0234375
1 0.4348958333333333 0.6536458333333334 0.018229166666666668 0.015625
1 0.4075520833333333 0.62109375 0.028645833333333332 0.0234375
1 0.4661458333333333 0.5611979166666666 0.028645833333333332 0.0234375
1 0.3919270833333333 0.6888020833333334 0.028645833333333332 0.041666666666666664
1 0.36328125 0.484375 0.020833333333333332 0.026041666666666668
1 0.5104166666666666 0.5611979166666666 0.018229166666666668 0.015625
1 0.4557291666666667 0.4453125 0.0234375 0.036458333333333336
1 0.3684895833333333 0.4505208333333333 0.0234375 0.0390625
1 0.37109375 0.38671875 0.03125 0.033854166666666664
1 0.3372395833333333 0.6015625 0.028645833333333332 0.020833333333333332
1 0.4817708333333333 0.58203125 0.018229166666666668 0.026041666666666668
1 0.3463541666666667 0.48046875 0.0234375 0.036458333333333336
1 0.52734375 0.63671875 0.028645833333333332 0.026041666666666668
1 0.5338541666666666 0.390625 0.033854166666666664 0.03125
1 0.4817708333333333 0.3815104166666667 0.03125 0.03125
1 0.39453125 0.3541666666666667 0.033854166666666664 0.028645833333333332
1 0.4765625 0.3515625 0.033854166666666664 0.028645833333333332
1 0.4231770833333333 0.5716145833333334 0.018229166666666668 0.0234375
1 0.5078125 0.23828125 0.0390625 0.036458333333333336
1 0.33203125 0.6276041666666666 0.020833333333333332 0.033854166666666664
1 0.5286458333333334 0.47265625 0.0234375 0.036458333333333336
1 0.4375 0.4322916666666667 0.020833333333333332 0.0234375
1 0.5755208333333334 0.4440104166666667 0.015625 0.015625
1 0.44921875 0.3502604166666667 0.03125 0.033854166666666664
1 0.5611979166666666 0.4440104166666667 0.018229166666666668 0.026041666666666668
1 0.4817708333333333 0.5416666666666666 0.020833333333333332 0.03125
1 0.3854166666666667 0.5390625 0.028645833333333332 0.041666666666666664
1 0.4049479166666667 0.46484375 0.026041666666666668 0.026041666666666668
1 0.5247395833333334 0.66015625 0.033854166666666664 0.028645833333333332
1 0.5091145833333334 0.6184895833333334 0.026041666666666668 0.028645833333333332
1 0.4622395833333333 0.3203125 0.028645833333333332 0.033854166666666664
1 0.41796875 0.4127604166666667 0.03125 0.020833333333333332
1 0.5104166666666666 0.4114583333333333 0.0390625 0.041666666666666664
1 0.5442708333333334 0.46875 0.013020833333333334 0.013020833333333334
1 0.5911458333333334 0.6822916666666666 0.0390625 0.044270833333333336
1 0.5377604166666666 0.5455729166666666 0.013020833333333334 0.026041666666666668
1 0.54296875 0.6497395833333334 0.026041666666666668 0.03125
1 0.52734375 0.6080729166666666 0.026041666666666668 0.033854166666666664
1 0.5794270833333334 0.5950520833333334 0.03125 0.036458333333333336
1 0.5950520833333334 0.5546875 0.033854166666666664 0.041666666666666664
1 0.5963541666666666 0.6419270833333334 0.028645833333333332 0.044270833333333336
1 0.4856770833333333 0.5026041666666666 0.015625 0.0234375
1 0.40625 0.3776041666666667 0.026041666666666668 0.028645833333333332
1 0.4713541666666667 0.6549479166666666 0.018229166666666668 0.036458333333333336
1 0.50390625 0.4674479166666667 0.026041666666666668 0.026041666666666668
1 0.46875 0.4765625 0.033854166666666664 0.033854166666666664
1 0.36328125 0.6432291666666666 0.020833333333333332 0.03125
1 0.55078125 0.49609375 0.03125 0.028645833333333332
1 0.5338541666666666 0.5651041666666666 0.028645833333333332 0.020833333333333332
1 0.47265625 0.5390625 0.020833333333333332 0.03125
1 0.57421875 0.4947916666666667 0.036458333333333336 0.0390625
1 0.5182291666666666 0.58984375 0.0234375 0.036458333333333336
1 0.4869791666666667 0.6575520833333334 0.03125 0.044270833333333336
1 0.5416666666666666 0.4348958333333333 0.0234375 0.033854166666666664
1 0.4505208333333333 0.40234375 0.026041666666666668 0.0390625
1 0.37890625 0.6302083333333334 0.018229166666666668 0.033854166666666664
1 0.4270833333333333 0.3216145833333333 0.033854166666666664 0.020833333333333332
1 0.5208333333333334 0.51953125 0.03125 0.026041666666666668
1 0.5833333333333334 0.6575520833333334 0.036458333333333336 0.033854166666666664
1 0.5026041666666666 0.5442708333333334 0.020833333333333332 0.033854166666666664
1 0.4661458333333333 0.3997395833333333 0.0234375 0.015625
1 0.3255208333333333 0.5625 0.018229166666666668 0.03125
1 0.4270833333333333 0.4609375 0.0234375 0.0234375
1 0.4283854166666667 0.3736979166666667 0.0234375 0.020833333333333332
1 0.5546875 0.6145833333333334 0.036458333333333336 0.033854166666666664
1 0.3424479166666667 0.46875 0.020833333333333332 0.03125
1 0.6145833333333334 0.4817708333333333 0.0234375 0.013020833333333334
1 0.4973958333333333 0.5052083333333334 0.0234375 0.028645833333333332
1 0.4856770833333333 0.32421875 0.026041666666666668 0.018229166666666668
1 0.4153645833333333 0.34375 0.028645833333333332 0.018229166666666668