1 0.5377604166666666 0.4375 0.059895833333333336 0.041666666666666664
1 0.3450520833333333 0.546875 0.0546875 0.041666666666666664
1 0.6197916666666666 0.4635416666666667 0.049479166666666664 0.044270833333333336
1 0.5182291666666666 0.4153645833333333 0.059895833333333336 0.0546875
1 0.3815104166666667 0.5 0.049479166666666664 0.046875
1 0.4049479166666667 0.53125 0.06510416666666667 0.057291666666666664
1 0.51953125 0.4635416666666667 0.044270833333333336 0.0390625
1 0.3841145833333333 0.5677083333333334 0.044270833333333336 0.036458333333333336
1 0.4661458333333333 0.5130208333333334 0.0625 0.052083333333333336
1 0.2825520833333333 0.6575520833333334 0.059895833333333336 0.046875
1 0.3255208333333333 0.5911458333333334 0.046875 0.044270833333333336
1 0.33984375 0.5078125 0.046875 0.049479166666666664
1 0.3971354166666667 0.4348958333333333 0.06510416666666667 0.0546875
1 0.53125 0.51953125 0.049479166666666664 0.041666666666666664
1 0.4427083333333333 0.5481770833333334 0.052083333333333336 0.046875
1 0.5091145833333334 0.5729166666666666 0.07552083333333333 0.049479166666666664