1 0.7356770833333334 0.6223958333333334 0.033854166666666664 0.0390625
1 0.4361979166666667 0.3997395833333333 0.0234375 0.028645833333333332
1 0.47265625 0.5013020833333334 0.03125 0.028645833333333332
1 0.5559895833333334 0.4934895833333333 0.03125 0.03125
1 0.4075520833333333 0.4674479166666667 0.0234375 0.020833333333333332
1 0.5442708333333334 0.3515625 0.0390625 0.044270833333333336
1 0.4934895833333333 0.5091145833333334 0.026041666666666668 0.0234375
1 0.8346354166666666 0.7434895833333334 0.0234375 0.020833333333333332
1 0.4283854166666667 0.4153645833333333 0.028645833333333332 0.028645833333333332
1 0.6614583333333334 0.4010416666666667 0.0234375 0.03125
1 0.6393229166666666 0.4921875 0.018229166666666668 0.018229166666666668
1 0.6510416666666666 0.40625 0.018229166666666668 0.020833333333333332
1 0.6184895833333334 0.37109375 0.0234375 0.03125
1 0.4348958333333333 0.359375 0.028645833333333332 0.028645833333333332
1 0.6640625 0.4778645833333333 0.020833333333333332 0.018229166666666668