1 0.2799479166666667 0.5481770833333334 0.020833333333333332 0.028645833333333332
1 0.6380208333333334 0.2864583333333333 0.026041666666666668 0.028645833333333332
1 0.6158854166666666 0.29296875 0.033854166666666664 0.03125
1 0.4518229166666667 0.31640625 0.028645833333333332 0.0234375
1 0.3046875 0.2578125 0.03125 0.03125
1 0.2838541666666667 0.31640625 0.03125 0.0234375
1 0.43359375 0.4609375 0.0234375 0.057291666666666664
1 0.5481770833333334 0.4778645833333333 0.03125 0.026041666666666668
1 0.5611979166666666 0.5794270833333334 0.0234375 0.0234375
1 0.57421875 0.546875 0.026041666666666668 0.03125
1 0.3841145833333333 0.6783854166666666 0.0234375 0.044270833333333336
1 0.6901041666666666 0.6236979166666666 0.036458333333333336 0.041666666666666664
1 0.4895833333333333 0.359375 0.033854166666666664 0.026041666666666668
1 0.24739583333333334 0.3997395833333333 0.026041666666666668 0.028645833333333332
1 0.39453125 0.4583333333333333 0.0390625 0.028645833333333332
1 0.2877604166666667 0.5807291666666666 0.0234375 0.036458333333333336
1 0.6731770833333334 0.5078125 0.028645833333333332 0.036458333333333336
1 0.69921875 0.4348958333333333 0.03125 0.044270833333333336
1 0.6302083333333334 0.3033854166666667 0.028645833333333332 0.03125
1 0.4635416666666667 0.2643229166666667 0.03125 0.028645833333333332
1 0.36328125 0.23046875 0.03125 0.028645833333333332
1 0.4596354166666667 0.4375 0.026041666666666668 0.0390625
1 0.51953125 0.4973958333333333 0.0234375 0.03125
1 0.5598958333333334 0.546875 0.0234375 0.033854166666666664
1 0.3151041666666667 0.5221354166666666 0.026041666666666668 0.03125
1 0.6575520833333334 0.23567708333333334 0.028645833333333332 0.028645833333333332
1 0.5299479166666666 0.31640625 0.028645833333333332 0.0234375
1 0.33203125 0.23567708333333334 0.03125 0.026041666666666668
1 0.4609375 0.4869791666666667 0.033854166666666664 0.028645833333333332
1 0.3841145833333333 0.8111979166666666 0.0234375 0.041666666666666664
1 0.7057291666666666 0.58203125 0.03125 0.033854166666666664
1 0.6966145833333334 0.5859375 0.0234375 0.036458333333333336
1 0.703125 0.55859375 0.033854166666666664 0.033854166666666664
1 0.6979166666666666 0.5104166666666666 0.033854166666666664 0.033854166666666664
1 0.6549479166666666 0.3020833333333333 0.026041666666666668 0.041666666666666664
1 0.4713541666666667 0.4596354166666667 0.028645833333333332 0.028645833333333332
1 0.4479166666666667 0.4322916666666667 0.026041666666666668 0.036458333333333336
1 0.4283854166666667 0.71875 0.036458333333333336 0.0234375
1 0.7278645833333334 0.4674479166666667 0.0234375 0.0390625
1 0.5846354166666666 0.2955729166666667 0.036458333333333336 0.03125
1 0.515625 0.23958333333333334 0.028645833333333332 0.020833333333333332
1 0.3502604166666667 0.4427083333333333 0.026041666666666668 0.03125
1 0.6783854166666666 0.5690104166666666 0.026041666666666668 0.041666666666666664
1 0.5182291666666666 0.3346354166666667 0.03125 0.0234375
1 0.12239583333333333 0.1953125 0.028645833333333332 0.020833333333333332
1 0.24088541666666666 0.3697916666666667 0.028645833333333332 0.0234375
1 0.3997395833333333 0.4427083333333333 0.033854166666666664 0.028645833333333332
1 0.4309895833333333 0.7044270833333334 0.026041666666666668 0.0234375
1 0.5390625 0.22786458333333334 0.033854166666666664 0.026041666666666668
1 0.3424479166666667 0.3229166666666667 0.026041666666666668 0.036458333333333336
1 0.16796875 0.3854166666666667 0.028645833333333332 0.026041666666666668
1 0.2708333333333333 0.3515625 0.028645833333333332 0.033854166666666664