1 0.3463541666666667 0.2630208333333333 0.1484375 0.16927083333333334
1 0.7877604166666666 0.8125 0.140625 0.14322916666666666
1 0.3815104166666667 0.515625 0.09635416666666667 0.0859375
1 0.4479166666666667 0.640625 0.09114583333333333 0.11197916666666667
1 0.4427083333333333 0.4986979166666667 0.09375 0.11458333333333333
1 0.4973958333333333 0.64453125 0.09635416666666667 0.11458333333333333
1 0.3919270833333333 0.4791666666666667 0.09114583333333333 0.08072916666666667
1 0.4283854166666667 0.5755208333333334 0.11979166666666667 0.140625
1 0.5026041666666666 0.7317708333333334 0.125 0.14322916666666666
1 0.4973958333333333 0.6067708333333334 0.08333333333333333 0.10677083333333333
1 0.39453125 0.4388020833333333 0.10416666666666667 0.09114583333333333
1 0.375 0.3971354166666667 0.09635416666666667 0.08333333333333333
1 0.5494791666666666 0.7018229166666666 0.1015625 0.11197916666666667