1 0.6484375 0.6119791666666666 0.03125 0.046875
1 0.55859375 0.47265625 0.020833333333333332 0.041666666666666664
1 0.5260416666666666 0.41015625 0.036458333333333336 0.028645833333333332
1 0.62890625 0.65625 0.018229166666666668 0.057291666666666664
1 0.5963541666666666 0.4713541666666667 0.0390625 0.0390625
1 0.5221354166666666 0.578125 0.026041666666666668 0.046875
1 0.54296875 0.59375 0.03125 0.057291666666666664
1 0.6119791666666666 0.5234375 0.049479166666666664 0.0234375
1 0.6484375 0.5221354166666666 0.046875 0.0234375
1 0.59765625 0.4322916666666667 0.041666666666666664 0.026041666666666668
1 0.5169270833333334 0.5013020833333334 0.033854166666666664 0.049479166666666664
1 0.65625 0.6471354166666666 0.0390625 0.044270833333333336
1 0.5625 0.4348958333333333 0.033854166666666664 0.03125
1 0.546875 0.51953125 0.026041666666666668 0.044270833333333336
1 0.60546875 0.5677083333333334 0.026041666666666668 0.041666666666666664
1 0.62109375 0.4700520833333333 0.03125 0.0390625
1 0.6315104166666666 0.5390625 0.046875 0.026041666666666668
1 0.640625 0.4244791666666667 0.0234375 0.059895833333333336
1 0.6276041666666666 0.5013020833333334 0.046875 0.018229166666666668
1 0.5638020833333334 0.5611979166666666 0.036458333333333336 0.015625
1 0.5442708333333334 0.48046875 0.026041666666666668 0.0546875
1 0.62109375 0.5859375 0.03125 0.036458333333333336
1 0.5989583333333334 0.4049479166666667 0.033854166666666664 0.026041666666666668
1 0.5013020833333334 0.5950520833333334 0.03125 0.046875
1 0.5338541666666666 0.5104166666666666 0.026041666666666668 0.046875
1 0.5807291666666666 0.578125 0.0234375 0.018229166666666668
1 0.49609375 0.625 0.036458333333333336 0.033854166666666664
1 0.6184895833333334 0.4466145833333333 0.0234375 0.0390625
1 0.6354166666666666 0.5598958333333334 0.033854166666666664 0.03125
1 0.62890625 0.4075520833333333 0.020833333333333332 0.049479166666666664
1 0.58203125 0.3763020833333333 0.03125 0.041666666666666664
1 0.55859375 0.5950520833333334 0.0234375 0.0546875
1 0.59375 0.5403645833333334 0.03125 0.020833333333333332
1 0.5442708333333334 0.5494791666666666 0.033854166666666664 0.020833333333333332
1 0.5299479166666666 0.5598958333333334 0.028645833333333332 0.044270833333333336
1 0.5625 0.5455729166666666 0.0390625 0.026041666666666668
1 0.5872395833333334 0.4466145833333333 0.026041666666666668 0.018229166666666668