1 0.3229166666666667 0.6341145833333334 0.03125 0.036458333333333336
1 0.33203125 0.609375 0.044270833333333336 0.028645833333333332
1 0.3984375 0.5572916666666666 0.033854166666666664 0.0390625
1 0.4244791666666667 0.4986979166666667 0.026041666666666668 0.046875
1 0.37890625 0.3893229166666667 0.03125 0.044270833333333336
1 0.2786458333333333 0.2903645833333333 0.028645833333333332 0.036458333333333336
1 0.49609375 0.4440104166666667 0.028645833333333332 0.033854166666666664
1 0.47265625 0.2708333333333333 0.03125 0.026041666666666668
1 0.65234375 0.33203125 0.044270833333333336 0.033854166666666664
1 0.4739583333333333 0.17578125 0.026041666666666668 0.033854166666666664
1 0.453125 0.12890625 0.033854166666666664 0.046875
1 0.4296875 0.1328125 0.033854166666666664 0.049479166666666664
1 0.58203125 0.5052083333333334 0.03125 0.041666666666666664
1 0.5690104166666666 0.6028645833333334 0.0390625 0.03125
1 0.6106770833333334 0.5794270833333334 0.033854166666666664 0.028645833333333332
1 0.48046875 0.16145833333333334 0.0234375 0.049479166666666664
1 0.5559895833333334 0.3723958333333333 0.0234375 0.036458333333333336
1 0.5651041666666666 0.4479166666666667 0.028645833333333332 0.0390625
1 0.5755208333333334 0.5234375 0.028645833333333332 0.046875
1 0.58203125 0.3450520833333333 0.03125 0.0234375
1 0.5911458333333334 0.5572916666666666 0.0234375 0.036458333333333336
1 0.5533854166666666 0.6575520833333334 0.036458333333333336 0.041666666666666664
1 0.3255208333333333 0.6653645833333334 0.026041666666666668 0.036458333333333336
1 0.58984375 0.6888020833333334 0.041666666666666664 0.041666666666666664
1 0.3489583333333333 0.4205729166666667 0.026041666666666668 0.046875
1 0.3450520833333333 0.5625 0.033854166666666664 0.046875
1 0.53125 0.3385416666666667 0.03125 0.020833333333333332
1 0.46484375 0.4596354166666667 0.026041666666666668 0.0234375
1 0.3098958333333333 0.4986979166666667 0.036458333333333336 0.0390625
1 0.2578125 0.2877604166666667 0.0390625 0.036458333333333336
1 0.3528645833333333 0.38671875 0.03125 0.0390625
1 0.3125 0.3190104166666667 0.044270833333333336 0.041666666666666664
1 0.4375 0.7044270833333334 0.044270833333333336 0.036458333333333336
1 0.4921875 0.2916666666666667 0.028645833333333332 0.03125
1 0.24479166666666666 0.2604166666666667 0.0390625 0.041666666666666664
1 0.3385416666666667 0.2903645833333333 0.0390625 0.03125
1 0.3372395833333333 0.3580729166666667 0.041666666666666664 0.046875
1 0.3828125 0.5833333333333334 0.033854166666666664 0.036458333333333336
1 0.46484375 0.12890625 0.036458333333333336 0.0390625
1 0.4921875 0.16536458333333334 0.033854166666666664 0.049479166666666664
1 0.5611979166666666 0.54296875 0.026041666666666668 0.026041666666666668
1 0.5598958333333334 0.4895833333333333 0.026041666666666668 0.0390625
1 0.56640625 0.5716145833333334 0.0234375 0.041666666666666664
1 0.51171875 0.6861979166666666 0.036458333333333336 0.03125
1 0.5247395833333334 0.7122395833333334 0.033854166666666664 0.03125
1 0.41796875 0.6796875 0.03125 0.041666666666666664
1 0.359375 0.4388020833333333 0.028645833333333332 0.0390625
1 0.3802083333333333 0.3645833333333333 0.046875 0.052083333333333336
1 0.5690104166666666 0.3854166666666667 0.0234375 0.044270833333333336
1 0.54296875 0.5729166666666666 0.036458333333333336 0.0234375
1 0.5078125 0.28125 0.026041666666666668 0.033854166666666664
1 0.4518229166666667 0.11067708333333333 0.026041666666666668 0.03125
1 0.6145833333333334 0.3346354166666667 0.036458333333333336 0.03125
1 0.5703125 0.4765625 0.0234375 0.041666666666666664
1 0.51953125 0.3567708333333333 0.036458333333333336 0.028645833333333332
1 0.5846354166666666 0.3216145833333333 0.033854166666666664 0.026041666666666668
1 0.51953125 0.6419270833333334 0.03125 0.041666666666666664
1 0.5481770833333334 0.6875 0.033854166666666664 0.044270833333333336
1 0.578125 0.6302083333333334 0.0390625 0.0234375
1 0.5963541666666666 0.7513020833333334 0.0390625 0.0390625
1 0.6067708333333334 0.7265625 0.049479166666666664 0.033854166666666664
1 0.30078125 0.2786458333333333 0.049479166666666664 0.044270833333333336
1 0.3333333333333333 0.5052083333333334 0.0234375 0.041666666666666664
1 0.296875 0.3033854166666667 0.033854166666666664 0.026041666666666668
1 0.4375 0.4817708333333333 0.03125 0.0546875
1 0.296875 0.47265625 0.03125 0.049479166666666664
1 0.4674479166666667 0.44921875 0.033854166666666664 0.026041666666666668
1 0.4427083333333333 0.5208333333333334 0.028645833333333332 0.044270833333333336
1 0.359375 0.5481770833333334 0.020833333333333332 0.03125
1 0.2890625 0.3307291666666667 0.036458333333333336 0.03125
1 0.5078125 0.4596354166666667 0.018229166666666668 0.028645833333333332
1 0.50390625 0.3385416666666667 0.0390625 0.033854166666666664
1 0.3919270833333333 0.4921875 0.033854166666666664 0.036458333333333336
1 0.5208333333333334 0.2708333333333333 0.015625 0.026041666666666668
1 0.5638020833333334 0.3359375 0.026041666666666668 0.018229166666666668
1 0.5247395833333334 0.3203125 0.03125 0.028645833333333332
1 0.6119791666666666 0.6171875 0.049479166666666664 0.036458333333333336
1 0.62109375 0.5885416666666666 0.03125 0.036458333333333336
1 0.5546875 0.3229166666666667 0.036458333333333336 0.03125
1 0.546875 0.6080729166666666 0.028645833333333332 0.0546875
1 0.4270833333333333 0.78515625 0.036458333333333336 0.0234375
1 0.3841145833333333 0.6614583333333334 0.03125 0.0546875
1 0.4466145833333333 0.7760416666666666 0.0390625 0.044270833333333336
1 0.2760416666666667 0.4752604166666667 0.036458333333333336 0.044270833333333336
1 0.4114583333333333 0.7591145833333334 0.033854166666666664 0.036458333333333336
1 0.4140625 0.5416666666666666 0.03125 0.041666666666666664
1 0.48046875 0.4036458333333333 0.028645833333333332 0.020833333333333332
1 0.4075520833333333 0.56640625 0.03125 0.036458333333333336
1 0.4375 0.6848958333333334 0.041666666666666664 0.033854166666666664
1 0.4817708333333333 0.3294270833333333 0.033854166666666664 0.033854166666666664
1 0.3723958333333333 0.6848958333333334 0.0390625 0.052083333333333336
1 0.3502604166666667 0.5286458333333334 0.036458333333333336 0.026041666666666668
1 0.3776041666666667 0.4166666666666667 0.033854166666666664 0.0390625
1 0.3697916666666667 0.34375 0.03125 0.044270833333333336
1 0.30859375 0.5572916666666666 0.033854166666666664 0.0234375
1 0.53515625 0.2669270833333333 0.0234375 0.018229166666666668
1 0.62890625 0.34375 0.03125 0.036458333333333336
1 0.5065104166666666 0.3203125 0.026041666666666668 0.033854166666666664
1 0.6028645833333334 0.3606770833333333 0.0390625 0.036458333333333336
1 0.55078125 0.5221354166666666 0.0390625 0.026041666666666668
1 0.5403645833333334 0.5234375 0.0390625 0.036458333333333336
1 0.5390625 0.3463541666666667 0.036458333333333336 0.026041666666666668
1 0.57421875 0.5559895833333334 0.018229166666666668 0.036458333333333336
1 0.5872395833333334 0.7122395833333334 0.033854166666666664 0.033854166666666664
1 0.38671875 0.5325520833333334 0.026041666666666668 0.041666666666666664
1 0.4986979166666667 0.35546875 0.026041666666666668 0.026041666666666668
1 0.3450520833333333 0.33203125 0.028645833333333332 0.057291666666666664
1 0.3489583333333333 0.62890625 0.036458333333333336 0.0390625
1 0.2708333333333333 0.30078125 0.0234375 0.036458333333333336
1 0.3802083333333333 0.46875 0.036458333333333336 0.0390625
1 0.4010416666666667 0.53515625 0.013020833333333334 0.026041666666666668
1 0.32421875 0.4466145833333333 0.036458333333333336 0.041666666666666664
1 0.36328125 0.6640625 0.03125 0.028645833333333332
1 0.2643229166666667 0.31640625 0.0234375 0.046875
1 0.4609375 0.68359375 0.033854166666666664 0.057291666666666664
1 0.51171875 0.3072916666666667 0.018229166666666668 0.03125
1 0.5963541666666666 0.3307291666666667 0.0390625 0.03125
1 0.4791666666666667 0.1953125 0.028645833333333332 0.020833333333333332
1 0.5130208333333334 0.5559895833333334 0.0234375 0.041666666666666664
1 0.5403645833333334 0.4140625 0.028645833333333332 0.0390625
1 0.58984375 0.6002604166666666 0.036458333333333336 0.026041666666666668
1 0.53515625 0.6809895833333334 0.03125 0.052083333333333336
1 0.5755208333333334 0.7447916666666666 0.046875 0.0390625
1 0.41015625 0.70703125 0.026041666666666668 0.0546875
1 0.4244791666666667 0.453125 0.03125 0.033854166666666664
1 0.3684895833333333 0.5638020833333334 0.020833333333333332 0.020833333333333332
1 0.35546875 0.6484375 0.044270833333333336 0.03125
1 0.3177083333333333 0.4583333333333333 0.041666666666666664 0.052083333333333336
1 0.4583333333333333 0.4361979166666667 0.036458333333333336 0.044270833333333336
1 0.421875 0.51171875 0.028645833333333332 0.052083333333333336
1 0.41015625 0.47265625 0.03125 0.0390625
1 0.4895833333333333 0.4166666666666667 0.033854166666666664 0.033854166666666664
1 0.5130208333333334 0.4427083333333333 0.026041666666666668 0.046875
1 0.53125 0.2552083333333333 0.0234375 0.020833333333333332
1 0.4791666666666667 0.22005208333333334 0.026041666666666668 0.036458333333333336
1 0.4544270833333333 0.16666666666666666 0.026041666666666668 0.046875
1 0.5768229166666666 0.3658854166666667 0.0234375 0.033854166666666664
1 0.5299479166666666 0.30078125 0.036458333333333336 0.0390625
1 0.59765625 0.5533854166666666 0.0234375 0.036458333333333336
1 0.5690104166666666 0.6223958333333334 0.033854166666666664 0.0234375
1 0.5677083333333334 0.7005208333333334 0.046875 0.03125
1 0.5716145833333334 0.7122395833333334 0.0234375 0.041666666666666664
1 0.3372395833333333 0.4322916666666667 0.033854166666666664 0.052083333333333336
1 0.27734375 0.4401041666666667 0.036458333333333336 0.041666666666666664
1 0.3411458333333333 0.5403645833333334 0.033854166666666664 0.036458333333333336
1 0.4166666666666667 0.5247395833333334 0.026041666666666668 0.036458333333333336
1 0.4973958333333333 0.2552083333333333 0.03125 0.033854166666666664
1 0.3763020833333333 0.546875 0.033854166666666664 0.03125
1 0.4986979166666667 0.4713541666666667 0.015625 0.0234375
1 0.328125 0.5859375 0.03125 0.046875
1 0.41796875 0.3528645833333333 0.033854166666666664 0.033854166666666664
1 0.5533854166666666 0.3880208333333333 0.018229166666666668 0.033854166666666664
1 0.4908854166666667 0.20833333333333334 0.028645833333333332 0.0390625
1 0.5755208333333334 0.4661458333333333 0.020833333333333332 0.041666666666666664
1 0.75 0.34765625 0.044270833333333336 0.052083333333333336
1 0.4973958333333333 0.2747395833333333 0.0234375 0.0234375
1 0.51171875 0.2565104166666667 0.020833333333333332 0.020833333333333332
1 0.53125 0.3671875 0.036458333333333336 0.028645833333333332
1 0.5533854166666666 0.4270833333333333 0.0390625 0.049479166666666664
1 0.59375 0.6432291666666666 0.0390625 0.041666666666666664
1 0.5794270833333334 0.6575520833333334 0.0234375 0.0390625
1 0.55859375 0.7252604166666666 0.033854166666666664 0.036458333333333336