1 0.7291666666666666 0.4778645833333333 0.06510416666666667 0.10416666666666667
1 0.4609375 0.6510416666666666 0.057291666666666664 0.09114583333333333
1 0.4609375 0.7669270833333334 0.07552083333333333 0.1015625
1 0.5677083333333334 0.6197916666666666 0.07552083333333333 0.078125
1 0.4114583333333333 0.7395833333333334 0.06510416666666667 0.07291666666666667
1 0.7096354166666666 0.7565104166666666 0.07552083333333333 0.11979166666666667
1 0.6067708333333334 0.1328125 0.0703125 0.1015625
1 0.5247395833333334 0.5286458333333334 0.06770833333333333 0.078125
1 0.4674479166666667 0.7213541666666666 0.059895833333333336 0.08072916666666667
1 0.4075520833333333 0.57421875 0.06770833333333333 0.08854166666666667
1 0.3893229166666667 0.6119791666666666 0.052083333333333336 0.11197916666666667
1 0.51953125 0.7916666666666666 0.0625 0.1015625
1 0.4479166666666667 0.6028645833333334 0.049479166666666664 0.1015625
1 0.41015625 0.53125 0.0625 0.057291666666666664