1 0.6184895833333334 0.8671875 0.033854166666666664 0.026041666666666668
1 0.2513020833333333 0.6328125 0.026041666666666668 0.026041666666666668
1 0.4921875 0.6940104166666666 0.028645833333333332 0.0390625
1 0.2578125 0.4947916666666667 0.028645833333333332 0.036458333333333336
1 0.2760416666666667 0.6588541666666666 0.026041666666666668 0.020833333333333332
1 0.4401041666666667 0.7578125 0.020833333333333332 0.03125
1 0.2760416666666667 0.6471354166666666 0.03125 0.026041666666666668
1 0.41796875 0.4661458333333333 0.033854166666666664 0.041666666666666664
1 0.51953125 0.3815104166666667 0.0234375 0.041666666666666664
1 0.3020833333333333 0.20963541666666666 0.033854166666666664 0.03125
1 0.51953125 0.2799479166666667 0.033854166666666664 0.041666666666666664
1 0.5299479166666666 0.44921875 0.028645833333333332 0.041666666666666664
1 0.55859375 0.4609375 0.0234375 0.03125
1 0.2526041666666667 0.109375 0.026041666666666668 0.044270833333333336
1 0.6276041666666666 0.48046875 0.036458333333333336 0.036458333333333336
1 0.5807291666666666 0.4921875 0.033854166666666664 0.028645833333333332
1 0.6471354166666666 0.38671875 0.036458333333333336 0.033854166666666664
1 0.3424479166666667 0.09895833333333333 0.033854166666666664 0.041666666666666664
1 0.6263020833333334 0.8841145833333334 0.033854166666666664 0.03125
1 0.5768229166666666 0.8372395833333334 0.0234375 0.033854166666666664
1 0.3138020833333333 0.62890625 0.028645833333333332 0.0234375
1 0.4700520833333333 0.6731770833333334 0.036458333333333336 0.049479166666666664
1 0.59765625 0.56640625 0.036458333333333336 0.026041666666666668
1 0.6979166666666666 0.50390625 0.03125 0.041666666666666664
1 0.58203125 0.6653645833333334 0.033854166666666664 0.0390625
1 0.2669270833333333 0.5299479166666666 0.028645833333333332 0.0390625
1 0.4895833333333333 0.7669270833333334 0.033854166666666664 0.041666666666666664
1 0.4635416666666667 0.1875 0.026041666666666668 0.0390625
1 0.50390625 0.5299479166666666 0.020833333333333332 0.03125
1 0.41796875 0.3763020833333333 0.026041666666666668 0.020833333333333332
1 0.5091145833333334 0.5221354166666666 0.0234375 0.044270833333333336
1 0.4973958333333333 0.33984375 0.020833333333333332 0.028645833333333332
1 0.4583333333333333 0.2669270833333333 0.020833333333333332 0.028645833333333332
1 0.4401041666666667 0.3190104166666667 0.0390625 0.03125
1 0.3645833333333333 0.17447916666666666 0.036458333333333336 0.033854166666666664
1 0.5677083333333334 0.3880208333333333 0.036458333333333336 0.028645833333333332
1 0.2630208333333333 0.07552083333333333 0.020833333333333332 0.026041666666666668
1 0.4856770833333333 0.3893229166666667 0.0234375 0.020833333333333332
1 0.5416666666666666 0.55859375 0.026041666666666668 0.028645833333333332
1 0.453125 0.28515625 0.020833333333333332 0.036458333333333336
1 0.5703125 0.5559895833333334 0.033854166666666664 0.036458333333333336
1 0.4114583333333333 0.7161458333333334 0.033854166666666664 0.03125
1 0.4388020833333333 0.796875 0.03125 0.041666666666666664
1 0.22395833333333334 0.4973958333333333 0.03125 0.0234375
1 0.19401041666666666 0.5169270833333334 0.036458333333333336 0.041666666666666664
1 0.51953125 0.5846354166666666 0.0234375 0.028645833333333332
1 0.7018229166666666 0.4856770833333333 0.0234375 0.0390625
1 0.3372395833333333 0.4713541666666667 0.026041666666666668 0.033854166666666664
1 0.4934895833333333 0.2825520833333333 0.033854166666666664 0.0390625
1 0.3958333333333333 0.6354166666666666 0.033854166666666664 0.0546875
1 0.5325520833333334 0.3893229166666667 0.020833333333333332 0.03125
1 0.4635416666666667 0.23046875 0.0234375 0.033854166666666664
1 0.6158854166666666 0.5234375 0.03125 0.026041666666666668
1 0.6640625 0.5169270833333334 0.026041666666666668 0.0234375
1 0.28125 0.10677083333333333 0.026041666666666668 0.018229166666666668
1 0.5247395833333334 0.40234375 0.028645833333333332 0.036458333333333336
1 0.2682291666666667 0.13802083333333334 0.028645833333333332 0.046875
1 0.30078125 0.17838541666666666 0.03125 0.0390625
1 0.3502604166666667 0.59765625 0.028645833333333332 0.028645833333333332
1 0.4986979166666667 0.6536458333333334 0.028645833333333332 0.026041666666666668
1 0.3658854166666667 0.6119791666666666 0.033854166666666664 0.026041666666666668
1 0.6640625 0.4609375 0.0390625 0.033854166666666664
1 0.21875 0.5247395833333334 0.03125 0.0234375
1 0.3658854166666667 0.6236979166666666 0.028645833333333332 0.0234375
1 0.6809895833333334 0.4830729166666667 0.028645833333333332 0.026041666666666668
1 0.5403645833333334 0.57421875 0.03125 0.036458333333333336
1 0.671875 0.46875 0.036458333333333336 0.033854166666666664
1 0.62109375 0.4557291666666667 0.0234375 0.033854166666666664
1 0.6276041666666666 0.4231770833333333 0.033854166666666664 0.03125
1 0.578125 0.4440104166666667 0.033854166666666664 0.0234375
1 0.4036458333333333 0.6588541666666666 0.026041666666666668 0.0390625
1 0.5494791666666666 0.3802083333333333 0.028645833333333332 0.036458333333333336
1 0.5143229166666666 0.35546875 0.020833333333333332 0.020833333333333332
1 0.375 0.5963541666666666 0.041666666666666664 0.041666666666666664
1 0.5130208333333334 0.4348958333333333 0.026041666666666668 0.033854166666666664
1 0.24479166666666666 0.11458333333333333 0.0234375 0.041666666666666664
1 0.37109375 0.18880208333333334 0.026041666666666668 0.026041666666666668
1 0.4140625 0.14192708333333334 0.033854166666666664 0.036458333333333336
1 0.5885416666666666 0.8229166666666666 0.0390625 0.036458333333333336
1 0.58203125 0.8580729166666666 0.033854166666666664 0.028645833333333332
1 0.39453125 0.51953125 0.028645833333333332 0.036458333333333336
1 0.4921875 0.7122395833333334 0.028645833333333332 0.033854166666666664
1 0.3190104166666667 0.4309895833333333 0.028645833333333332 0.028645833333333332
1 0.6888020833333334 0.421875 0.0234375 0.036458333333333336
1 0.2643229166666667 0.4583333333333333 0.0390625 0.03125
1 0.4440104166666667 0.23958333333333334 0.0234375 0.0390625
1 0.44140625 0.5065104166666666 0.028645833333333332 0.041666666666666664
1 0.546875 0.52734375 0.033854166666666664 0.052083333333333336
1 0.4778645833333333 0.2786458333333333 0.028645833333333332 0.0234375
1 0.5911458333333334 0.5286458333333334 0.028645833333333332 0.046875
1 0.6510416666666666 0.5 0.033854166666666664 0.033854166666666664
1 0.6302083333333334 0.5 0.036458333333333336 0.026041666666666668
1 0.4401041666666667 0.2760416666666667 0.020833333333333332 0.020833333333333332
1 0.2682291666666667 0.5690104166666666 0.033854166666666664 0.0390625
1 0.453125 0.4869791666666667 0.033854166666666664 0.0390625
1 0.6041666666666666 0.4635416666666667 0.020833333333333332 0.03125
1 0.3203125 0.08984375 0.028645833333333332 0.03125
1 0.5481770833333334 0.4283854166666667 0.026041666666666668 0.041666666666666664
1 0.4401041666666667 0.4348958333333333 0.033854166666666664 0.033854166666666664
1 0.36328125 0.10807291666666667 0.028645833333333332 0.044270833333333336
1 0.32421875 0.16927083333333334 0.0390625 0.041666666666666664
1 0.3255208333333333 0.05078125 0.036458333333333336 0.033854166666666664
1 0.2591145833333333 0.08984375 0.03125 0.0390625
1 0.4739583333333333 0.7877604166666666 0.026041666666666668 0.036458333333333336
1 0.6341145833333334 0.8528645833333334 0.0234375 0.0390625
1 0.546875 0.5924479166666666 0.03125 0.026041666666666668
1 0.6770833333333334 0.50390625 0.0390625 0.036458333333333336
1 0.45703125 0.5416666666666666 0.028645833333333332 0.046875
1 0.6979166666666666 0.5221354166666666 0.033854166666666664 0.0390625
1 0.42578125 0.52734375 0.03125 0.052083333333333336
1 0.4401041666666667 0.1953125 0.028645833333333332 0.020833333333333332
1 0.4817708333333333 0.48828125 0.028645833333333332 0.044270833333333336
1 0.5755208333333334 0.4296875 0.026041666666666668 0.0234375
1 0.578125 0.4583333333333333 0.028645833333333332 0.033854166666666664
1 0.4973958333333333 0.3919270833333333 0.03125 0.046875
1 0.4609375 0.2513020833333333 0.028645833333333332 0.020833333333333332
1 0.5481770833333334 0.4713541666666667 0.0234375 0.036458333333333336
1 0.3020833333333333 0.08984375 0.026041666666666668 0.0234375
1 0.30078125 0.484375 0.0234375 0.036458333333333336
1 0.4557291666666667 0.7747395833333334 0.03125 0.0234375
1 0.66015625 0.8424479166666666 0.036458333333333336 0.041666666666666664
1 0.4375 0.4778645833333333 0.028645833333333332 0.020833333333333332
1 0.2994791666666667 0.5260416666666666 0.026041666666666668 0.036458333333333336
1 0.5846354166666666 0.40625 0.0234375 0.026041666666666668
1 0.6419270833333334 0.5182291666666666 0.028645833333333332 0.026041666666666668
1 0.5703125 0.5052083333333334 0.028645833333333332 0.03125
1 0.6315104166666666 0.4583333333333333 0.020833333333333332 0.033854166666666664
1 0.2825520833333333 0.18880208333333334 0.03125 0.028645833333333332
1 0.4348958333333333 0.171875 0.0234375 0.0390625
1 0.6041666666666666 0.5130208333333334 0.028645833333333332 0.044270833333333336
1 0.3541666666666667 0.040364583333333336 0.028645833333333332 0.036458333333333336
1 0.4205729166666667 0.21354166666666666 0.028645833333333332 0.044270833333333336
1 0.62109375 0.8450520833333334 0.03125 0.03125
1 0.2708333333333333 0.6276041666666666 0.020833333333333332 0.028645833333333332
1 0.3359375 0.6588541666666666 0.0234375 0.0390625
1 0.4440104166666667 0.78125 0.03125 0.03125
1 0.4348958333333333 0.5911458333333334 0.0234375 0.0390625
1 0.23307291666666666 0.6380208333333334 0.041666666666666664 0.033854166666666664
1 0.22005208333333334 0.5729166666666666 0.026041666666666668 0.020833333333333332
1 0.6341145833333334 0.7825520833333334 0.028645833333333332 0.052083333333333336
1 0.56640625 0.5859375 0.0234375 0.020833333333333332
1 0.41796875 0.5364583333333334 0.0234375 0.044270833333333336
1 0.4244791666666667 0.4427083333333333 0.036458333333333336 0.033854166666666664
1 0.40234375 0.41796875 0.03125 0.036458333333333336
1 0.4309895833333333 0.2591145833333333 0.03125 0.0234375
1 0.33203125 0.11458333333333333 0.033854166666666664 0.028645833333333332
1 0.4817708333333333 0.53125 0.0234375 0.0390625
1 0.4166666666666667 0.4049479166666667 0.03125 0.03125
1 0.3463541666666667 0.1328125 0.036458333333333336 0.028645833333333332
1 0.4309895833333333 0.3919270833333333 0.028645833333333332 0.036458333333333336
1 0.5377604166666666 0.4361979166666667 0.0234375 0.036458333333333336
1 0.3255208333333333 0.24348958333333334 0.046875 0.0390625
1 0.5130208333333334 0.3450520833333333 0.0234375 0.026041666666666668
1 0.5911458333333334 0.453125 0.028645833333333332 0.0234375
1 0.375 0.53515625 0.033854166666666664 0.041666666666666664
1 0.29296875 0.6184895833333334 0.03125 0.026041666666666668
1 0.32421875 0.5481770833333334 0.026041666666666668 0.036458333333333336
1 0.3333333333333333 0.6028645833333334 0.020833333333333332 0.028645833333333332
1 0.24739583333333334 0.5221354166666666 0.028645833333333332 0.020833333333333332
1 0.28125 0.07942708333333333 0.03125 0.046875
1 0.4296875 0.2421875 0.020833333333333332 0.0234375
1 0.546875 0.4114583333333333 0.018229166666666668 0.026041666666666668
1 0.5638020833333334 0.4231770833333333 0.028645833333333332 0.026041666666666668
1 0.58203125 0.5260416666666666 0.020833333333333332 0.028645833333333332
1 0.5651041666666666 0.6015625 0.028645833333333332 0.028645833333333332
1 0.5403645833333334 0.61328125 0.026041666666666668 0.0390625
1 0.5755208333333334 0.6432291666666666 0.0234375 0.0234375
1 0.2916666666666667 0.4674479166666667 0.018229166666666668 0.03125
1 0.24088541666666666 0.6171875 0.026041666666666668 0.026041666666666668
1 0.296875 0.0625 0.03125 0.03125
1 0.4505208333333333 0.2109375 0.036458333333333336 0.028645833333333332
1 0.46484375 0.2760416666666667 0.026041666666666668 0.046875
1 0.4010416666666667 0.3971354166666667 0.026041666666666668 0.033854166666666664
1 0.6354166666666666 0.4505208333333333 0.0234375 0.026041666666666668
1 0.5911458333333334 0.4947916666666667 0.020833333333333332 0.0234375
1 0.5625 0.6484375 0.020833333333333332 0.033854166666666664
1 0.3489583333333333 0.58203125 0.0234375 0.0234375
1 0.3111979166666667 0.4596354166666667 0.0234375 0.0390625
1 0.6002604166666666 0.85546875 0.020833333333333332 0.020833333333333332
1 0.3541666666666667 0.16796875 0.026041666666666668 0.0234375
1 0.4921875 0.24088541666666666 0.020833333333333332 0.033854166666666664
1 0.5026041666666666 0.23828125 0.0234375 0.03125
1 0.47265625 0.2643229166666667 0.026041666666666668 0.020833333333333332
1 0.35546875 0.515625 0.03125 0.03125
1 0.24088541666666666 0.4869791666666667 0.028645833333333332 0.033854166666666664
1 0.23697916666666666 0.5065104166666666 0.028645833333333332 0.028645833333333332
1 0.55859375 0.5703125 0.018229166666666668 0.0234375
1 0.3841145833333333 0.40234375 0.026041666666666668 0.041666666666666664
1 0.53125 0.3580729166666667 0.028645833333333332 0.028645833333333332
1 0.5651041666666666 0.4088541666666667 0.028645833333333332 0.020833333333333332
1 0.5364583333333334 0.4817708333333333 0.018229166666666668 0.028645833333333332
1 0.55859375 0.5208333333333334 0.028645833333333332 0.033854166666666664
1 0.6119791666666666 0.54296875 0.020833333333333332 0.020833333333333332
1 0.5703125 0.6276041666666666 0.026041666666666668 0.0234375
1 0.24869791666666666 0.5611979166666666 0.036458333333333336 0.03125
1 0.2760416666666667 0.5260416666666666 0.028645833333333332 0.0390625
1 0.59765625 0.8385416666666666 0.03125 0.03125
1 0.28515625 0.6015625 0.0390625 0.028645833333333332
1 0.3333333333333333 0.53125 0.028645833333333332 0.028645833333333332
1 0.5520833333333334 0.6432291666666666 0.020833333333333332 0.03125
1 0.3450520833333333 0.5520833333333334 0.03125 0.0390625
1 0.31640625 0.60546875 0.028645833333333332 0.033854166666666664
1 0.3333333333333333 0.5130208333333334 0.0390625 0.0390625
1 0.6002604166666666 0.5520833333333334 0.03125 0.0234375
1 0.5755208333333334 0.6692708333333334 0.020833333333333332 0.03125
1 0.5247395833333334 0.5247395833333334 0.03125 0.049479166666666664
1 0.3815104166666667 0.6393229166666666 0.026041666666666668 0.0390625
1 0.30078125 0.5442708333333334 0.0390625 0.033854166666666664
1 0.3216145833333333 0.48828125 0.036458333333333336 0.0390625
1 0.5286458333333334 0.5833333333333334 0.015625 0.026041666666666668
1 0.21223958333333334 0.5950520833333334 0.020833333333333332 0.036458333333333336
1 0.6393229166666666 0.5403645833333334 0.044270833333333336 0.044270833333333336
1 0.5729166666666666 0.5234375 0.028645833333333332 0.046875
1 0.2838541666666667 0.16796875 0.0234375 0.033854166666666664
1 0.3997395833333333 0.3763020833333333 0.036458333333333336 0.03125
1 0.3997395833333333 0.42578125 0.028645833333333332 0.03125
1 0.47265625 0.5221354166666666 0.03125 0.041666666666666664
1 0.4947916666666667 0.5260416666666666 0.03125 0.049479166666666664
1 0.5390625 0.3854166666666667 0.020833333333333332 0.03125
1 0.5091145833333334 0.3893229166666667 0.020833333333333332 0.041666666666666664
1 0.60546875 0.4830729166666667 0.020833333333333332 0.020833333333333332
1 0.6458333333333334 0.4817708333333333 0.020833333333333332 0.028645833333333332
1 0.2864583333333333 0.5260416666666666 0.03125 0.028645833333333332
1 0.2825520833333333 0.48828125 0.033854166666666664 0.041666666666666664
1 0.23958333333333334 0.5416666666666666 0.03125 0.028645833333333332
1 0.5807291666666666 0.47265625 0.036458333333333336 0.041666666666666664
1 0.6380208333333334 0.5286458333333334 0.03125 0.03125
1 0.5520833333333334 0.6119791666666666 0.020833333333333332 0.033854166666666664
1 0.31640625 0.515625 0.0390625 0.044270833333333336
1 0.3229166666666667 0.5794270833333334 0.028645833333333332 0.033854166666666664
1 0.20442708333333334 0.5481770833333334 0.020833333333333332 0.033854166666666664
1 0.4752604166666667 0.22005208333333334 0.0234375 0.026041666666666668
1 0.5703125 0.5403645833333334 0.020833333333333332 0.0234375
1 0.2421875 0.5989583333333334 0.028645833333333332 0.028645833333333332
1 0.4153645833333333 0.3606770833333333 0.033854166666666664 0.0234375
1 0.4661458333333333 0.4791666666666667 0.0234375 0.041666666666666664
1 0.3658854166666667 0.5546875 0.0234375 0.026041666666666668
1 0.2578125 0.5963541666666666 0.026041666666666668 0.049479166666666664
1 0.21744791666666666 0.5533854166666666 0.020833333333333332 0.033854166666666664
1 0.2578125 0.5325520833333334 0.026041666666666668 0.036458333333333336
1 0.5807291666666666 0.5403645833333334 0.033854166666666664 0.036458333333333336
1 0.2955729166666667 0.56640625 0.036458333333333336 0.028645833333333332
1 0.3020833333333333 0.6510416666666666 0.0390625 0.046875
1 0.578125 0.5078125 0.020833333333333332 0.020833333333333332