1 0.5807291666666666 0.4908854166666667 0.026041666666666668 0.015625
1 0.46484375 0.4505208333333333 0.018229166666666668 0.010416666666666666
1 0.5052083333333334 0.4427083333333333 0.020833333333333332 0.013020833333333334
1 0.5169270833333334 0.4557291666666667 0.010416666666666666 0.026041666666666668
1 0.50390625 0.4700520833333333 0.026041666666666668 0.015625
1 0.45703125 0.4401041666666667 0.015625 0.026041666666666668
1 0.5091145833333334 0.4609375 0.018229166666666668 0.028645833333333332
1 0.5 0.4583333333333333 0.0234375 0.0234375
1 0.5325520833333334 0.4557291666666667 0.018229166666666668 0.020833333333333332
1 0.4713541666666667 0.42578125 0.028645833333333332 0.015625
1 0.4791666666666667 0.4427083333333333 0.018229166666666668 0.026041666666666668
1 0.4752604166666667 0.4700520833333333 0.0234375 0.026041666666666668
1 0.4830729166666667 0.3984375 0.018229166666666668 0.028645833333333332
1 0.4739583333333333 0.3098958333333333 0.018229166666666668 0.033854166666666664
1 0.4505208333333333 0.375 0.020833333333333332 0.018229166666666668
1 0.4388020833333333 0.4205729166666667 0.0234375 0.015625
1 0.5677083333333334 0.4986979166666667 0.020833333333333332 0.020833333333333332
1 0.5403645833333334 0.5143229166666666 0.020833333333333332 0.018229166666666668
1 0.4505208333333333 0.38671875 0.018229166666666668 0.020833333333333332
1 0.4661458333333333 0.3645833333333333 0.015625 0.03125
1 0.44140625 0.3736979166666667 0.020833333333333332 0.018229166666666668
1 0.4622395833333333 0.4596354166666667 0.018229166666666668 0.013020833333333334
1 0.4674479166666667 0.4388020833333333 0.018229166666666668 0.026041666666666668
1 0.51171875 0.4856770833333333 0.020833333333333332 0.013020833333333334
1 0.4427083333333333 0.4453125 0.020833333333333332 0.03125
1 0.421875 0.4322916666666667 0.0234375 0.020833333333333332
1 0.4635416666666667 0.4088541666666667 0.018229166666666668 0.013020833333333334
1 0.47265625 0.3893229166666667 0.018229166666666668 0.03125
1 0.4622395833333333 0.3723958333333333 0.013020833333333334 0.026041666666666668
1 0.4505208333333333 0.4296875 0.0234375 0.015625
1 0.4674479166666667 0.4192708333333333 0.0234375 0.013020833333333334
1 0.484375 0.453125 0.0234375 0.026041666666666668
1 0.4583333333333333 0.3932291666666667 0.018229166666666668 0.020833333333333332
1 0.4453125 0.4140625 0.015625 0.0234375
1 0.5221354166666666 0.4791666666666667 0.010416666666666666 0.033854166666666664
1 0.4479166666666667 0.3606770833333333 0.028645833333333332 0.015625
1 0.4518229166666667 0.4127604166666667 0.018229166666666668 0.026041666666666668