0 0.3984375 0.8893229166666666 0.171875 0.12760416666666666
0 0.5494791666666666 0.23828125 0.1640625 0.12239583333333333
0 0.5846354166666666 0.4140625 0.20572916666666666 0.1171875
0 0.3958333333333333 0.3255208333333333 0.171875 0.125
0 0.2565104166666667 0.4622395833333333 0.234375 0.15364583333333334
0 0.4505208333333333 0.66015625 0.1484375 0.14322916666666666
0 0.69140625 0.75 0.22395833333333334 0.17447916666666666
0 0.2565104166666667 0.7630208333333334 0.15364583333333334 0.15885416666666666
0 0.7604166666666666 0.53515625 0.203125 0.15625
0 0.859375 0.20442708333333334 0.19270833333333334 0.12760416666666666
0 0.59765625 0.5130208333333334 0.234375 0.19010416666666666