1 0.7005208333333334 0.6184895833333334 0.07291666666666667 0.0625
1 0.59765625 0.7942708333333334 0.0625 0.052083333333333336
1 0.5104166666666666 0.2734375 0.09375 0.08072916666666667
1 0.53515625 0.5494791666666666 0.07552083333333333 0.0625
1 0.37890625 0.515625 0.08072916666666667 0.059895833333333336
1 0.2955729166666667 0.5546875 0.08072916666666667 0.0546875
1 0.6302083333333334 0.6471354166666666 0.07552083333333333 0.07291666666666667
1 0.58203125 0.7721354166666666 0.06770833333333333 0.057291666666666664
1 0.3255208333333333 0.6041666666666666 0.08854166666666667 0.059895833333333336
1 0.33203125 0.5299479166666666 0.07291666666666667 0.06770833333333333
1 0.3216145833333333 0.3450520833333333 0.08333333333333333 0.08072916666666667
1 0.4830729166666667 0.4322916666666667 0.09375 0.09375
1 0.3463541666666667 0.46484375 0.09114583333333333 0.059895833333333336
1 0.6145833333333334 0.7005208333333334 0.06770833333333333 0.0546875
1 0.2994791666666667 0.62109375 0.0703125 0.036458333333333336
1 0.7994791666666666 0.52734375 0.08333333333333333 0.0546875
1 0.3346354166666667 0.6796875 0.09114583333333333 0.046875
1 0.5924479166666666 0.7317708333333334 0.08333333333333333 0.0625
1 0.20963541666666666 0.4544270833333333 0.09114583333333333 0.09895833333333333
1 0.2643229166666667 0.6106770833333334 0.0703125 0.06510416666666667
1 0.5611979166666666 0.8059895833333334 0.07291666666666667 0.0546875