1 0.62109375 0.53125 0.03125 0.03125
1 0.5104166666666666 0.4348958333333333 0.041666666666666664 0.026041666666666668
1 0.1875 0.3385416666666667 0.03125 0.0390625
1 0.4700520833333333 0.7265625 0.015625 0.010416666666666666
1 0.5833333333333334 0.5247395833333334 0.020833333333333332 0.0390625
1 0.49609375 0.55859375 0.0390625 0.0234375
1 0.5494791666666666 0.55078125 0.03125 0.026041666666666668
1 0.6158854166666666 0.6067708333333334 0.036458333333333336 0.026041666666666668
1 0.5625 0.578125 0.018229166666666668 0.0234375
1 0.578125 0.5442708333333334 0.0234375 0.033854166666666664
1 0.5559895833333334 0.6002604166666666 0.010416666666666666 0.026041666666666668
1 0.3580729166666667 0.46484375 0.020833333333333332 0.041666666666666664
1 0.5299479166666666 0.5611979166666666 0.036458333333333336 0.015625