1 0.4348958333333333 0.12239583333333333 0.049479166666666664 0.033854166666666664
1 0.4739583333333333 0.1328125 0.044270833333333336 0.018229166666666668
1 0.4231770833333333 0.19791666666666666 0.057291666666666664 0.044270833333333336
1 0.5052083333333334 0.22786458333333334 0.033854166666666664 0.057291666666666664
1 0.4596354166666667 0.2513020833333333 0.018229166666666668 0.07291666666666667
1 0.4973958333333333 0.37890625 0.0390625 0.026041666666666668
1 0.5299479166666666 0.3020833333333333 0.020833333333333332 0.0546875
1 0.4973958333333333 0.4231770833333333 0.044270833333333336 0.020833333333333332
1 0.3619791666666667 0.4830729166666667 0.052083333333333336 0.0234375
1 0.5520833333333334 0.7955729166666666 0.033854166666666664 0.049479166666666664
1 0.6197916666666666 0.6875 0.026041666666666668 0.06510416666666667
1 0.5872395833333334 0.7434895833333334 0.036458333333333336 0.046875
1 0.6276041666666666 0.7213541666666666 0.0390625 0.018229166666666668
1 0.54296875 0.013020833333333334 0.036458333333333336 0.026041666666666668
1 0.4375 0.08333333333333333 0.036458333333333336 0.046875
1 0.4739583333333333 0.22786458333333334 0.018229166666666668 0.049479166666666664
1 0.5013020833333334 0.3359375 0.03125 0.049479166666666664
1 0.4244791666666667 0.3828125 0.041666666666666664 0.03125
1 0.4817708333333333 0.4036458333333333 0.041666666666666664 0.026041666666666668
1 0.5364583333333334 0.390625 0.018229166666666668 0.0546875
1 0.5364583333333334 0.4361979166666667 0.026041666666666668 0.041666666666666664
1 0.54296875 0.5950520833333334 0.026041666666666668 0.057291666666666664
1 0.4713541666666667 0.7786458333333334 0.018229166666666668 0.07552083333333333
1 0.67578125 0.7005208333333334 0.049479166666666664 0.03125
1 0.6705729166666666 0.75 0.041666666666666664 0.049479166666666664
1 0.4713541666666667 0.05078125 0.036458333333333336 0.0234375
1 0.4739583333333333 0.09765625 0.044270833333333336 0.0390625
1 0.4765625 0.20442708333333334 0.0390625 0.03125
1 0.5130208333333334 0.29296875 0.015625 0.046875
1 0.5442708333333334 0.5182291666666666 0.0234375 0.052083333333333336
1 0.4817708333333333 0.8098958333333334 0.026041666666666668 0.0625
1 0.6471354166666666 0.7330729166666666 0.041666666666666664 0.013020833333333334
1 0.3854166666666667 0.9700520833333334 0.0390625 0.041666666666666664
1 0.453125 0.15364583333333334 0.057291666666666664 0.036458333333333336
1 0.4778645833333333 0.15885416666666666 0.03125 0.046875
1 0.4466145833333333 0.24088541666666666 0.018229166666666668 0.0546875
1 0.3580729166666667 0.28125 0.020833333333333332 0.057291666666666664
1 0.4296875 0.29296875 0.033854166666666664 0.0390625
1 0.49609375 0.25390625 0.0390625 0.018229166666666668
1 0.48046875 0.3046875 0.044270833333333336 0.036458333333333336
1 0.5455729166666666 0.3541666666666667 0.0234375 0.036458333333333336
1 0.5221354166666666 0.3880208333333333 0.026041666666666668 0.049479166666666664
1 0.5442708333333334 0.421875 0.015625 0.046875
1 0.5247395833333334 0.4388020833333333 0.020833333333333332 0.049479166666666664
1 0.296875 0.5130208333333334 0.020833333333333332 0.0546875
1 0.5729166666666666 0.6067708333333334 0.041666666666666664 0.049479166666666664
1 0.44140625 0.8098958333333334 0.020833333333333332 0.0546875
1 0.6041666666666666 0.671875 0.036458333333333336 0.049479166666666664
1 0.66015625 0.9713541666666666 0.020833333333333332 0.0546875
1 0.4153645833333333 0.2630208333333333 0.0234375 0.046875
1 0.4466145833333333 0.3528645833333333 0.020833333333333332 0.049479166666666664
1 0.47265625 0.3333333333333333 0.033854166666666664 0.033854166666666664
1 0.5234375 0.33203125 0.020833333333333332 0.044270833333333336
1 0.3138020833333333 0.5130208333333334 0.026041666666666668 0.049479166666666664
1 0.6015625 0.5416666666666666 0.033854166666666664 0.044270833333333336
1 0.4635416666666667 0.71484375 0.026041666666666668 0.0625
1 0.5794270833333334 0.6848958333333334 0.033854166666666664 0.052083333333333336
1 0.4973958333333333 0.15625 0.015625 0.049479166666666664
1 0.3919270833333333 0.22265625 0.041666666666666664 0.0234375
1 0.4713541666666667 0.2669270833333333 0.026041666666666668 0.057291666666666664
1 0.5026041666666666 0.36328125 0.0390625 0.03125
1 0.5364583333333334 0.4817708333333333 0.026041666666666668 0.036458333333333336
1 0.5598958333333334 0.4674479166666667 0.0390625 0.041666666666666664
1 0.5963541666666666 0.5104166666666666 0.036458333333333336 0.044270833333333336
1 0.6171875 0.5833333333333334 0.052083333333333336 0.036458333333333336
1 0.4778645833333333 0.6653645833333334 0.0390625 0.0546875
1 0.5208333333333334 0.79296875 0.028645833333333332 0.046875
1 0.65234375 0.7161458333333334 0.049479166666666664 0.033854166666666664
1 0.6536458333333334 0.6822916666666666 0.041666666666666664 0.044270833333333336
1 0.7447916666666666 0.11588541666666667 0.046875 0.046875
1 0.3828125 0.2708333333333333 0.041666666666666664 0.0625
1 0.4674479166666667 0.3528645833333333 0.036458333333333336 0.0390625
1 0.4361979166666667 0.4713541666666667 0.041666666666666664 0.046875
1 0.5611979166666666 0.4973958333333333 0.018229166666666668 0.052083333333333336
1 0.5729166666666666 0.5026041666666666 0.018229166666666668 0.0625
1 0.5859375 0.5286458333333334 0.020833333333333332 0.059895833333333336
1 0.6184895833333334 0.6028645833333334 0.0546875 0.026041666666666668
1 0.453125 0.7760416666666666 0.0234375 0.057291666666666664
1 0.61328125 0.7604166666666666 0.0390625 0.026041666666666668
1 0.6028645833333334 0.6263020833333334 0.026041666666666668 0.0546875
1 0.6302083333333334 0.640625 0.052083333333333336 0.026041666666666668
1 0.4661458333333333 0.08333333333333333 0.028645833333333332 0.052083333333333336
1 0.4817708333333333 0.18098958333333334 0.036458333333333336 0.026041666666666668
1 0.4075520833333333 0.17838541666666666 0.041666666666666664 0.059895833333333336
1 0.43359375 0.21354166666666666 0.046875 0.0390625
1 0.5013020833333334 0.2682291666666667 0.0390625 0.020833333333333332
1 0.4921875 0.2760416666666667 0.03125 0.0234375
1 0.4427083333333333 0.328125 0.028645833333333332 0.052083333333333336
1 0.2734375 0.3854166666666667 0.026041666666666668 0.044270833333333336
1 0.55859375 0.7760416666666666 0.026041666666666668 0.0546875
1 0.6223958333333334 0.8515625 0.03125 0.0546875