1 0.88671875 0.3880208333333333 0.08333333333333333 0.0390625
1 0.6184895833333334 0.3541666666666667 0.09375 0.057291666666666664
1 0.671875 0.44921875 0.057291666666666664 0.052083333333333336
1 0.5013020833333334 0.5169270833333334 0.1171875 0.052083333333333336
1 0.30078125 0.5208333333333334 0.057291666666666664 0.049479166666666664
1 0.73046875 0.3893229166666667 0.08333333333333333 0.052083333333333336
1 0.4348958333333333 0.4505208333333333 0.059895833333333336 0.041666666666666664
1 0.2994791666666667 0.4869791666666667 0.07291666666666667 0.057291666666666664
1 0.22526041666666666 0.3268229166666667 0.0546875 0.0546875
1 0.4505208333333333 0.4114583333333333 0.09635416666666667 0.06510416666666667
1 0.3763020833333333 0.7122395833333334 0.07291666666666667 0.049479166666666664
1 0.3828125 0.5247395833333334 0.09114583333333333 0.046875
1 0.64453125 0.4388020833333333 0.06510416666666667 0.041666666666666664
1 0.5065104166666666 0.4127604166666667 0.03125 0.028645833333333332
1 0.50390625 0.4947916666666667 0.08333333333333333 0.036458333333333336
1 0.7942708333333334 0.4153645833333333 0.078125 0.0390625
1 0.6888020833333334 0.4153645833333333 0.059895833333333336 0.046875
1 0.53515625 0.5572916666666666 0.0703125 0.049479166666666664
1 0.6354166666666666 0.4947916666666667 0.0703125 0.0546875
1 0.5911458333333334 0.46875 0.0703125 0.046875
1 0.5208333333333334 0.4505208333333333 0.06510416666666667 0.046875
1 0.625 0.4622395833333333 0.059895833333333336 0.0390625
1 0.5625 0.42578125 0.07291666666666667 0.049479166666666664
1 0.60546875 0.4466145833333333 0.033854166666666664 0.0234375
1 0.5559895833333334 0.37890625 0.044270833333333336 0.052083333333333336
1 0.8020833333333334 0.3880208333333333 0.0703125 0.033854166666666664
1 0.6809895833333334 0.39453125 0.033854166666666664 0.03125
1 0.8111979166666666 0.4583333333333333 0.07552083333333333 0.0625
1 0.6497395833333334 0.38671875 0.044270833333333336 0.046875
1 0.5703125 0.24609375 0.0625 0.046875
1 0.4765625 0.4440104166666667 0.049479166666666664 0.041666666666666664
1 0.6302083333333334 0.4192708333333333 0.07291666666666667 0.033854166666666664
1 0.5885416666666666 0.4973958333333333 0.09375 0.07291666666666667
1 0.578125 0.4075520833333333 0.09635416666666667 0.041666666666666664
1 0.5729166666666666 0.4505208333333333 0.057291666666666664 0.036458333333333336
1 0.515625 0.4244791666666667 0.052083333333333336 0.036458333333333336
1 0.5221354166666666 0.46484375 0.0859375 0.052083333333333336