1 0.6510416666666666 0.2630208333333333 0.044270833333333336 0.06510416666666667
1 0.5963541666666666 0.3684895833333333 0.059895833333333336 0.0859375
1 0.3424479166666667 0.3736979166666667 0.0703125 0.0703125
1 0.4153645833333333 0.51953125 0.078125 0.08333333333333333
1 0.390625 0.6341145833333334 0.044270833333333336 0.036458333333333336
1 0.453125 0.62109375 0.06510416666666667 0.06510416666666667
1 0.5234375 0.7356770833333334 0.0546875 0.044270833333333336
1 0.4609375 0.7486979166666666 0.0390625 0.0390625
1 0.4934895833333333 0.8528645833333334 0.03125 0.026041666666666668
1 0.2916666666666667 0.4817708333333333 0.06510416666666667 0.057291666666666664
1 0.3958333333333333 0.8125 0.044270833333333336 0.06510416666666667
1 0.26953125 0.5690104166666666 0.06770833333333333 0.07291666666666667
1 0.3802083333333333 0.5286458333333334 0.052083333333333336 0.041666666666666664
1 0.20182291666666666 0.48046875 0.0859375 0.09114583333333333
1 0.4088541666666667 0.4088541666666667 0.049479166666666664 0.0703125
1 0.5455729166666666 0.6197916666666666 0.049479166666666664 0.06770833333333333