1 0.3177083333333333 0.3450520833333333 0.03125 0.03125
1 0.4166666666666667 0.6080729166666666 0.0234375 0.036458333333333336
1 0.3307291666666667 0.3359375 0.0234375 0.033854166666666664
1 0.3294270833333333 0.4752604166666667 0.026041666666666668 0.033854166666666664
1 0.5078125 0.36328125 0.026041666666666668 0.041666666666666664
1 0.24609375 0.43359375 0.033854166666666664 0.026041666666666668
1 0.41796875 0.6575520833333334 0.028645833333333332 0.0234375
1 0.4986979166666667 0.4856770833333333 0.026041666666666668 0.033854166666666664
1 0.40234375 0.37890625 0.028645833333333332 0.033854166666666664
1 0.5052083333333334 0.5338541666666666 0.028645833333333332 0.026041666666666668
1 0.50390625 0.5533854166666666 0.020833333333333332 0.033854166666666664
1 0.3294270833333333 0.5729166666666666 0.03125 0.026041666666666668