1 0.7291666666666666 0.3515625 0.11197916666666667 0.07552083333333333
1 0.17838541666666666 0.4127604166666667 0.06770833333333333 0.08333333333333333
1 0.5260416666666666 0.3203125 0.09895833333333333 0.052083333333333336
1 0.4309895833333333 0.48046875 0.06770833333333333 0.08333333333333333
1 0.3893229166666667 0.23177083333333334 0.109375 0.0703125
1 0.4713541666666667 0.49609375 0.1171875 0.0546875
1 0.3815104166666667 0.5130208333333334 0.06770833333333333 0.08072916666666667
1 0.4986979166666667 0.4518229166666667 0.1015625 0.08854166666666667
1 0.4440104166666667 0.4322916666666667 0.09635416666666667 0.08072916666666667
1 0.37109375 0.4309895833333333 0.10677083333333333 0.07552083333333333
1 0.4114583333333333 0.6432291666666666 0.078125 0.057291666666666664
1 0.5104166666666666 0.6197916666666666 0.0859375 0.07552083333333333
1 0.2760416666666667 0.4986979166666667 0.036458333333333336 0.03125
1 0.359375 0.34375 0.1015625 0.049479166666666664