1 0.09244791666666667 0.58984375 0.044270833333333336 0.036458333333333336
1 0.4309895833333333 0.7317708333333334 0.026041666666666668 0.057291666666666664
1 0.4700520833333333 0.5494791666666666 0.020833333333333332 0.049479166666666664
1 0.4817708333333333 0.4856770833333333 0.0234375 0.046875
1 0.4986979166666667 0.48828125 0.0234375 0.0390625
1 0.47265625 0.4739583333333333 0.026041666666666668 0.052083333333333336
1 0.4752604166666667 0.67578125 0.044270833333333336 0.044270833333333336
1 0.5234375 0.6705729166666666 0.0234375 0.046875
1 0.5247395833333334 0.6419270833333334 0.028645833333333332 0.0234375
1 0.53515625 0.5260416666666666 0.026041666666666668 0.06510416666666667
1 0.4583333333333333 0.5234375 0.028645833333333332 0.041666666666666664
1 0.50390625 0.6627604166666666 0.03125 0.041666666666666664
1 0.4609375 0.86328125 0.041666666666666664 0.033854166666666664