1 0.2513020833333333 0.6106770833333334 0.1171875 0.08854166666666667
1 0.8046875 0.63671875 0.078125 0.09114583333333333
1 0.4453125 0.6744791666666666 0.1015625 0.06510416666666667
1 0.56640625 0.5299479166666666 0.078125 0.09114583333333333
1 0.5677083333333334 0.7825520833333334 0.11458333333333333 0.0859375
1 0.52734375 0.5078125 0.11979166666666667 0.0703125
1 0.6197916666666666 0.5052083333333334 0.078125 0.08854166666666667
1 0.4934895833333333 0.5481770833333334 0.109375 0.09895833333333333
1 0.5455729166666666 0.5755208333333334 0.10416666666666667 0.09114583333333333
1 0.6158854166666666 0.5885416666666666 0.11197916666666667 0.08854166666666667
1 0.609375 0.3723958333333333 0.08333333333333333 0.06510416666666667
1 0.5078125 0.3802083333333333 0.09375 0.0859375
1 0.7200520833333334 0.5364583333333334 0.0390625 0.033854166666666664
1 0.6145833333333334 0.6770833333333334 0.1015625 0.0625