1 0.6640625 0.3697916666666667 0.052083333333333336 0.07291666666666667
1 0.7903645833333334 0.5598958333333334 0.049479166666666664 0.0390625
1 0.3997395833333333 0.3151041666666667 0.0625 0.078125
1 0.82421875 0.61328125 0.057291666666666664 0.059895833333333336
1 0.6223958333333334 0.7291666666666666 0.0625 0.057291666666666664
1 0.23046875 0.3645833333333333 0.059895833333333336 0.059895833333333336
1 0.7174479166666666 0.8502604166666666 0.059895833333333336 0.0625
1 0.8177083333333334 0.5638020833333334 0.057291666666666664 0.07291666666666667
1 0.6588541666666666 0.8880208333333334 0.046875 0.044270833333333336
1 0.7552083333333334 0.4921875 0.046875 0.0625
1 0.4791666666666667 0.5533854166666666 0.0546875 0.0625
1 0.5755208333333334 0.4361979166666667 0.049479166666666664 0.07552083333333333
1 0.5950520833333334 0.1640625 0.0390625 0.0703125
1 0.58984375 0.921875 0.078125 0.0703125
1 0.6875 0.59765625 0.08072916666666667 0.059895833333333336
1 0.61328125 0.33203125 0.057291666666666664 0.0703125
1 0.6549479166666666 0.2994791666666667 0.052083333333333336 0.07552083333333333
1 0.3033854166666667 0.3815104166666667 0.059895833333333336 0.06510416666666667
1 0.6510416666666666 0.6861979166666666 0.0625 0.07552083333333333
1 0.4322916666666667 0.359375 0.057291666666666664 0.0546875
1 0.5924479166666666 0.4778645833333333 0.0859375 0.06770833333333333
1 0.6549479166666666 0.4140625 0.0390625 0.059895833333333336
1 0.6705729166666666 0.4440104166666667 0.07552083333333333 0.0625
1 0.5520833333333334 0.4375 0.046875 0.06510416666666667
1 0.6666666666666666 0.8541666666666666 0.046875 0.03125
1 0.40234375 0.24348958333333334 0.0625 0.08854166666666667
1 0.6796875 0.6783854166666666 0.041666666666666664 0.033854166666666664
1 0.5455729166666666 0.5182291666666666 0.06510416666666667 0.078125
1 0.6236979166666666 0.8450520833333334 0.052083333333333336 0.07552083333333333
1 0.5677083333333334 0.328125 0.046875 0.06770833333333333
1 0.5651041666666666 0.5755208333333334 0.046875 0.049479166666666664
1 0.3697916666666667 0.4583333333333333 0.078125 0.059895833333333336
1 0.7135416666666666 0.5026041666666666 0.06510416666666667 0.07291666666666667
1 0.5989583333333334 0.2526041666666667 0.059895833333333336 0.0625
1 0.7604166666666666 0.8203125 0.06770833333333333 0.09375
1 0.6783854166666666 0.74609375 0.057291666666666664 0.0625
1 0.56640625 0.5286458333333334 0.041666666666666664 0.0703125
1 0.5169270833333334 0.5833333333333334 0.052083333333333336 0.08333333333333333
1 0.58203125 0.5013020833333334 0.046875 0.046875
1 0.296875 0.34765625 0.036458333333333336 0.0390625
1 0.6549479166666666 0.7864583333333334 0.049479166666666664 0.078125
1 0.5950520833333334 0.8072916666666666 0.06770833333333333 0.057291666666666664
1 0.5833333333333334 0.62109375 0.06510416666666667 0.06770833333333333
1 0.3841145833333333 0.4739583333333333 0.0625 0.0546875
1 0.5559895833333334 0.6940104166666666 0.06510416666666667 0.059895833333333336