1 0.625 0.4739583333333333 0.0234375 0.07552083333333333
1 0.92578125 0.68359375 0.044270833333333336 0.06770833333333333
1 0.71875 0.5846354166666666 0.044270833333333336 0.059895833333333336
1 0.9609375 0.6302083333333334 0.044270833333333336 0.07291666666666667
1 0.7578125 0.6223958333333334 0.036458333333333336 0.07291666666666667
1 0.7864583333333334 0.61328125 0.041666666666666664 0.06510416666666667
1 0.3359375 0.4283854166666667 0.03125 0.06770833333333333
1 0.61328125 0.4973958333333333 0.0234375 0.0703125
1 0.46875 0.4049479166666667 0.044270833333333336 0.041666666666666664
1 0.9088541666666666 0.6458333333333334 0.052083333333333336 0.041666666666666664
1 0.59765625 0.5078125 0.033854166666666664 0.09375
1 0.4700520833333333 0.4856770833333333 0.03125 0.07291666666666667