1 0.4557291666666667 0.2838541666666667 0.026041666666666668 0.06770833333333333
1 0.34765625 0.3450520833333333 0.036458333333333336 0.057291666666666664
1 0.3346354166666667 0.3828125 0.041666666666666664 0.046875
1 0.5130208333333334 0.3736979166666667 0.046875 0.052083333333333336
1 0.4518229166666667 0.35546875 0.020833333333333332 0.08854166666666667
1 0.4921875 0.33203125 0.015625 0.078125
1 0.44921875 0.84765625 0.041666666666666664 0.057291666666666664
1 0.3671875 0.5872395833333334 0.044270833333333336 0.0625
1 0.41796875 0.2760416666666667 0.028645833333333332 0.036458333333333336
1 0.3111979166666667 0.46875 0.041666666666666664 0.052083333333333336
1 0.62109375 0.44921875 0.03125 0.0625
1 0.3033854166666667 0.5052083333333334 0.041666666666666664 0.020833333333333332
1 0.40234375 0.4427083333333333 0.0390625 0.052083333333333336
1 0.3997395833333333 0.546875 0.020833333333333332 0.08333333333333333
1 0.4778645833333333 0.3893229166666667 0.028645833333333332 0.07291666666666667
1 0.4778645833333333 0.2864583333333333 0.020833333333333332 0.06770833333333333
1 0.3736979166666667 0.6510416666666666 0.028645833333333332 0.06770833333333333
1 0.30859375 0.5442708333333334 0.03125 0.052083333333333336
1 0.3255208333333333 0.5703125 0.018229166666666668 0.07291666666666667
1 0.3684895833333333 0.3072916666666667 0.026041666666666668 0.0625
1 0.4127604166666667 0.4830729166666667 0.036458333333333336 0.028645833333333332
1 0.4283854166666667 0.5377604166666666 0.033854166666666664 0.078125
1 0.3450520833333333 0.7044270833333334 0.026041666666666668 0.09895833333333333
1 0.3502604166666667 0.44921875 0.036458333333333336 0.036458333333333336
1 0.40234375 0.6002604166666666 0.041666666666666664 0.041666666666666664
1 0.59375 0.6080729166666666 0.020833333333333332 0.078125
1 0.59375 0.5598958333333334 0.052083333333333336 0.052083333333333336
1 0.4544270833333333 0.4231770833333333 0.046875 0.046875
1 0.33984375 0.5 0.036458333333333336 0.06770833333333333
1 0.4140625 0.3424479166666667 0.03125 0.08333333333333333
1 0.3723958333333333 0.4986979166666667 0.044270833333333336 0.03125
1 0.2721354166666667 0.5403645833333334 0.0390625 0.03125
1 0.38671875 0.3359375 0.015625 0.0703125
1 0.2786458333333333 0.5859375 0.026041666666666668 0.059895833333333336
1 0.5208333333333334 0.4361979166666667 0.020833333333333332 0.07291666666666667
1 0.5546875 0.46484375 0.036458333333333336 0.06510416666666667
1 0.4453125 0.6158854166666666 0.044270833333333336 0.041666666666666664
1 0.3932291666666667 0.2942708333333333 0.020833333333333332 0.07291666666666667
1 0.3489583333333333 0.57421875 0.036458333333333336 0.057291666666666664
1 0.5520833333333334 0.4322916666666667 0.036458333333333336 0.057291666666666664