1 0.46875 0.6106770833333334 0.020833333333333332 0.041666666666666664
1 0.3333333333333333 0.2604166666666667 0.0234375 0.033854166666666664
1 0.4309895833333333 0.4440104166666667 0.0234375 0.028645833333333332
1 0.4348958333333333 0.2421875 0.026041666666666668 0.028645833333333332
1 0.3997395833333333 0.265625 0.010416666666666666 0.036458333333333336
1 0.44140625 0.3255208333333333 0.015625 0.044270833333333336
1 0.5260416666666666 0.3125 0.015625 0.044270833333333336
1 0.5052083333333334 0.3450520833333333 0.015625 0.018229166666666668
1 0.3997395833333333 0.3190104166666667 0.013020833333333334 0.028645833333333332
1 0.49609375 0.5768229166666666 0.028645833333333332 0.026041666666666668
1 0.49609375 0.2994791666666667 0.020833333333333332 0.018229166666666668
1 0.4036458333333333 0.3151041666666667 0.0078125 0.028645833333333332
1 0.49609375 0.2643229166666667 0.026041666666666668 0.020833333333333332
1 0.42578125 0.3919270833333333 0.018229166666666668 0.033854166666666664
1 0.4166666666666667 0.234375 0.018229166666666668 0.028645833333333332
1 0.4700520833333333 0.24739583333333334 0.026041666666666668 0.020833333333333332
1 0.5 0.24609375 0.020833333333333332 0.026041666666666668
1 0.4075520833333333 0.27734375 0.018229166666666668 0.03125
1 0.5182291666666666 0.4765625 0.0234375 0.0234375
1 0.4752604166666667 0.4205729166666667 0.028645833333333332 0.03125
1 0.3502604166666667 0.2747395833333333 0.015625 0.041666666666666664
1 0.4895833333333333 0.24739583333333334 0.020833333333333332 0.03125
1 0.36328125 0.2734375 0.013020833333333334 0.036458333333333336
1 0.41796875 0.29296875 0.018229166666666668 0.036458333333333336
1 0.43359375 0.26953125 0.020833333333333332 0.028645833333333332
1 0.4244791666666667 0.3450520833333333 0.020833333333333332 0.0390625
1 0.48046875 0.3190104166666667 0.015625 0.0546875
1 0.5130208333333334 0.3255208333333333 0.020833333333333332 0.036458333333333336
1 0.37109375 0.3190104166666667 0.015625 0.036458333333333336
1 0.4505208333333333 0.5859375 0.028645833333333332 0.033854166666666664
1 0.328125 0.24348958333333334 0.010416666666666666 0.03125
1 0.4140625 0.4440104166666667 0.0234375 0.018229166666666668
1 0.53125 0.3619791666666667 0.020833333333333332 0.044270833333333336
1 0.3619791666666667 0.3294270833333333 0.020833333333333332 0.033854166666666664
1 0.4479166666666667 0.3059895833333333 0.018229166666666668 0.0390625
1 0.5299479166666666 0.390625 0.026041666666666668 0.036458333333333336
1 0.4934895833333333 0.6171875 0.018229166666666668 0.041666666666666664
1 0.5169270833333334 0.5013020833333334 0.015625 0.03125
1 0.4140625 0.4192708333333333 0.028645833333333332 0.026041666666666668
1 0.40625 0.35546875 0.015625 0.044270833333333336
1 0.41796875 0.3736979166666667 0.0234375 0.026041666666666668
1 0.44140625 0.2838541666666667 0.020833333333333332 0.018229166666666668
1 0.4934895833333333 0.3658854166666667 0.015625 0.036458333333333336
1 0.5052083333333334 0.28125 0.0234375 0.020833333333333332
1 0.5065104166666666 0.3151041666666667 0.015625 0.028645833333333332
1 0.51171875 0.6796875 0.0234375 0.0234375
1 0.51171875 0.2994791666666667 0.020833333333333332 0.026041666666666668
1 0.5052083333333334 0.6080729166666666 0.018229166666666668 0.041666666666666664
1 0.5208333333333334 0.3411458333333333 0.015625 0.044270833333333336
1 0.44921875 0.2682291666666667 0.018229166666666668 0.015625
1 0.4765625 0.3515625 0.0234375 0.046875
1 0.4622395833333333 0.65234375 0.018229166666666668 0.044270833333333336
1 0.42578125 0.5572916666666666 0.0234375 0.041666666666666664
1 0.3671875 0.296875 0.020833333333333332 0.0234375
1 0.4908854166666667 0.32421875 0.020833333333333332 0.028645833333333332
1 0.3841145833333333 0.2877604166666667 0.018229166666666668 0.03125
1 0.4596354166666667 0.6145833333333334 0.020833333333333332 0.046875
1 0.48046875 0.59375 0.015625 0.044270833333333336
1 0.5182291666666666 0.5221354166666666 0.015625 0.03125
1 0.44140625 0.4309895833333333 0.0234375 0.0234375
1 0.5104166666666666 0.3854166666666667 0.0234375 0.03125
1 0.53515625 0.26953125 0.020833333333333332 0.046875
1 0.3723958333333333 0.3450520833333333 0.026041666666666668 0.020833333333333332
1 0.37109375 0.27734375 0.018229166666666668 0.020833333333333332
1 0.3828125 0.3216145833333333 0.018229166666666668 0.026041666666666668
1 0.40234375 0.2955729166666667 0.0234375 0.026041666666666668
1 0.4830729166666667 0.2786458333333333 0.020833333333333332 0.0234375
1 0.3893229166666667 0.33984375 0.0234375 0.018229166666666668