1 0.47265625 0.265625 0.03125 0.0390625
1 0.4479166666666667 0.6614583333333334 0.03125 0.044270833333333336
1 0.44921875 0.3645833333333333 0.028645833333333332 0.049479166666666664
1 0.47265625 0.2942708333333333 0.028645833333333332 0.036458333333333336
1 0.4765625 0.6575520833333334 0.036458333333333336 0.03125
1 0.4817708333333333 0.7434895833333334 0.026041666666666668 0.03125
1 0.4752604166666667 0.5651041666666666 0.018229166666666668 0.041666666666666664
1 0.3046875 0.2955729166666667 0.03125 0.033854166666666664
1 0.3802083333333333 0.2421875 0.028645833333333332 0.0390625
1 0.5559895833333334 0.4010416666666667 0.018229166666666668 0.026041666666666668
1 0.3502604166666667 0.3658854166666667 0.026041666666666668 0.03125
1 0.5911458333333334 0.3020833333333333 0.03125 0.036458333333333336
1 0.35546875 0.5533854166666666 0.03125 0.0390625
1 0.4921875 0.5494791666666666 0.028645833333333332 0.044270833333333336
1 0.2760416666666667 0.2734375 0.026041666666666668 0.044270833333333336
1 0.5651041666666666 0.3736979166666667 0.026041666666666668 0.044270833333333336
1 0.484375 0.22786458333333334 0.033854166666666664 0.03125
1 0.3736979166666667 0.3541666666666667 0.0234375 0.044270833333333336
1 0.48046875 0.5546875 0.020833333333333332 0.03125
1 0.2955729166666667 0.3151041666666667 0.028645833333333332 0.033854166666666664
1 0.3020833333333333 0.36328125 0.028645833333333332 0.0390625
1 0.3138020833333333 0.3932291666666667 0.03125 0.03125
1 0.5716145833333334 0.41015625 0.026041666666666668 0.0390625
1 0.2981770833333333 0.5247395833333334 0.03125 0.036458333333333336
1 0.3606770833333333 0.5091145833333334 0.015625 0.046875
1 0.54296875 0.3528645833333333 0.020833333333333332 0.018229166666666668
1 0.5455729166666666 0.3177083333333333 0.028645833333333332 0.033854166666666664
1 0.5130208333333334 0.41796875 0.0234375 0.028645833333333332
1 0.3515625 0.6041666666666666 0.026041666666666668 0.033854166666666664
1 0.2916666666666667 0.3255208333333333 0.026041666666666668 0.057291666666666664
1 0.53125 0.30859375 0.026041666666666668 0.044270833333333336
1 0.4166666666666667 0.4166666666666667 0.033854166666666664 0.044270833333333336
1 0.3567708333333333 0.5377604166666666 0.03125 0.028645833333333332
1 0.390625 0.5481770833333334 0.0234375 0.052083333333333336
1 0.3723958333333333 0.5325520833333334 0.028645833333333332 0.033854166666666664
1 0.3841145833333333 0.3307291666666667 0.026041666666666668 0.03125
1 0.2643229166666667 0.41796875 0.033854166666666664 0.028645833333333332
1 0.3880208333333333 0.48828125 0.028645833333333332 0.0390625
1 0.47265625 0.5325520833333334 0.028645833333333332 0.033854166666666664
1 0.4309895833333333 0.5390625 0.026041666666666668 0.03125
1 0.3515625 0.6197916666666666 0.03125 0.0390625
1 0.3997395833333333 0.5377604166666666 0.03125 0.0390625
1 0.5104166666666666 0.3541666666666667 0.026041666666666668 0.046875
1 0.5078125 0.4036458333333333 0.026041666666666668 0.026041666666666668
1 0.4700520833333333 0.2799479166666667 0.03125 0.0390625
1 0.5520833333333334 0.2903645833333333 0.026041666666666668 0.049479166666666664
1 0.5625 0.5286458333333334 0.028645833333333332 0.041666666666666664
1 0.50390625 0.3854166666666667 0.028645833333333332 0.028645833333333332
1 0.3359375 0.5703125 0.028645833333333332 0.0234375
1 0.3736979166666667 0.4947916666666667 0.028645833333333332 0.0390625
1 0.5703125 0.5078125 0.03125 0.033854166666666664
1 0.55078125 0.33203125 0.028645833333333332 0.03125