1 0.4270833333333333 0.41015625 0.036458333333333336 0.041666666666666664
1 0.5247395833333334 0.2994791666666667 0.078125 0.07291666666666667
1 0.37109375 0.3671875 0.057291666666666664 0.07291666666666667
1 0.3958333333333333 0.3111979166666667 0.052083333333333336 0.044270833333333336
1 0.8502604166666666 0.4713541666666667 0.078125 0.033854166666666664
1 0.6640625 0.3736979166666667 0.052083333333333336 0.0546875
1 0.4830729166666667 0.2981770833333333 0.044270833333333336 0.07552083333333333
1 0.2565104166666667 0.4453125 0.059895833333333336 0.046875
1 0.7317708333333334 0.3450520833333333 0.028645833333333332 0.0625
1 0.33203125 0.3515625 0.041666666666666664 0.0703125
1 0.71484375 0.31640625 0.049479166666666664 0.052083333333333336
1 0.23307291666666666 0.46484375 0.06770833333333333 0.0390625
1 0.7018229166666666 0.9296875 0.033854166666666664 0.09635416666666667
1 0.8216145833333334 0.4153645833333333 0.044270833333333336 0.06770833333333333
1 0.3671875 0.46875 0.0625 0.07552083333333333