1 0.3033854166666667 0.78515625 0.052083333333333336 0.0546875
1 0.2669270833333333 0.4309895833333333 0.078125 0.06770833333333333
1 0.5286458333333334 0.4986979166666667 0.07291666666666667 0.059895833333333336
1 0.7421875 0.65234375 0.07291666666666667 0.059895833333333336
1 0.79296875 0.6484375 0.08072916666666667 0.06770833333333333
1 0.3854166666666667 0.2552083333333333 0.0625 0.06510416666666667
1 0.044270833333333336 0.46875 0.041666666666666664 0.041666666666666664
1 0.34765625 0.2994791666666667 0.0546875 0.059895833333333336
1 0.4140625 0.7083333333333334 0.06510416666666667 0.06770833333333333
1 0.11979166666666667 0.5338541666666666 0.07552083333333333 0.057291666666666664
1 0.4830729166666667 0.953125 0.06770833333333333 0.06770833333333333
1 0.6380208333333334 0.6080729166666666 0.06510416666666667 0.0625
1 0.4921875 0.796875 0.059895833333333336 0.0625
1 0.7916666666666666 0.5286458333333334 0.07291666666666667 0.06770833333333333
1 0.4609375 0.4583333333333333 0.07291666666666667 0.06510416666666667
1 0.3958333333333333 0.609375 0.07552083333333333 0.07291666666666667
1 0.24869791666666666 0.6666666666666666 0.078125 0.07291666666666667
1 0.6419270833333334 0.2903645833333333 0.0703125 0.057291666666666664
1 0.7083333333333334 0.453125 0.07291666666666667 0.057291666666666664