0 0.5091145833333334 0.23697916666666666 0.18489583333333334 0.2552083333333333
0 0.07421875 0.2916666666666667 0.12239583333333333 0.23177083333333334
0 0.3346354166666667 0.60546875 0.18489583333333334 0.15364583333333334
0 0.4986979166666667 0.890625 0.13802083333333334 0.21875
0 0.21484375 0.7825520833333334 0.1015625 0.21614583333333334
0 0.6809895833333334 0.57421875 0.17708333333333334 0.13802083333333334
0 0.25 0.3736979166666667 0.19270833333333334 0.21614583333333334
0 0.6171875 0.80859375 0.12239583333333333 0.2421875
0 0.796875 0.22005208333333334 0.15625 0.2682291666666667
0 0.5859375 0.3763020833333333 0.17708333333333334 0.18489583333333334
0 0.5872395833333334 0.234375 0.14583333333333334 0.2552083333333333
0 0.1875 0.6080729166666666 0.09375 0.20052083333333334