1 0.5625 0.4244791666666667 0.010416666666666666 0.0234375
1 0.50390625 0.4375 0.0078125 0.036458333333333336
1 0.5559895833333334 0.7408854166666666 0.015625 0.028645833333333332
1 0.5546875 0.35546875 0.015625 0.041666666666666664
1 0.5963541666666666 0.7838541666666666 0.018229166666666668 0.020833333333333332
1 0.5377604166666666 0.7109375 0.015625 0.028645833333333332
1 0.5611979166666666 0.26171875 0.013020833333333334 0.046875
1 0.5716145833333334 0.7291666666666666 0.013020833333333334 0.028645833333333332
1 0.6158854166666666 0.5403645833333334 0.018229166666666668 0.036458333333333336
1 0.6119791666666666 0.7265625 0.010416666666666666 0.0390625
1 0.4986979166666667 0.5677083333333334 0.010416666666666666 0.026041666666666668
1 0.5169270833333334 0.4153645833333333 0.010416666666666666 0.015625
1 0.5026041666666666 0.3971354166666667 0.018229166666666668 0.018229166666666668
1 0.5950520833333334 0.4635416666666667 0.018229166666666668 0.020833333333333332
1 0.5091145833333334 0.5364583333333334 0.0078125 0.013020833333333334
1 0.5638020833333334 0.6393229166666666 0.015625 0.013020833333333334
1 0.578125 0.4674479166666667 0.018229166666666668 0.020833333333333332
1 0.5104166666666666 0.5768229166666666 0.015625 0.013020833333333334
1 0.5325520833333334 0.5247395833333334 0.0078125 0.0234375
1 0.5807291666666666 0.5182291666666666 0.018229166666666668 0.013020833333333334
1 0.5924479166666666 0.62109375 0.015625 0.015625
1 0.5559895833333334 0.7786458333333334 0.010416666666666666 0.03125
1 0.5924479166666666 0.5169270833333334 0.0078125 0.0234375
1 0.5924479166666666 0.4869791666666667 0.013020833333333334 0.028645833333333332
1 0.4934895833333333 0.4765625 0.010416666666666666 0.028645833333333332
1 0.5963541666666666 0.5091145833333334 0.013020833333333334 0.026041666666666668
1 0.5520833333333334 0.4361979166666667 0.010416666666666666 0.0234375
1 0.5872395833333334 0.32421875 0.010416666666666666 0.03125
1 0.59375 0.5403645833333334 0.015625 0.03125
1 0.65625 0.7239583333333334 0.015625 0.0390625
1 0.50390625 0.4921875 0.010416666666666666 0.0234375
1 0.5403645833333334 0.5611979166666666 0.010416666666666666 0.033854166666666664
1 0.57421875 0.83984375 0.018229166666666668 0.018229166666666668
1 0.6041666666666666 0.7044270833333334 0.018229166666666668 0.033854166666666664
1 0.5455729166666666 0.3763020833333333 0.010416666666666666 0.03125
1 0.5846354166666666 0.3502604166666667 0.015625 0.0234375
1 0.5924479166666666 0.44921875 0.015625 0.013020833333333334
1 0.5872395833333334 0.3919270833333333 0.010416666666666666 0.036458333333333336
1 0.58984375 0.8138020833333334 0.010416666666666666 0.0390625
1 0.5520833333333334 0.5481770833333334 0.018229166666666668 0.013020833333333334
1 0.609375 0.6614583333333334 0.0078125 0.033854166666666664
1 0.53125 0.6341145833333334 0.013020833333333334 0.03125
1 0.5338541666666666 0.5390625 0.015625 0.018229166666666668
1 0.5885416666666666 0.5572916666666666 0.010416666666666666 0.0234375
1 0.50390625 0.41015625 0.018229166666666668 0.018229166666666668
1 0.6028645833333334 0.6380208333333334 0.013020833333333334 0.018229166666666668
1 0.5533854166666666 0.390625 0.005208333333333333 0.026041666666666668
1 0.5247395833333334 0.5950520833333334 0.015625 0.013020833333333334
1 0.578125 0.4453125 0.010416666666666666 0.03125
1 0.6002604166666666 0.57421875 0.0078125 0.028645833333333332
1 0.51953125 0.48828125 0.015625 0.020833333333333332
1 0.4908854166666667 0.53125 0.020833333333333332 0.020833333333333332
1 0.4986979166666667 0.58203125 0.010416666666666666 0.0234375
1 0.5768229166666666 0.6106770833333334 0.010416666666666666 0.036458333333333336
1 0.62109375 0.48828125 0.018229166666666668 0.026041666666666668
1 0.5859375 0.8385416666666666 0.020833333333333332 0.0234375
1 0.5703125 0.7161458333333334 0.010416666666666666 0.036458333333333336
1 0.6328125 0.5625 0.013020833333333334 0.0390625
1 0.4856770833333333 0.5234375 0.015625 0.013020833333333334
1 0.5091145833333334 0.3763020833333333 0.020833333333333332 0.018229166666666668
1 0.4765625 0.53125 0.015625 0.020833333333333332
1 0.578125 0.5299479166666666 0.015625 0.015625
1 0.6041666666666666 0.3893229166666667 0.0078125 0.03125
1 0.5768229166666666 0.6536458333333334 0.0078125 0.018229166666666668
1 0.54296875 0.5182291666666666 0.013020833333333334 0.010416666666666666
1 0.57421875 0.3893229166666667 0.015625 0.0234375
1 0.5455729166666666 0.5950520833333334 0.010416666666666666 0.020833333333333332
1 0.5885416666666666 0.5846354166666666 0.015625 0.026041666666666668
1 0.59765625 0.6028645833333334 0.010416666666666666 0.028645833333333332
1 0.5078125 0.5234375 0.015625 0.015625
1 0.56640625 0.62109375 0.010416666666666666 0.026041666666666668
1 0.56640625 0.5143229166666666 0.010416666666666666 0.03125
1 0.5065104166666666 0.4505208333333333 0.013020833333333334 0.03125
1 0.5651041666666666 0.34375 0.015625 0.03125
1 0.5104166666666666 0.5885416666666666 0.013020833333333334 0.013020833333333334
1 0.546875 0.62109375 0.010416666666666666 0.03125
1 0.5611979166666666 0.41015625 0.018229166666666668 0.018229166666666668
1 0.5091145833333334 0.5520833333333334 0.0078125 0.020833333333333332
1 0.609375 0.4700520833333333 0.015625 0.0234375
1 0.6028645833333334 0.48046875 0.015625 0.018229166666666668
1 0.5768229166666666 0.8619791666666666 0.0234375 0.026041666666666668
1 0.5208333333333334 0.5143229166666666 0.010416666666666666 0.0234375
1 0.63671875 0.6171875 0.013020833333333334 0.0390625
1 0.63671875 0.7408854166666666 0.010416666666666666 0.041666666666666664
1 0.5572916666666666 0.8059895833333334 0.013020833333333334 0.033854166666666664
1 0.6067708333333334 0.7369791666666666 0.0078125 0.028645833333333332
1 0.5716145833333334 0.69140625 0.013020833333333334 0.015625
1 0.5651041666666666 0.6536458333333334 0.0078125 0.018229166666666668
1 0.5755208333333334 0.5625 0.015625 0.013020833333333334
1 0.53515625 0.4895833333333333 0.013020833333333334 0.026041666666666668
1 0.5690104166666666 0.3177083333333333 0.018229166666666668 0.044270833333333336
1 0.5234375 0.5807291666666666 0.015625 0.013020833333333334
1 0.5533854166666666 0.4661458333333333 0.018229166666666668 0.028645833333333332
1 0.5611979166666666 0.5325520833333334 0.013020833333333334 0.015625
1 0.578125 0.3307291666666667 0.018229166666666668 0.018229166666666668
1 0.6080729166666666 0.49609375 0.015625 0.020833333333333332
1 0.4765625 0.5455729166666666 0.020833333333333332 0.018229166666666668
1 0.5338541666666666 0.4049479166666667 0.0078125 0.044270833333333336
1 0.5364583333333334 0.6875 0.018229166666666668 0.018229166666666668
1 0.484375 0.41015625 0.020833333333333332 0.03125
1 0.55859375 0.390625 0.0078125 0.028645833333333332
1 0.5416666666666666 0.4192708333333333 0.010416666666666666 0.052083333333333336
1 0.58203125 0.7395833333333334 0.010416666666666666 0.036458333333333336
1 0.5872395833333334 0.76953125 0.020833333333333332 0.026041666666666668
1 0.5455729166666666 0.4973958333333333 0.0078125 0.03125
1 0.5651041666666666 0.546875 0.0078125 0.015625
1 0.55078125 0.6770833333333334 0.010416666666666666 0.041666666666666664
1 0.57421875 0.6692708333333334 0.010416666666666666 0.033854166666666664
1 0.4986979166666667 0.5377604166666666 0.010416666666666666 0.018229166666666668
1 0.5533854166666666 0.6510416666666666 0.015625 0.033854166666666664
1 0.58203125 0.4244791666666667 0.015625 0.033854166666666664
1 0.5169270833333334 0.4375 0.0078125 0.028645833333333332
1 0.5455729166666666 0.45703125 0.020833333333333332 0.018229166666666668
1 0.5755208333333334 0.6302083333333334 0.010416666666666666 0.028645833333333332
1 0.6080729166666666 0.6158854166666666 0.013020833333333334 0.026041666666666668
1 0.5208333333333334 0.5390625 0.013020833333333334 0.013020833333333334
1 0.55859375 0.59765625 0.020833333333333332 0.0234375
1 0.53515625 0.5859375 0.013020833333333334 0.018229166666666668
1 0.55078125 0.5625 0.013020833333333334 0.013020833333333334
1 0.5989583333333334 0.64453125 0.010416666666666666 0.0234375
1 0.5729166666666666 0.2981770833333333 0.010416666666666666 0.046875
1 0.58203125 0.5833333333333334 0.013020833333333334 0.03125
1 0.56640625 0.4856770833333333 0.013020833333333334 0.015625
1 0.5924479166666666 0.3684895833333333 0.018229166666666668 0.018229166666666668
1 0.5690104166666666 0.4505208333333333 0.0078125 0.03125
1 0.5533854166666666 0.4973958333333333 0.010416666666666666 0.026041666666666668
1 0.52734375 0.5598958333333334 0.015625 0.026041666666666668
1 0.5546875 0.7122395833333334 0.010416666666666666 0.036458333333333336
1 0.5143229166666666 0.6041666666666666 0.015625 0.018229166666666668
1 0.5611979166666666 0.4817708333333333 0.015625 0.015625
1 0.5221354166666666 0.75390625 0.018229166666666668 0.020833333333333332
1 0.4830729166666667 0.7369791666666666 0.013020833333333334 0.041666666666666664
1 0.5989583333333334 0.7604166666666666 0.015625 0.028645833333333332
1 0.5768229166666666 0.546875 0.015625 0.015625
1 0.5520833333333334 0.7578125 0.013020833333333334 0.028645833333333332
1 0.5885416666666666 0.6575520833333334 0.015625 0.013020833333333334
1 0.5846354166666666 0.6067708333333334 0.015625 0.018229166666666668
1 0.53125 0.6627604166666666 0.015625 0.03125
1 0.53515625 0.46875 0.018229166666666668 0.018229166666666668
1 0.5963541666666666 0.671875 0.015625 0.020833333333333332
1 0.58984375 0.6901041666666666 0.013020833333333334 0.033854166666666664
1 0.5651041666666666 0.5611979166666666 0.015625 0.013020833333333334
1 0.5690104166666666 0.5794270833333334 0.010416666666666666 0.018229166666666668
1 0.5221354166666666 0.5299479166666666 0.015625 0.010416666666666666
1 0.5794270833333334 0.4973958333333333 0.013020833333333334 0.03125
1 0.515625 0.4622395833333333 0.010416666666666666 0.0234375
1 0.4791666666666667 0.484375 0.013020833333333334 0.041666666666666664
1 0.5546875 0.5208333333333334 0.010416666666666666 0.020833333333333332
1 0.5 0.5520833333333334 0.015625 0.015625
1 0.6015625 0.2825520833333333 0.013020833333333334 0.033854166666666664
1 0.6041666666666666 0.5390625 0.015625 0.036458333333333336
1 0.5481770833333334 0.5325520833333334 0.020833333333333332 0.018229166666666668
1 0.5052083333333334 0.5052083333333334 0.013020833333333334 0.020833333333333332
1 0.5950520833333334 0.79296875 0.013020833333333334 0.018229166666666668
1 0.5377604166666666 0.6744791666666666 0.010416666666666666 0.026041666666666668
1 0.62890625 0.6354166666666666 0.015625 0.057291666666666664
1 0.5598958333333334 0.6861979166666666 0.010416666666666666 0.010416666666666666
1 0.5442708333333334 0.64453125 0.005208333333333333 0.026041666666666668
1 0.58203125 0.6940104166666666 0.013020833333333334 0.041666666666666664
1 0.5755208333333334 0.5794270833333334 0.010416666666666666 0.020833333333333332
1 0.5872395833333334 0.6419270833333334 0.010416666666666666 0.020833333333333332
1 0.5325520833333334 0.6197916666666666 0.015625 0.033854166666666664
1 0.5572916666666666 0.578125 0.013020833333333334 0.020833333333333332
1 0.5091145833333334 0.4622395833333333 0.010416666666666666 0.026041666666666668
1 0.5403645833333334 0.6106770833333334 0.015625 0.028645833333333332
1 0.5338541666666666 0.5065104166666666 0.015625 0.013020833333333334
1 0.5924479166666666 0.859375 0.020833333333333332 0.026041666666666668
1 0.5833333333333334 0.1953125 0.015625 0.049479166666666664
1 0.53515625 0.4440104166666667 0.0078125 0.033854166666666664
1 0.5755208333333334 0.3671875 0.0078125 0.03125
1 0.6575520833333334 0.78515625 0.018229166666666668 0.036458333333333336
1 0.56640625 0.3684895833333333 0.015625 0.015625
1 0.5794270833333334 0.7825520833333334 0.0234375 0.026041666666666668
1 0.515625 0.5690104166666666 0.015625 0.010416666666666666
1 0.6041666666666666 0.5065104166666666 0.010416666666666666 0.03125
1 0.4908854166666667 0.5794270833333334 0.0078125 0.0390625
1 0.5481770833333334 0.4075520833333333 0.0078125 0.028645833333333332
1 0.5755208333333334 0.7447916666666666 0.010416666666666666 0.046875
1 0.5950520833333334 0.73828125 0.020833333333333332 0.03125
1 0.5611979166666666 0.7096354166666666 0.010416666666666666 0.0390625
1 0.5989583333333334 0.4192708333333333 0.020833333333333332 0.0234375
1 0.60546875 0.6731770833333334 0.010416666666666666 0.036458333333333336
1 0.5833333333333334 0.30078125 0.015625 0.041666666666666664
1 0.56640625 0.6744791666666666 0.013020833333333334 0.018229166666666668
1 0.546875 0.57421875 0.010416666666666666 0.020833333333333332
1 0.5703125 0.4205729166666667 0.0078125 0.03125
1 0.5572916666666666 0.4322916666666667 0.010416666666666666 0.036458333333333336
1 0.5911458333333334 0.5247395833333334 0.018229166666666668 0.0234375
1 0.65234375 0.7578125 0.018229166666666668 0.036458333333333336
1 0.6341145833333334 0.6770833333333334 0.018229166666666668 0.013020833333333334
1 0.5533854166666666 0.6223958333333334 0.005208333333333333 0.0234375
1 0.5716145833333334 0.4739583333333333 0.015625 0.026041666666666668
1 0.5963541666666666 0.7018229166666666 0.010416666666666666 0.026041666666666668
1 0.5078125 0.3528645833333333 0.015625 0.046875
1 0.56640625 0.6015625 0.010416666666666666 0.03125
1 0.5716145833333334 0.4361979166666667 0.013020833333333334 0.03125
1 0.5729166666666666 0.59765625 0.005208333333333333 0.018229166666666668
1 0.6263020833333334 0.6627604166666666 0.018229166666666668 0.0234375
1 0.546875 0.44140625 0.0078125 0.020833333333333332
1 0.5859375 0.7252604166666666 0.0078125 0.03125
1 0.4856770833333333 0.5338541666666666 0.020833333333333332 0.010416666666666666
1 0.5078125 0.5130208333333334 0.015625 0.020833333333333332