1 0.3671875 0.20182291666666666 0.09114583333333333 0.08072916666666667
1 0.4322916666666667 0.59375 0.08854166666666667 0.09895833333333333
1 0.9466145833333334 0.5182291666666666 0.10677083333333333 0.11458333333333333
1 0.7565104166666666 0.9114583333333334 0.09895833333333333 0.08072916666666667
1 0.2591145833333333 0.4817708333333333 0.0859375 0.09375
1 0.6783854166666666 0.8111979166666666 0.11197916666666667 0.10416666666666667
1 0.37109375 0.6692708333333334 0.1015625 0.1484375
1 0.4153645833333333 0.08463541666666667 0.0859375 0.10677083333333333
1 0.3151041666666667 0.3997395833333333 0.08072916666666667 0.11979166666666667
1 0.671875 0.4010416666666667 0.09375 0.08333333333333333
1 0.4596354166666667 0.515625 0.09635416666666667 0.11979166666666667
1 0.5078125 0.22526041666666666 0.10677083333333333 0.14322916666666666
1 0.7018229166666666 0.3385416666666667 0.09895833333333333 0.11458333333333333
1 0.2903645833333333 0.6705729166666666 0.09375 0.07552083333333333
1 0.7578125 0.3528645833333333 0.11197916666666667 0.13020833333333334
1 0.5859375 0.16276041666666666 0.07552083333333333 0.09895833333333333
1 0.34765625 0.5169270833333334 0.09375 0.11979166666666667
1 0.1875 0.26953125 0.09635416666666667 0.1171875
1 0.9010416666666666 0.25390625 0.09375 0.1171875
1 0.6354166666666666 0.453125 0.1015625 0.09635416666666667
1 0.875 0.2747395833333333 0.08854166666666667 0.09895833333333333
1 0.9518229166666666 0.41796875 0.09635416666666667 0.12239583333333333
1 0.91015625 0.6731770833333334 0.11197916666666667 0.1171875
1 0.7122395833333334 0.6419270833333334 0.1171875 0.14583333333333334
1 0.421875 0.4713541666666667 0.078125 0.11197916666666667
1 0.8111979166666666 0.28125 0.109375 0.09635416666666667
1 0.03125 0.8072916666666666 0.033854166666666664 0.049479166666666664
1 0.921875 0.5247395833333334 0.09375 0.09895833333333333
1 0.62109375 0.16666666666666666 0.0859375 0.125
1 0.546875 0.17838541666666666 0.09895833333333333 0.1171875
1 0.2578125 0.390625 0.0703125 0.0703125
1 0.8606770833333334 0.734375 0.09635416666666667 0.10416666666666667
1 0.9661458333333334 0.4700520833333333 0.06770833333333333 0.0859375
1 0.6263020833333334 0.3385416666666667 0.10416666666666667 0.09895833333333333
1 0.3932291666666667 0.4739583333333333 0.09375 0.12239583333333333
1 0.5325520833333334 0.4466145833333333 0.109375 0.07552083333333333
1 0.4505208333333333 0.9166666666666666 0.09635416666666667 0.13802083333333334
1 0.6080729166666666 0.22265625 0.08854166666666667 0.0703125
1 0.1796875 0.41015625 0.09375 0.140625
1 0.21614583333333334 0.46484375 0.08072916666666667 0.109375
1 0.671875 0.7174479166666666 0.109375 0.12239583333333333
1 0.44921875 0.16536458333333334 0.09635416666666667 0.125
1 0.7109375 0.8489583333333334 0.12760416666666666 0.140625
1 0.6223958333333334 0.8059895833333334 0.1171875 0.13802083333333334
1 0.3033854166666667 0.45703125 0.09895833333333333 0.08854166666666667
1 0.4921875 0.9713541666666666 0.078125 0.057291666666666664
1 0.79296875 0.7330729166666666 0.10677083333333333 0.10677083333333333
1 0.16536458333333334 0.5325520833333334 0.07552083333333333 0.109375
1 0.14973958333333334 0.7213541666666666 0.10416666666666667 0.09635416666666667
1 0.7044270833333334 0.5598958333333334 0.13541666666666666 0.11197916666666667
1 0.6588541666666666 0.15364583333333334 0.0625 0.10416666666666667
1 0.3880208333333333 0.14322916666666666 0.11197916666666667 0.0859375
1 0.5390625 0.6731770833333334 0.109375 0.109375
1 0.5833333333333334 0.38671875 0.08854166666666667 0.08333333333333333
1 0.6263020833333334 0.9140625 0.10416666666666667 0.09114583333333333
1 0.8268229166666666 0.4817708333333333 0.11979166666666667 0.16145833333333334
1 0.8190104166666666 0.58203125 0.041666666666666664 0.044270833333333336
1 0.3059895833333333 0.6002604166666666 0.12239583333333333 0.11979166666666667
1 0.25390625 0.8424479166666666 0.125 0.1328125
1 0.79296875 0.8033854166666666 0.10677083333333333 0.10416666666666667
1 0.4895833333333333 0.16015625 0.0859375 0.13020833333333334