1 0.3580729166666667 0.5559895833333334 0.0390625 0.0546875
1 0.5950520833333334 0.79296875 0.041666666666666664 0.0546875
1 0.3567708333333333 0.8294270833333334 0.0390625 0.0546875
1 0.27734375 0.30078125 0.059895833333333336 0.078125
1 0.6041666666666666 0.7565104166666666 0.044270833333333336 0.059895833333333336
1 0.6796875 0.22916666666666666 0.052083333333333336 0.0546875
1 0.578125 0.31640625 0.046875 0.06770833333333333
1 0.3359375 0.5299479166666666 0.041666666666666664 0.059895833333333336
1 0.3971354166666667 0.4505208333333333 0.046875 0.0625
1 0.5221354166666666 0.40625 0.041666666666666664 0.046875
1 0.703125 0.6119791666666666 0.028645833333333332 0.052083333333333336
1 0.6822916666666666 0.6263020833333334 0.049479166666666664 0.0390625
1 0.3645833333333333 0.87109375 0.046875 0.046875
1 0.5169270833333334 0.171875 0.057291666666666664 0.0625
1 0.703125 0.9505208333333334 0.052083333333333336 0.049479166666666664
1 0.7122395833333334 0.6744791666666666 0.059895833333333336 0.052083333333333336
1 0.4947916666666667 0.5611979166666666 0.049479166666666664 0.052083333333333336
1 0.46484375 0.6302083333333334 0.044270833333333336 0.052083333333333336
1 0.3606770833333333 0.2591145833333333 0.0546875 0.078125
1 0.24479166666666666 0.4947916666666667 0.057291666666666664 0.0703125
1 0.6458333333333334 0.5026041666666666 0.033854166666666664 0.057291666666666664
1 0.7486979166666666 0.7473958333333334 0.044270833333333336 0.036458333333333336
1 0.4270833333333333 0.6575520833333334 0.041666666666666664 0.046875
1 0.3229166666666667 0.8072916666666666 0.049479166666666664 0.046875
1 0.4635416666666667 0.9739583333333334 0.052083333333333336 0.052083333333333336
1 0.5234375 0.28515625 0.044270833333333336 0.07552083333333333
1 0.4609375 0.2630208333333333 0.052083333333333336 0.046875
1 0.4609375 0.3098958333333333 0.028645833333333332 0.052083333333333336
1 0.24739583333333334 0.41015625 0.044270833333333336 0.06770833333333333
1 0.4674479166666667 0.4635416666666667 0.06510416666666667 0.0546875
1 0.3411458333333333 0.6588541666666666 0.036458333333333336 0.0546875
1 0.5442708333333334 0.8203125 0.0546875 0.041666666666666664
1 0.6940104166666666 0.2591145833333333 0.049479166666666664 0.052083333333333336
1 0.5013020833333334 0.78125 0.044270833333333336 0.036458333333333336
1 0.4010416666666667 0.8958333333333334 0.044270833333333336 0.036458333333333336
1 0.64453125 0.6315104166666666 0.044270833333333336 0.0703125
1 0.4466145833333333 0.6705729166666666 0.03125 0.0546875
1 0.5572916666666666 0.4205729166666667 0.049479166666666664 0.052083333333333336
1 0.4791666666666667 0.5 0.057291666666666664 0.046875
1 0.41015625 0.3372395833333333 0.049479166666666664 0.052083333333333336
1 0.5963541666666666 0.4778645833333333 0.041666666666666664 0.044270833333333336
1 0.6796875 0.7096354166666666 0.044270833333333336 0.052083333333333336
1 0.5455729166666666 0.7877604166666666 0.0390625 0.044270833333333336
1 0.7734375 0.3919270833333333 0.057291666666666664 0.0625
1 0.3802083333333333 0.87109375 0.03125 0.057291666666666664