1 0.28125 0.484375 0.049479166666666664 0.09635416666666667
1 0.6197916666666666 0.4596354166666667 0.057291666666666664 0.0703125
1 0.09114583333333333 0.4348958333333333 0.036458333333333336 0.0703125
1 0.18880208333333334 0.4830729166666667 0.046875 0.044270833333333336
1 0.67578125 0.4322916666666667 0.049479166666666664 0.0390625
1 0.22395833333333334 0.4934895833333333 0.033854166666666664 0.0546875
1 0.4609375 0.4817708333333333 0.028645833333333332 0.0390625
1 0.484375 0.4518229166666667 0.033854166666666664 0.0703125
1 0.8098958333333334 0.4505208333333333 0.036458333333333336 0.028645833333333332
1 0.5611979166666666 0.2734375 0.0546875 0.0546875
1 0.6809895833333334 0.45703125 0.049479166666666664 0.036458333333333336
1 0.4596354166666667 0.4283854166666667 0.028645833333333332 0.036458333333333336
1 0.4075520833333333 0.4752604166666667 0.06770833333333333 0.046875
1 0.453125 0.4036458333333333 0.036458333333333336 0.044270833333333336
1 0.24869791666666666 0.4778645833333333 0.049479166666666664 0.0859375