0 0.53515625 0.796875 0.17708333333333334 0.20833333333333334
0 0.3151041666666667 0.65234375 0.15885416666666666 0.1796875
0 0.57421875 0.4127604166666667 0.171875 0.16145833333333334
0 0.5598958333333334 0.5104166666666666 0.13541666666666666 0.14322916666666666
0 0.4127604166666667 0.8606770833333334 0.15885416666666666 0.2109375
0 0.14453125 0.7109375 0.18229166666666666 0.2421875
0 0.6158854166666666 0.2513020833333333 0.17708333333333334 0.16666666666666666
0 0.3723958333333333 0.66796875 0.11458333333333333 0.14322916666666666
0 0.875 0.20052083333333334 0.1484375 0.20572916666666666
0 0.3294270833333333 0.7252604166666666 0.15104166666666666 0.16145833333333334
0 0.6966145833333334 0.4036458333333333 0.11458333333333333 0.171875
0 0.3359375 0.8190104166666666 0.19010416666666666 0.234375
0 0.6705729166666666 0.3151041666666667 0.16145833333333334 0.15364583333333334
0 0.4309895833333333 0.4283854166666667 0.16666666666666666 0.21354166666666666