1 0.6471354166666666 0.29296875 0.033854166666666664 0.03125
1 0.5104166666666666 0.3997395833333333 0.020833333333333332 0.0390625
1 0.5234375 0.48046875 0.033854166666666664 0.044270833333333336
1 0.5260416666666666 0.3580729166666667 0.03125 0.026041666666666668
1 0.3828125 0.58984375 0.033854166666666664 0.049479166666666664
1 0.5091145833333334 0.359375 0.020833333333333332 0.046875
1 0.4791666666666667 0.3841145833333333 0.020833333333333332 0.0390625
1 0.4739583333333333 0.3723958333333333 0.0390625 0.046875
1 0.6848958333333334 0.3255208333333333 0.018229166666666668 0.0390625
1 0.4973958333333333 0.3736979166666667 0.018229166666666668 0.0390625
1 0.53515625 0.6783854166666666 0.033854166666666664 0.0234375
1 0.55078125 0.3359375 0.015625 0.028645833333333332
1 0.6432291666666666 0.3125 0.0234375 0.0390625
1 0.7317708333333334 0.26953125 0.0234375 0.0390625