1 0.4869791666666667 0.4088541666666667 0.0390625 0.041666666666666664
1 0.5572916666666666 0.5221354166666666 0.078125 0.08072916666666667
1 0.57421875 0.5729166666666666 0.078125 0.078125
1 0.4973958333333333 0.46484375 0.09375 0.07291666666666667
1 0.6380208333333334 0.4479166666666667 0.08854166666666667 0.078125
1 0.6731770833333334 0.5338541666666666 0.06510416666666667 0.0546875
1 0.3971354166666667 0.3932291666666667 0.1015625 0.08854166666666667
1 0.4934895833333333 0.44140625 0.08072916666666667 0.06770833333333333
1 0.45703125 0.4296875 0.0390625 0.033854166666666664
1 0.5533854166666666 0.4322916666666667 0.049479166666666664 0.046875
1 0.5182291666666666 0.515625 0.0546875 0.0703125