1 0.4947916666666667 0.625 0.033854166666666664 0.03125
1 0.6731770833333334 0.60546875 0.028645833333333332 0.03125
1 0.3828125 0.4921875 0.044270833333333336 0.0390625
1 0.5559895833333334 0.3776041666666667 0.046875 0.046875
1 0.4049479166666667 0.4518229166666667 0.046875 0.052083333333333336
1 0.4244791666666667 0.5221354166666666 0.049479166666666664 0.06510416666666667
1 0.4361979166666667 0.58203125 0.044270833333333336 0.049479166666666664
1 0.5533854166666666 0.7838541666666666 0.0546875 0.057291666666666664
1 0.56640625 0.7161458333333334 0.033854166666666664 0.044270833333333336
1 0.6848958333333334 0.4518229166666667 0.044270833333333336 0.052083333333333336
1 0.45703125 0.5481770833333334 0.046875 0.049479166666666664
1 0.63671875 0.5911458333333334 0.033854166666666664 0.03125
1 0.4583333333333333 0.4388020833333333 0.059895833333333336 0.052083333333333336
1 0.546875 0.6041666666666666 0.036458333333333336 0.036458333333333336
1 0.6588541666666666 0.6015625 0.036458333333333336 0.044270833333333336
1 0.51171875 0.4739583333333333 0.046875 0.06510416666666667
1 0.5677083333333334 0.7330729166666666 0.044270833333333336 0.0546875
1 0.6393229166666666 0.6328125 0.033854166666666664 0.033854166666666664
1 0.6184895833333334 0.3828125 0.041666666666666664 0.046875
1 0.5598958333333334 0.5794270833333334 0.0390625 0.0390625
1 0.5221354166666666 0.5442708333333334 0.0390625 0.0390625
1 0.51953125 0.6015625 0.044270833333333336 0.049479166666666664
1 0.43359375 0.56640625 0.044270833333333336 0.044270833333333336
1 0.6119791666666666 0.3541666666666667 0.044270833333333336 0.057291666666666664
1 0.4739583333333333 0.4635416666666667 0.052083333333333336 0.06510416666666667
1 0.5716145833333334 0.3450520833333333 0.052083333333333336 0.0546875
1 0.4596354166666667 0.5807291666666666 0.033854166666666664 0.0390625
1 0.5169270833333334 0.61328125 0.033854166666666664 0.033854166666666664