1 0.19661458333333334 0.20703125 0.046875 0.044270833333333336
1 0.13020833333333334 0.01953125 0.07291666666666667 0.0390625
1 0.50390625 0.5299479166666666 0.07552083333333333 0.0546875
1 0.3515625 0.3841145833333333 0.08333333333333333 0.057291666666666664
1 0.06901041666666667 0.015625 0.044270833333333336 0.03125
1 0.3893229166666667 0.4453125 0.078125 0.052083333333333336
1 0.453125 0.41015625 0.057291666666666664 0.06510416666666667
1 0.4856770833333333 0.3359375 0.06510416666666667 0.0546875
1 0.17447916666666666 0.4388020833333333 0.033854166666666664 0.09375
1 0.3177083333333333 0.4049479166666667 0.057291666666666664 0.06510416666666667
1 0.16927083333333334 0.018229166666666668 0.041666666666666664 0.036458333333333336
1 0.13411458333333334 0.18880208333333334 0.08072916666666667 0.06510416666666667
1 0.2916666666666667 0.10026041666666667 0.044270833333333336 0.0625
1 0.061197916666666664 0.16276041666666666 0.052083333333333336 0.0703125
1 0.4661458333333333 0.23177083333333334 0.059895833333333336 0.057291666666666664
1 0.21614583333333334 0.4205729166666667 0.06510416666666667 0.08072916666666667
1 0.63671875 0.42578125 0.052083333333333336 0.08854166666666667
1 0.4205729166666667 0.52734375 0.059895833333333336 0.0703125
1 0.2877604166666667 0.3216145833333333 0.059895833333333336 0.06770833333333333
1 0.5807291666666666 0.6770833333333334 0.052083333333333336 0.06770833333333333
1 0.07682291666666667 0.2708333333333333 0.049479166666666664 0.08333333333333333
1 0.20052083333333334 0.06640625 0.057291666666666664 0.052083333333333336
1 0.4505208333333333 0.2721354166666667 0.057291666666666664 0.078125
1 0.546875 0.5885416666666666 0.057291666666666664 0.0625
1 0.4427083333333333 0.5859375 0.06510416666666667 0.0859375
1 0.3255208333333333 0.4544270833333333 0.0625 0.049479166666666664
1 0.578125 0.4244791666666667 0.06510416666666667 0.049479166666666664
1 0.11197916666666667 0.048177083333333336 0.0625 0.0625
1 0.06380208333333333 0.0625 0.044270833333333336 0.0546875