1 0.5872395833333334 0.65625 0.0390625 0.052083333333333336
1 0.26953125 0.625 0.046875 0.041666666666666664
1 0.5950520833333334 0.37890625 0.041666666666666664 0.052083333333333336
1 0.4973958333333333 0.44140625 0.046875 0.044270833333333336
1 0.5546875 0.4309895833333333 0.0390625 0.052083333333333336
1 0.6549479166666666 0.4765625 0.028645833333333332 0.059895833333333336
1 0.6276041666666666 0.6861979166666666 0.036458333333333336 0.059895833333333336
1 0.4791666666666667 0.5130208333333334 0.049479166666666664 0.026041666666666668
1 0.71484375 0.4700520833333333 0.03125 0.0546875
1 0.3528645833333333 0.64453125 0.028645833333333332 0.059895833333333336
1 0.4453125 0.5377604166666666 0.041666666666666664 0.0390625
1 0.4479166666666667 0.3971354166666667 0.0390625 0.0546875
1 0.6002604166666666 0.4361979166666667 0.044270833333333336 0.046875
1 0.5989583333333334 0.5377604166666666 0.041666666666666664 0.041666666666666664
1 0.66015625 0.6171875 0.028645833333333332 0.0546875
1 0.7330729166666666 0.43359375 0.046875 0.033854166666666664
1 0.734375 0.40234375 0.03125 0.052083333333333336
1 0.375 0.64453125 0.033854166666666664 0.057291666666666664
1 0.31640625 0.6666666666666666 0.03125 0.059895833333333336
1 0.23958333333333334 0.484375 0.036458333333333336 0.0625
1 0.4661458333333333 0.4205729166666667 0.041666666666666664 0.046875
1 0.484375 0.75390625 0.033854166666666664 0.059895833333333336
1 0.4739583333333333 0.70703125 0.049479166666666664 0.041666666666666664
1 0.3333333333333333 0.6471354166666666 0.026041666666666668 0.0390625
1 0.4401041666666667 0.44921875 0.044270833333333336 0.046875
1 0.6393229166666666 0.3294270833333333 0.03125 0.0625
1 0.7005208333333334 0.5690104166666666 0.044270833333333336 0.044270833333333336
1 0.6184895833333334 0.7213541666666666 0.049479166666666664 0.036458333333333336
1 0.6432291666666666 0.6067708333333334 0.028645833333333332 0.057291666666666664
1 0.4947916666666667 0.6875 0.0390625 0.033854166666666664
1 0.28125 0.5013020833333334 0.041666666666666664 0.046875
1 0.24348958333333334 0.3385416666666667 0.046875 0.057291666666666664