1 0.5481770833333334 0.5807291666666666 0.06510416666666667 0.049479166666666664
1 0.5260416666666666 0.6927083333333334 0.057291666666666664 0.057291666666666664
1 0.5208333333333334 0.53125 0.06770833333333333 0.06510416666666667
1 0.5729166666666666 0.6067708333333334 0.0625 0.033854166666666664
1 0.57421875 0.70703125 0.06510416666666667 0.0859375
1 0.53125 0.5559895833333334 0.0703125 0.06770833333333333
1 0.4830729166666667 0.6770833333333334 0.049479166666666664 0.0625
1 0.63671875 0.5559895833333334 0.0546875 0.049479166666666664
1 0.5794270833333334 0.5390625 0.057291666666666664 0.06770833333333333
1 0.4427083333333333 0.6484375 0.041666666666666664 0.078125
1 0.65625 0.50390625 0.0625 0.10416666666666667
1 0.6223958333333334 0.4661458333333333 0.0546875 0.046875
1 0.5013020833333334 0.7526041666666666 0.06510416666666667 0.052083333333333336
1 0.6028645833333334 0.4309895833333333 0.059895833333333336 0.0546875
1 0.5625 0.3111979166666667 0.08072916666666667 0.0703125
1 0.4114583333333333 0.58984375 0.0703125 0.09895833333333333
1 0.40625 0.67578125 0.059895833333333336 0.09375
1 0.6588541666666666 0.5846354166666666 0.06510416666666667 0.041666666666666664
1 0.6875 0.6028645833333334 0.07291666666666667 0.044270833333333336
1 0.6002604166666666 0.578125 0.0546875 0.0390625
1 0.5703125 0.6341145833333334 0.0859375 0.052083333333333336
1 0.6276041666666666 0.60546875 0.06510416666666667 0.059895833333333336
1 0.5091145833333334 0.64453125 0.06510416666666667 0.06770833333333333
1 0.6927083333333334 0.3854166666666667 0.07291666666666667 0.0546875
1 0.421875 0.7669270833333334 0.06770833333333333 0.0703125
1 0.71875 0.578125 0.06770833333333333 0.0546875
1 0.4283854166666667 0.3671875 0.08333333333333333 0.07552083333333333
1 0.5026041666666666 0.6041666666666666 0.057291666666666664 0.041666666666666664
1 0.5013020833333334 0.42578125 0.049479166666666664 0.0859375
1 0.54296875 0.6614583333333334 0.052083333333333336 0.0390625
1 0.52734375 0.3841145833333333 0.07552083333333333 0.0859375
1 0.4947916666666667 0.5494791666666666 0.049479166666666664 0.0625
1 0.5833333333333334 0.4791666666666667 0.049479166666666664 0.09114583333333333
1 0.7005208333333334 0.6315104166666666 0.052083333333333336 0.041666666666666664
1 0.5013020833333334 0.4947916666666667 0.06510416666666667 0.059895833333333336
1 0.5559895833333334 0.484375 0.046875 0.0859375
1 0.5403645833333334 0.7591145833333334 0.0546875 0.09375
1 0.61328125 0.3528645833333333 0.07552083333333333 0.0703125
1 0.640625 0.41796875 0.057291666666666664 0.08854166666666667
1 0.56640625 0.7408854166666666 0.06510416666666667 0.08854166666666667
1 0.4322916666666667 0.67578125 0.046875 0.08854166666666667