1 0.6119791666666666 0.5 0.08333333333333333 0.1484375
1 0.2760416666666667 0.16015625 0.09635416666666667 0.12239583333333333
1 0.421875 0.6848958333333334 0.1171875 0.12760416666666666
1 0.72265625 0.6197916666666666 0.08854166666666667 0.0859375
1 0.4557291666666667 0.9244791666666666 0.10677083333333333 0.1328125
1 0.5169270833333334 0.7682291666666666 0.07552083333333333 0.09895833333333333
1 0.5846354166666666 0.7018229166666666 0.0703125 0.12760416666666666
1 0.6276041666666666 0.625 0.10416666666666667 0.07291666666666667
1 0.041666666666666664 0.6106770833333334 0.08333333333333333 0.11197916666666667
1 0.55078125 0.7083333333333334 0.041666666666666664 0.08854166666666667
1 0.6888020833333334 0.6106770833333334 0.078125 0.109375
1 0.4348958333333333 0.4622395833333333 0.09895833333333333 0.13020833333333334
1 0.4010416666666667 0.3984375 0.08333333333333333 0.1171875
1 0.6901041666666666 0.4947916666666667 0.09895833333333333 0.11458333333333333
1 0.453125 0.5885416666666666 0.125 0.11458333333333333
1 0.7122395833333334 0.4140625 0.09375 0.1171875
1 0.3424479166666667 0.5703125 0.09114583333333333 0.08333333333333333
1 0.25 0.25 0.1015625 0.09375
1 0.8059895833333334 0.11979166666666667 0.10416666666666667 0.13541666666666666
1 0.04296875 0.10677083333333333 0.046875 0.14583333333333334
1 0.6328125 0.5651041666666666 0.07552083333333333 0.09375
1 0.3411458333333333 0.4270833333333333 0.09895833333333333 0.1171875
1 0.7890625 0.3528645833333333 0.11197916666666667 0.14322916666666666
1 0.6119791666666666 0.033854166666666664 0.11979166666666667 0.0546875