1 0.6640625 0.2825520833333333 0.11458333333333333 0.08072916666666667
1 0.16796875 0.5286458333333334 0.07291666666666667 0.0859375
1 0.4635416666666667 0.3216145833333333 0.1015625 0.059895833333333336
1 0.4283854166666667 0.5065104166666666 0.07291666666666667 0.0859375
1 0.3046875 0.2864583333333333 0.11197916666666667 0.078125
1 0.4713541666666667 0.5065104166666666 0.1171875 0.0625
1 0.3932291666666667 0.5533854166666666 0.07291666666666667 0.0859375
1 0.4817708333333333 0.4544270833333333 0.10416666666666667 0.09375
1 0.4244791666666667 0.4557291666666667 0.1015625 0.0859375
1 0.35546875 0.4791666666666667 0.109375 0.08333333333333333
1 0.4661458333333333 0.6640625 0.08072916666666667 0.059895833333333336
1 0.55078125 0.609375 0.09114583333333333 0.08072916666666667
1 0.2890625 0.5755208333333334 0.0390625 0.03125
1 0.3138020833333333 0.4010416666666667 0.1015625 0.0546875