1 0.8723958333333334 0.5052083333333334 0.059895833333333336 0.036458333333333336
1 0.9700520833333334 0.3736979166666667 0.03125 0.0390625
1 0.9544270833333334 0.390625 0.036458333333333336 0.0390625
1 0.7434895833333334 0.2513020833333333 0.049479166666666664 0.03125
1 0.3723958333333333 0.47265625 0.057291666666666664 0.03125
1 0.4440104166666667 0.5 0.0625 0.028645833333333332
1 0.8880208333333334 0.3919270833333333 0.036458333333333336 0.036458333333333336
1 0.4153645833333333 0.640625 0.041666666666666664 0.041666666666666664
1 0.6484375 0.4375 0.0390625 0.028645833333333332
1 0.390625 0.4479166666666667 0.0625 0.036458333333333336
1 0.7942708333333334 0.2786458333333333 0.06770833333333333 0.041666666666666664
1 0.7291666666666666 0.58984375 0.049479166666666664 0.036458333333333336
1 0.7721354166666666 0.4348958333333333 0.0546875 0.044270833333333336
1 0.7200520833333334 0.3359375 0.059895833333333336 0.049479166666666664
1 0.90234375 0.3489583333333333 0.0390625 0.03125
1 0.3932291666666667 0.6471354166666666 0.041666666666666664 0.036458333333333336
1 0.7447916666666666 0.17057291666666666 0.0546875 0.036458333333333336
1 0.7044270833333334 0.4192708333333333 0.057291666666666664 0.044270833333333336
1 0.2747395833333333 0.6184895833333334 0.057291666666666664 0.0390625
1 0.8033854166666666 0.3958333333333333 0.044270833333333336 0.03125
1 0.9140625 0.45703125 0.046875 0.03125
1 0.7265625 0.453125 0.041666666666666664 0.0234375
1 0.44140625 0.6328125 0.033854166666666664 0.0390625
1 0.6640625 0.5260416666666666 0.049479166666666664 0.044270833333333336
1 0.8346354166666666 0.2786458333333333 0.046875 0.041666666666666664
1 0.9296875 0.390625 0.036458333333333336 0.028645833333333332
1 0.765625 0.2526041666666667 0.036458333333333336 0.033854166666666664
1 0.6510416666666666 0.3346354166666667 0.046875 0.0234375
1 0.8528645833333334 0.4192708333333333 0.059895833333333336 0.0390625
1 0.42578125 0.4661458333333333 0.059895833333333336 0.028645833333333332
1 0.40234375 0.4869791666666667 0.033854166666666664 0.0390625
1 0.5208333333333334 0.61328125 0.057291666666666664 0.026041666666666668
1 0.703125 0.5208333333333334 0.041666666666666664 0.036458333333333336
1 0.7317708333333334 0.5651041666666666 0.046875 0.03125
1 0.14192708333333334 0.5390625 0.0703125 0.0390625
1 0.6588541666666666 0.3619791666666667 0.0390625 0.041666666666666664
1 0.8684895833333334 0.4361979166666667 0.0390625 0.020833333333333332
1 0.6263020833333334 0.3528645833333333 0.044270833333333336 0.041666666666666664
1 0.6861979166666666 0.3515625 0.0625 0.044270833333333336
1 0.7864583333333334 0.5690104166666666 0.036458333333333336 0.036458333333333336
1 0.8424479166666666 0.3736979166666667 0.0546875 0.0390625
1 0.4270833333333333 0.4817708333333333 0.020833333333333332 0.03125
1 0.9427083333333334 0.3489583333333333 0.041666666666666664 0.0390625
1 0.6796875 0.21223958333333334 0.0546875 0.041666666666666664