1 0.44140625 0.3893229166666667 0.03125 0.018229166666666668
1 0.296875 0.4947916666666667 0.020833333333333332 0.026041666666666668
1 0.60546875 0.4479166666666667 0.036458333333333336 0.0234375
1 0.5130208333333334 0.6341145833333334 0.033854166666666664 0.036458333333333336
1 0.6067708333333334 0.4934895833333333 0.03125 0.044270833333333336
1 0.5546875 0.4427083333333333 0.018229166666666668 0.06510416666666667
1 0.5143229166666666 0.3971354166666667 0.028645833333333332 0.041666666666666664
1 0.3125 0.2799479166666667 0.0390625 0.046875
1 0.3346354166666667 0.3463541666666667 0.015625 0.044270833333333336
1 0.3645833333333333 0.6341145833333334 0.028645833333333332 0.044270833333333336
1 0.5130208333333334 0.4361979166666667 0.033854166666666664 0.0390625
1 0.3359375 0.4895833333333333 0.026041666666666668 0.0234375
1 0.5677083333333334 0.5325520833333334 0.0546875 0.03125
1 0.4075520833333333 0.43359375 0.028645833333333332 0.026041666666666668
1 0.3111979166666667 0.4908854166666667 0.015625 0.044270833333333336
1 0.50390625 0.5286458333333334 0.015625 0.06510416666666667
1 0.32421875 0.33203125 0.0234375 0.049479166666666664
1 0.3138020833333333 0.4544270833333333 0.026041666666666668 0.026041666666666668
1 0.4557291666666667 0.66015625 0.026041666666666668 0.0390625
1 0.4088541666666667 0.4609375 0.026041666666666668 0.03125
1 0.4583333333333333 0.4713541666666667 0.03125 0.026041666666666668
1 0.4322916666666667 0.421875 0.026041666666666668 0.041666666666666664
1 0.5234375 0.4088541666666667 0.033854166666666664 0.03125
1 0.4765625 0.6822916666666666 0.020833333333333332 0.0546875
1 0.5416666666666666 0.51953125 0.026041666666666668 0.059895833333333336
1 0.515625 0.6692708333333334 0.033854166666666664 0.044270833333333336
1 0.4947916666666667 0.41015625 0.020833333333333332 0.033854166666666664
1 0.4283854166666667 0.41015625 0.026041666666666668 0.026041666666666668