1 0.4010416666666667 0.4114583333333333 0.07291666666666667 0.0703125
1 0.7604166666666666 0.48828125 0.09375 0.09375
1 0.4739583333333333 0.4752604166666667 0.1015625 0.08854166666666667
1 0.4153645833333333 0.3385416666666667 0.1015625 0.07291666666666667
1 0.4908854166666667 0.20182291666666666 0.1171875 0.0859375
1 0.75 0.52734375 0.07552083333333333 0.08072916666666667
1 0.5611979166666666 0.3893229166666667 0.08854166666666667 0.07291666666666667
1 0.5377604166666666 0.75 0.09375 0.07291666666666667
1 0.68359375 0.53515625 0.11197916666666667 0.09895833333333333
1 0.6770833333333334 0.2747395833333333 0.09635416666666667 0.0859375
1 0.61328125 0.5520833333333334 0.09375 0.08072916666666667
1 0.3854166666666667 0.6484375 0.08854166666666667 0.08072916666666667
1 0.5481770833333334 0.3450520833333333 0.10677083333333333 0.0859375
1 0.625 0.3684895833333333 0.09895833333333333 0.07552083333333333
1 0.43359375 0.78515625 0.08333333333333333 0.078125
1 0.3255208333333333 0.40234375 0.08072916666666667 0.07552083333333333
1 0.34375 0.5598958333333334 0.08333333333333333 0.07552083333333333