1 0.6484375 0.048177083333333336 0.03125 0.07291666666666667
1 0.7369791666666666 0.3268229166666667 0.041666666666666664 0.08072916666666667
1 0.7278645833333334 0.43359375 0.0390625 0.08854166666666667
1 0.6015625 0.3958333333333333 0.052083333333333336 0.0546875
1 0.46875 0.7239583333333334 0.033854166666666664 0.07291666666666667
1 0.1875 0.55078125 0.052083333333333336 0.044270833333333336
1 0.6640625 0.484375 0.044270833333333336 0.049479166666666664
1 0.08854166666666667 0.5520833333333334 0.049479166666666664 0.036458333333333336
1 0.5013020833333334 0.7630208333333334 0.046875 0.052083333333333336
1 0.484375 0.2825520833333333 0.0390625 0.0625
1 0.3971354166666667 0.6471354166666666 0.036458333333333336 0.06770833333333333
1 0.6197916666666666 0.6119791666666666 0.028645833333333332 0.057291666666666664
1 0.2838541666666667 0.64453125 0.041666666666666664 0.052083333333333336
1 0.6979166666666666 0.27734375 0.046875 0.052083333333333336
1 0.6106770833333334 0.5260416666666666 0.0390625 0.0703125
1 0.3567708333333333 0.4283854166666667 0.0546875 0.052083333333333336
1 0.15625 0.78125 0.0546875 0.0625
1 0.609375 0.8307291666666666 0.049479166666666664 0.036458333333333336
1 0.7122395833333334 0.25 0.049479166666666664 0.036458333333333336
1 0.7669270833333334 0.3736979166666667 0.03125 0.07552083333333333
1 0.2864583333333333 0.3111979166666667 0.046875 0.044270833333333336
1 0.33984375 0.4661458333333333 0.0390625 0.049479166666666664
1 0.5638020833333334 0.7526041666666666 0.033854166666666664 0.08072916666666667
1 0.5911458333333334 0.2630208333333333 0.0546875 0.046875
1 0.2760416666666667 0.4505208333333333 0.057291666666666664 0.0625
1 0.13411458333333334 0.5963541666666666 0.044270833333333336 0.06510416666666667
1 0.17708333333333334 0.6731770833333334 0.036458333333333336 0.059895833333333336
1 0.5416666666666666 0.484375 0.041666666666666664 0.059895833333333336