1 0.2942708333333333 0.5651041666666666 0.049479166666666664 0.09635416666666667
1 0.3541666666666667 0.4791666666666667 0.08333333333333333 0.09375
1 0.2526041666666667 0.15494791666666666 0.08072916666666667 0.052083333333333336
1 0.2994791666666667 0.09244791666666667 0.07291666666666667 0.059895833333333336
1 0.47265625 0.53515625 0.09114583333333333 0.1171875
1 0.3125 0.17317708333333334 0.046875 0.08333333333333333
1 0.5065104166666666 0.5078125 0.0546875 0.07552083333333333
1 0.4375 0.3854166666666667 0.07552083333333333 0.09114583333333333
1 0.2747395833333333 0.26171875 0.08072916666666667 0.11458333333333333
1 0.22786458333333334 0.12630208333333334 0.078125 0.15364583333333334
1 0.33203125 0.17708333333333334 0.06770833333333333 0.11979166666666667
1 0.38671875 0.4440104166666667 0.0859375 0.059895833333333336
1 0.4375 0.83203125 0.09375 0.08854166666666667
1 0.33203125 0.032552083333333336 0.049479166666666664 0.06510416666666667
1 0.3033854166666667 0.23177083333333334 0.09635416666666667 0.12239583333333333