1 0.5598958333333334 0.484375 0.0234375 0.026041666666666668
1 0.5989583333333334 0.5442708333333334 0.020833333333333332 0.026041666666666668
1 0.6302083333333334 0.61328125 0.028645833333333332 0.0390625
1 0.5299479166666666 0.4674479166666667 0.028645833333333332 0.026041666666666668
1 0.6158854166666666 0.62109375 0.020833333333333332 0.018229166666666668
1 0.4583333333333333 0.5247395833333334 0.041666666666666664 0.028645833333333332
1 0.5026041666666666 0.49609375 0.028645833333333332 0.03125
1 0.6223958333333334 0.57421875 0.036458333333333336 0.028645833333333332
1 0.6015625 0.5859375 0.020833333333333332 0.028645833333333332
1 0.59765625 0.5299479166666666 0.0234375 0.020833333333333332
1 0.5559895833333334 0.4752604166666667 0.0234375 0.0234375
1 0.5481770833333334 0.44921875 0.020833333333333332 0.026041666666666668
1 0.59765625 0.55859375 0.018229166666666668 0.028645833333333332