1 0.19270833333333334 0.4674479166666667 0.11197916666666667 0.10677083333333333
1 0.22005208333333334 0.50390625 0.078125 0.07552083333333333
1 0.12630208333333334 0.23958333333333334 0.08854166666666667 0.08333333333333333
1 0.7604166666666666 0.20182291666666666 0.1015625 0.125
1 0.8033854166666666 0.13932291666666666 0.09375 0.13541666666666666
1 0.78515625 0.18229166666666666 0.078125 0.10416666666666667
1 0.8138020833333334 0.09895833333333333 0.07552083333333333 0.125
1 0.09765625 0.3815104166666667 0.09375 0.08333333333333333
1 0.4205729166666667 0.3997395833333333 0.09635416666666667 0.08072916666666667
1 0.91796875 0.24739583333333334 0.052083333333333336 0.08072916666666667
1 0.7942708333333334 0.3958333333333333 0.10416666666666667 0.08333333333333333
1 0.8619791666666666 0.21484375 0.0546875 0.0703125
1 0.7747395833333334 0.3294270833333333 0.109375 0.10416666666666667
1 0.1015625 0.5091145833333334 0.049479166666666664 0.07552083333333333
1 0.028645833333333332 0.5260416666666666 0.057291666666666664 0.09895833333333333
1 0.3307291666666667 0.6171875 0.09114583333333333 0.13020833333333334
1 0.11197916666666667 0.30859375 0.09375 0.11458333333333333
1 0.4453125 0.5638020833333334 0.09375 0.11197916666666667
1 0.8528645833333334 0.3411458333333333 0.09635416666666667 0.09114583333333333
1 0.16666666666666666 0.3020833333333333 0.08072916666666667 0.09375
1 0.06770833333333333 0.3385416666666667 0.046875 0.052083333333333336
1 0.3020833333333333 0.6809895833333334 0.06510416666666667 0.09635416666666667
1 0.014322916666666666 0.27734375 0.028645833333333332 0.09635416666666667
1 0.23177083333333334 0.13020833333333334 0.109375 0.12760416666666666
1 0.1328125 0.2109375 0.0859375 0.09375
1 0.6848958333333334 0.13932291666666666 0.0703125 0.11458333333333333
1 0.032552083333333336 0.43359375 0.06510416666666667 0.1328125
1 0.4427083333333333 0.015625 0.046875 0.03125
1 0.9309895833333334 0.51953125 0.09635416666666667 0.0859375
1 0.8489583333333334 0.2838541666666667 0.08854166666666667 0.09114583333333333
1 0.13411458333333334 0.4348958333333333 0.10416666666666667 0.1171875
1 0.9088541666666666 0.4544270833333333 0.09895833333333333 0.078125
1 0.171875 0.390625 0.08854166666666667 0.11979166666666667
1 0.95703125 0.3828125 0.08072916666666667 0.1015625
1 0.8059895833333334 0.7135416666666666 0.12239583333333333 0.11458333333333333
1 0.5911458333333334 0.05078125 0.08333333333333333 0.1015625
1 0.7721354166666666 0.5924479166666666 0.08854166666666667 0.0703125
1 0.8932291666666666 0.2721354166666667 0.0546875 0.06510416666666667
1 0.8567708333333334 0.4231770833333333 0.09895833333333333 0.08854166666666667
1 0.11067708333333333 0.4791666666666667 0.057291666666666664 0.09375
1 0.95703125 0.81640625 0.08072916666666667 0.078125
1 0.3203125 0.5104166666666666 0.09375 0.08072916666666667
1 0.98046875 0.5638020833333334 0.0390625 0.07552083333333333
1 0.62890625 0.6627604166666666 0.08854166666666667 0.125
1 0.9856770833333334 0.4596354166666667 0.028645833333333332 0.10677083333333333
1 0.040364583333333336 0.22265625 0.07291666666666667 0.11458333333333333
1 0.9700520833333334 0.4713541666666667 0.059895833333333336 0.09895833333333333
1 0.02734375 0.3489583333333333 0.0546875 0.07291666666666667
1 0.2942708333333333 0.76171875 0.10677083333333333 0.08854166666666667
1 0.8268229166666666 0.2643229166666667 0.08854166666666667 0.09635416666666667
1 0.01171875 0.4309895833333333 0.0234375 0.12760416666666666
1 0.18880208333333334 0.15625 0.08854166666666667 0.0703125
1 0.7916666666666666 0.6796875 0.0703125 0.08854166666666667