1 0.4114583333333333 0.23958333333333334 0.044270833333333336 0.046875
1 0.3854166666666667 0.3424479166666667 0.0625 0.08072916666666667
1 0.5247395833333334 0.66015625 0.046875 0.0625
1 0.453125 0.5885416666666666 0.059895833333333336 0.06510416666666667
1 0.4583333333333333 0.6158854166666666 0.052083333333333336 0.057291666666666664
1 0.47265625 0.40234375 0.059895833333333336 0.057291666666666664
1 0.51953125 0.5 0.0625 0.07552083333333333
1 0.4296875 0.3723958333333333 0.0703125 0.06510416666666667
1 0.4856770833333333 0.5104166666666666 0.041666666666666664 0.0546875
1 0.3984375 0.19401041666666666 0.0546875 0.052083333333333336
1 0.48828125 0.64453125 0.052083333333333336 0.0546875
1 0.3997395833333333 0.390625 0.052083333333333336 0.046875
1 0.4479166666666667 0.5455729166666666 0.0546875 0.06510416666666667
1 0.48046875 0.5924479166666666 0.052083333333333336 0.052083333333333336
1 0.4596354166666667 0.63671875 0.052083333333333336 0.06510416666666667
1 0.4713541666666667 0.6744791666666666 0.0546875 0.0546875
1 0.4309895833333333 0.5442708333333334 0.049479166666666664 0.059895833333333336
1 0.5182291666666666 0.3580729166666667 0.059895833333333336 0.059895833333333336
1 0.42578125 0.7057291666666666 0.049479166666666664 0.052083333333333336
1 0.421875 0.5065104166666666 0.049479166666666664 0.0390625