1 0.6614583333333334 0.6354166666666666 0.020833333333333332 0.0390625
1 0.6158854166666666 0.6809895833333334 0.018229166666666668 0.036458333333333336
1 0.5598958333333334 0.4296875 0.026041666666666668 0.026041666666666668
1 0.4713541666666667 0.4296875 0.026041666666666668 0.049479166666666664
1 0.54296875 0.609375 0.020833333333333332 0.026041666666666668
1 0.5104166666666666 0.4505208333333333 0.03125 0.052083333333333336
1 0.484375 0.4127604166666667 0.041666666666666664 0.033854166666666664
1 0.37890625 0.4127604166666667 0.018229166666666668 0.020833333333333332
1 0.4934895833333333 0.4401041666666667 0.020833333333333332 0.046875
1 0.6236979166666666 0.5455729166666666 0.036458333333333336 0.046875
1 0.5234375 0.3971354166666667 0.0234375 0.0390625
1 0.48046875 0.4322916666666667 0.015625 0.036458333333333336
1 0.5651041666666666 0.625 0.033854166666666664 0.052083333333333336
1 0.5872395833333334 0.6119791666666666 0.0234375 0.049479166666666664
1 0.4427083333333333 0.390625 0.0234375 0.020833333333333332