1 0.5390625 0.46484375 0.010416666666666666 0.036458333333333336
1 0.4401041666666667 0.51953125 0.015625 0.03125
1 0.5130208333333334 0.42578125 0.013020833333333334 0.036458333333333336
1 0.453125 0.58203125 0.033854166666666664 0.026041666666666668
1 0.5286458333333334 0.4466145833333333 0.020833333333333332 0.041666666666666664
1 0.5052083333333334 0.4791666666666667 0.020833333333333332 0.026041666666666668
1 0.5013020833333334 0.4934895833333333 0.026041666666666668 0.0234375
1 0.4166666666666667 0.52734375 0.033854166666666664 0.026041666666666668
1 0.4817708333333333 0.5768229166666666 0.026041666666666668 0.0234375
1 0.5052083333333334 0.44140625 0.015625 0.0234375
1 0.4921875 0.6354166666666666 0.033854166666666664 0.020833333333333332
1 0.5911458333333334 0.4505208333333333 0.018229166666666668 0.0390625
1 0.5247395833333334 0.6380208333333334 0.0234375 0.033854166666666664
1 0.5182291666666666 0.4375 0.015625 0.0390625
1 0.5325520833333334 0.4752604166666667 0.028645833333333332 0.018229166666666668
1 0.546875 0.4361979166666667 0.018229166666666668 0.018229166666666668
1 0.4544270833333333 0.5234375 0.013020833333333334 0.0234375
1 0.44921875 0.5546875 0.0234375 0.028645833333333332
1 0.5026041666666666 0.5677083333333334 0.018229166666666668 0.033854166666666664
1 0.41015625 0.5 0.015625 0.033854166666666664
1 0.4322916666666667 0.58203125 0.015625 0.036458333333333336
1 0.45703125 0.453125 0.03125 0.028645833333333332
1 0.4817708333333333 0.4739583333333333 0.010416666666666666 0.020833333333333332
1 0.4869791666666667 0.4270833333333333 0.013020833333333334 0.026041666666666668
1 0.42578125 0.4869791666666667 0.020833333333333332 0.041666666666666664
1 0.5286458333333334 0.5026041666666666 0.0234375 0.0234375
1 0.5026041666666666 0.6119791666666666 0.026041666666666668 0.013020833333333334
1 0.4622395833333333 0.46484375 0.026041666666666668 0.028645833333333332
1 0.38671875 0.5026041666666666 0.028645833333333332 0.018229166666666668
1 0.4856770833333333 0.5 0.018229166666666668 0.0390625
1 0.5377604166666666 0.4205729166666667 0.03125 0.0234375
1 0.4973958333333333 0.51953125 0.026041666666666668 0.041666666666666664
1 0.4375 0.4934895833333333 0.020833333333333332 0.028645833333333332
1 0.5013020833333334 0.4661458333333333 0.028645833333333332 0.036458333333333336
1 0.4778645833333333 0.45703125 0.010416666666666666 0.026041666666666668
1 0.5885416666666666 0.5924479166666666 0.015625 0.041666666666666664
1 0.3541666666666667 0.4908854166666667 0.028645833333333332 0.028645833333333332
1 0.47265625 0.3893229166666667 0.015625 0.0390625
1 0.5026041666666666 0.55078125 0.0234375 0.03125
1 0.4830729166666667 0.5234375 0.015625 0.033854166666666664
1 0.49609375 0.3932291666666667 0.033854166666666664 0.020833333333333332
1 0.4778645833333333 0.59375 0.026041666666666668 0.028645833333333332
1 0.4713541666666667 0.4869791666666667 0.018229166666666668 0.041666666666666664
1 0.5794270833333334 0.6536458333333334 0.033854166666666664 0.020833333333333332
1 0.3958333333333333 0.6041666666666666 0.03125 0.028645833333333332
1 0.5260416666666666 0.4921875 0.0234375 0.015625
1 0.51171875 0.5442708333333334 0.020833333333333332 0.018229166666666668
1 0.5182291666666666 0.58984375 0.0234375 0.03125
1 0.578125 0.6184895833333334 0.015625 0.036458333333333336
1 0.4427083333333333 0.4830729166666667 0.013020833333333334 0.0234375
1 0.4791666666666667 0.5 0.015625 0.03125
1 0.4830729166666667 0.5520833333333334 0.028645833333333332 0.0234375
1 0.45703125 0.49609375 0.015625 0.033854166666666664
1 0.5286458333333334 0.515625 0.026041666666666668 0.033854166666666664
1 0.5690104166666666 0.6015625 0.013020833333333334 0.0390625
1 0.55078125 0.4518229166666667 0.015625 0.033854166666666664
1 0.46875 0.5338541666666666 0.013020833333333334 0.03125
1 0.55859375 0.5859375 0.018229166666666668 0.041666666666666664
1 0.578125 0.453125 0.018229166666666668 0.046875
1 0.48046875 0.3684895833333333 0.020833333333333332 0.036458333333333336
1 0.5221354166666666 0.5677083333333334 0.015625 0.041666666666666664
1 0.5416666666666666 0.5885416666666666 0.010416666666666666 0.033854166666666664
1 0.5403645833333334 0.6145833333333334 0.013020833333333334 0.0390625
1 0.55859375 0.46875 0.028645833333333332 0.0234375
1 0.4765625 0.6080729166666666 0.0234375 0.03125
1 0.44921875 0.53125 0.013020833333333334 0.015625
1 0.46875 0.5625 0.015625 0.013020833333333334
1 0.4270833333333333 0.51953125 0.0234375 0.020833333333333332
1 0.6106770833333334 0.6263020833333334 0.026041666666666668 0.036458333333333336
1 0.4231770833333333 0.5638020833333334 0.028645833333333332 0.018229166666666668
1 0.5533854166666666 0.5143229166666666 0.020833333333333332 0.033854166666666664
1 0.5481770833333334 0.3606770833333333 0.0234375 0.036458333333333336
1 0.5221354166666666 0.6158854166666666 0.0234375 0.036458333333333336
1 0.4192708333333333 0.5481770833333334 0.0390625 0.0234375
1 0.5013020833333334 0.6028645833333334 0.018229166666666668 0.028645833333333332
1 0.4622395833333333 0.5299479166666666 0.013020833333333334 0.0390625
1 0.4544270833333333 0.6080729166666666 0.028645833333333332 0.036458333333333336
1 0.4921875 0.44140625 0.015625 0.036458333333333336
1 0.47265625 0.4166666666666667 0.0234375 0.036458333333333336
1 0.53125 0.5989583333333334 0.015625 0.0390625
1 0.546875 0.625 0.018229166666666668 0.041666666666666664
1 0.5091145833333334 0.5234375 0.013020833333333334 0.028645833333333332
1 0.4986979166666667 0.62109375 0.0234375 0.015625
1 0.4205729166666667 0.59375 0.020833333333333332 0.036458333333333336
1 0.5625 0.6302083333333334 0.026041666666666668 0.03125
1 0.46484375 0.4361979166666667 0.033854166666666664 0.028645833333333332