1 0.5078125 0.4752604166666667 0.078125 0.059895833333333336
1 0.4466145833333333 0.5911458333333334 0.07291666666666667 0.052083333333333336
1 0.3671875 0.8658854166666666 0.09635416666666667 0.06770833333333333
1 0.5182291666666666 0.3736979166666667 0.08072916666666667 0.0625
1 0.4947916666666667 0.5520833333333334 0.0625 0.059895833333333336
1 0.2786458333333333 0.28515625 0.08333333333333333 0.07552083333333333
1 0.5794270833333334 0.4908854166666667 0.08072916666666667 0.08072916666666667
1 0.5546875 0.6419270833333334 0.0703125 0.06770833333333333
1 0.4075520833333333 0.7174479166666666 0.0703125 0.0625
1 0.34375 0.4309895833333333 0.07291666666666667 0.07291666666666667
1 0.38671875 0.5013020833333334 0.08333333333333333 0.06510416666666667
1 0.328125 0.6080729166666666 0.07291666666666667 0.057291666666666664
1 0.4895833333333333 0.24739583333333334 0.09114583333333333 0.08333333333333333
1 0.57421875 0.3802083333333333 0.09114583333333333 0.0625
1 0.5638020833333334 0.4440104166666667 0.0625 0.06770833333333333