1 0.5794270833333334 0.3932291666666667 0.06770833333333333 0.0625
1 0.2421875 0.5377604166666666 0.08333333333333333 0.08333333333333333
1 0.5208333333333334 0.4700520833333333 0.09375 0.07552083333333333
1 0.5520833333333334 0.3255208333333333 0.09635416666666667 0.059895833333333336
1 0.453125 0.20572916666666666 0.11458333333333333 0.0703125
1 0.2591145833333333 0.57421875 0.06510416666666667 0.07552083333333333
1 0.4192708333333333 0.40234375 0.08333333333333333 0.0625
1 0.5104166666666666 0.7526041666666666 0.09114583333333333 0.059895833333333336
1 0.3268229166666667 0.5703125 0.10416666666666667 0.0859375
1 0.2825520833333333 0.3125 0.09114583333333333 0.07552083333333333
1 0.3984375 0.5729166666666666 0.0859375 0.0703125
1 0.640625 0.6236979166666666 0.08072916666666667 0.0703125
1 0.4231770833333333 0.3567708333333333 0.1015625 0.07291666666666667
1 0.3515625 0.39453125 0.09635416666666667 0.059895833333333336
1 0.6197916666666666 0.7669270833333334 0.078125 0.0703125
1 0.65234375 0.37109375 0.07552083333333333 0.06510416666666667
1 0.6653645833333334 0.5286458333333334 0.07552083333333333 0.06510416666666667