1 0.59765625 0.4973958333333333 0.033854166666666664 0.028645833333333332
1 0.4440104166666667 0.5677083333333334 0.03125 0.020833333333333332
1 0.38671875 0.6119791666666666 0.026041666666666668 0.0390625
1 0.22786458333333334 0.3671875 0.018229166666666668 0.036458333333333336
1 0.3997395833333333 0.6276041666666666 0.026041666666666668 0.020833333333333332
1 0.2942708333333333 0.4075520833333333 0.028645833333333332 0.018229166666666668
1 0.4388020833333333 0.6614583333333334 0.03125 0.018229166666666668
1 0.30078125 0.3203125 0.03125 0.03125
1 0.3697916666666667 0.2864583333333333 0.020833333333333332 0.0390625
1 0.4791666666666667 0.4986979166666667 0.018229166666666668 0.033854166666666664
1 0.32421875 0.3697916666666667 0.026041666666666668 0.03125
1 0.5481770833333334 0.5872395833333334 0.033854166666666664 0.028645833333333332
1 0.44140625 0.5533854166666666 0.020833333333333332 0.020833333333333332
1 0.2578125 0.375 0.0234375 0.020833333333333332
1 0.3333333333333333 0.48046875 0.020833333333333332 0.028645833333333332
1 0.25390625 0.4244791666666667 0.033854166666666664 0.026041666666666668
1 0.24869791666666666 0.40234375 0.028645833333333332 0.018229166666666668
1 0.2877604166666667 0.3528645833333333 0.018229166666666668 0.036458333333333336
1 0.22786458333333334 0.5169270833333334 0.028645833333333332 0.03125
1 0.24348958333333334 0.4140625 0.028645833333333332 0.020833333333333332
1 0.26953125 0.3580729166666667 0.03125 0.028645833333333332
1 0.2786458333333333 0.3450520833333333 0.026041666666666668 0.03125
1 0.37109375 0.3203125 0.026041666666666668 0.041666666666666664
1 0.2877604166666667 0.6276041666666666 0.03125 0.026041666666666668
1 0.234375 0.3385416666666667 0.028645833333333332 0.018229166666666668
1 0.22526041666666666 0.3489583333333333 0.028645833333333332 0.020833333333333332
1 0.3919270833333333 0.4765625 0.020833333333333332 0.041666666666666664
1 0.2734375 0.6223958333333334 0.033854166666666664 0.0234375
1 0.4609375 0.625 0.015625 0.03125
1 0.3606770833333333 0.30078125 0.026041666666666668 0.0390625
1 0.30859375 0.3450520833333333 0.020833333333333332 0.036458333333333336
1 0.22265625 0.6119791666666666 0.026041666666666668 0.044270833333333336
1 0.17057291666666666 0.4479166666666667 0.033854166666666664 0.028645833333333332
1 0.3502604166666667 0.6015625 0.036458333333333336 0.0234375
1 0.375 0.5729166666666666 0.0234375 0.033854166666666664
1 0.5520833333333334 0.5690104166666666 0.026041666666666668 0.018229166666666668
1 0.30078125 0.4622395833333333 0.03125 0.026041666666666668
1 0.3463541666666667 0.30078125 0.018229166666666668 0.0390625
1 0.1640625 0.4388020833333333 0.03125 0.026041666666666668
1 0.4166666666666667 0.4908854166666667 0.028645833333333332 0.033854166666666664
1 0.4557291666666667 0.6731770833333334 0.03125 0.0234375
1 0.4322916666666667 0.5104166666666666 0.0390625 0.03125
1 0.3307291666666667 0.3489583333333333 0.020833333333333332 0.033854166666666664
1 0.17317708333333334 0.3932291666666667 0.0234375 0.036458333333333336
1 0.4518229166666667 0.5442708333333334 0.015625 0.020833333333333332
1 0.4205729166666667 0.6236979166666666 0.033854166666666664 0.026041666666666668
1 0.2578125 0.6002604166666666 0.028645833333333332 0.0234375
1 0.4635416666666667 0.51171875 0.028645833333333332 0.0390625
1 0.18229166666666666 0.4557291666666667 0.026041666666666668 0.0234375
1 0.3880208333333333 0.58203125 0.0234375 0.0234375
1 0.23307291666666666 0.5338541666666666 0.0234375 0.0234375
1 0.20442708333333334 0.4010416666666667 0.028645833333333332 0.0390625
1 0.296875 0.5065104166666666 0.015625 0.03125
1 0.2786458333333333 0.4010416666666667 0.0234375 0.033854166666666664
1 0.2877604166666667 0.5091145833333334 0.018229166666666668 0.033854166666666664
1 0.48046875 0.5377604166666666 0.018229166666666668 0.028645833333333332
1 0.3984375 0.5872395833333334 0.020833333333333332 0.041666666666666664
1 0.20963541666666666 0.61328125 0.0234375 0.026041666666666668
1 0.4166666666666667 0.640625 0.028645833333333332 0.026041666666666668
1 0.3359375 0.4947916666666667 0.026041666666666668 0.028645833333333332
1 0.3723958333333333 0.6106770833333334 0.026041666666666668 0.033854166666666664
1 0.12760416666666666 0.4309895833333333 0.03125 0.026041666666666668
1 0.22786458333333334 0.4036458333333333 0.020833333333333332 0.018229166666666668
1 0.3997395833333333 0.6458333333333334 0.03125 0.03125
1 0.12109375 0.3671875 0.028645833333333332 0.03125
1 0.296875 0.5234375 0.026041666666666668 0.033854166666666664
1 0.27734375 0.55078125 0.015625 0.03125
1 0.2877604166666667 0.4401041666666667 0.028645833333333332 0.026041666666666668
1 0.36328125 0.5768229166666666 0.028645833333333332 0.026041666666666668
1 0.2942708333333333 0.5989583333333334 0.010416666666666666 0.018229166666666668
1 0.19010416666666666 0.4661458333333333 0.028645833333333332 0.028645833333333332
1 0.24348958333333334 0.3880208333333333 0.026041666666666668 0.020833333333333332
1 0.26171875 0.51171875 0.033854166666666664 0.026041666666666668
1 0.4583333333333333 0.5546875 0.03125 0.026041666666666668
1 0.4231770833333333 0.52734375 0.026041666666666668 0.03125
1 0.21354166666666666 0.3567708333333333 0.0234375 0.026041666666666668
1 0.4661458333333333 0.6380208333333334 0.028645833333333332 0.041666666666666664
1 0.22135416666666666 0.4140625 0.026041666666666668 0.018229166666666668
1 0.2109375 0.4505208333333333 0.03125 0.018229166666666668