1 0.58984375 0.5403645833333334 0.03125 0.028645833333333332
1 0.4752604166666667 0.4166666666666667 0.03125 0.018229166666666668
1 0.4401041666666667 0.3528645833333333 0.0234375 0.0390625
1 0.19661458333333334 0.515625 0.018229166666666668 0.036458333333333336
1 0.45703125 0.34375 0.026041666666666668 0.020833333333333332
1 0.2747395833333333 0.5052083333333334 0.028645833333333332 0.018229166666666668
1 0.5065104166666666 0.328125 0.03125 0.015625
1 0.24609375 0.5872395833333334 0.028645833333333332 0.028645833333333332
1 0.296875 0.6458333333333334 0.018229166666666668 0.0390625
1 0.48046875 0.4921875 0.015625 0.033854166666666664
1 0.2877604166666667 0.55078125 0.0234375 0.03125
1 0.578125 0.4388020833333333 0.033854166666666664 0.026041666666666668
1 0.4661458333333333 0.4283854166666667 0.020833333333333332 0.020833333333333332
1 0.22786458333333334 0.5208333333333334 0.0234375 0.020833333333333332
1 0.3385416666666667 0.453125 0.020833333333333332 0.026041666666666668
1 0.24479166666666666 0.4739583333333333 0.033854166666666664 0.0234375
1 0.23046875 0.4921875 0.028645833333333332 0.018229166666666668
1 0.24739583333333334 0.5520833333333334 0.015625 0.036458333333333336
1 0.2552083333333333 0.3776041666666667 0.028645833333333332 0.03125
1 0.23046875 0.4791666666666667 0.028645833333333332 0.018229166666666668
1 0.23307291666666666 0.5403645833333334 0.03125 0.028645833333333332
1 0.23567708333333334 0.5559895833333334 0.026041666666666668 0.03125
1 0.3111979166666667 0.6145833333333334 0.0234375 0.041666666666666664
1 0.3541666666666667 0.2994791666666667 0.03125 0.0234375
1 0.19140625 0.5442708333333334 0.028645833333333332 0.018229166666666668
1 0.1875 0.53125 0.026041666666666668 0.020833333333333332
1 0.390625 0.4791666666666667 0.020833333333333332 0.041666666666666664
1 0.33984375 0.2981770833333333 0.033854166666666664 0.020833333333333332
1 0.51171875 0.3697916666666667 0.015625 0.03125
1 0.29296875 0.62890625 0.0234375 0.0390625
1 0.2630208333333333 0.5677083333333334 0.020833333333333332 0.036458333333333336
1 0.2890625 0.2877604166666667 0.0234375 0.044270833333333336
1 0.17578125 0.4192708333333333 0.03125 0.028645833333333332
1 0.40234375 0.34765625 0.033854166666666664 0.020833333333333332
1 0.4127604166666667 0.3841145833333333 0.020833333333333332 0.033854166666666664
1 0.5755208333333334 0.45703125 0.026041666666666668 0.018229166666666668
1 0.30078125 0.45703125 0.028645833333333332 0.026041666666666668
1 0.28125 0.6236979166666666 0.015625 0.036458333333333336
1 0.16666666666666666 0.42578125 0.03125 0.0234375
1 0.4192708333333333 0.4752604166666667 0.028645833333333332 0.033854166666666664
1 0.52734375 0.32421875 0.028645833333333332 0.020833333333333332
1 0.44140625 0.4635416666666667 0.0390625 0.028645833333333332
1 0.28515625 0.5729166666666666 0.020833333333333332 0.033854166666666664
1 0.15755208333333334 0.4700520833333333 0.0234375 0.036458333333333336
1 0.4739583333333333 0.44140625 0.015625 0.020833333333333332
1 0.4752604166666667 0.35546875 0.033854166666666664 0.0234375
1 0.31640625 0.3125 0.028645833333333332 0.020833333333333332
1 0.4713541666666667 0.4752604166666667 0.026041666666666668 0.0390625
1 0.19140625 0.4166666666666667 0.026041666666666668 0.020833333333333332
1 0.4283854166666667 0.3802083333333333 0.020833333333333332 0.0234375
1 0.2669270833333333 0.3645833333333333 0.0234375 0.0234375
1 0.19010416666666666 0.4752604166666667 0.026041666666666668 0.0390625
1 0.3151041666666667 0.4140625 0.015625 0.03125
1 0.2578125 0.5052083333333334 0.020833333333333332 0.033854166666666664
1 0.30859375 0.4088541666666667 0.018229166666666668 0.033854166666666664
1 0.4973958333333333 0.45703125 0.018229166666666668 0.028645833333333332
1 0.4401041666666667 0.3802083333333333 0.018229166666666668 0.041666666666666664
1 0.2760416666666667 0.2825520833333333 0.0234375 0.026041666666666668
1 0.4778645833333333 0.3372395833333333 0.028645833333333332 0.026041666666666668
1 0.3463541666666667 0.4401041666666667 0.026041666666666668 0.026041666666666668
1 0.42578125 0.34765625 0.0234375 0.033854166666666664
1 0.13020833333333334 0.41796875 0.03125 0.0234375
1 0.21223958333333334 0.4817708333333333 0.020833333333333332 0.018229166666666668
1 0.46484375 0.3255208333333333 0.03125 0.03125
1 0.10026041666666667 0.4739583333333333 0.026041666666666668 0.028645833333333332
1 0.3216145833333333 0.3984375 0.0234375 0.033854166666666664
1 0.3151041666666667 0.3671875 0.015625 0.03125
1 0.28125 0.47265625 0.026041666666666668 0.026041666666666668
1 0.4036458333333333 0.3763020833333333 0.028645833333333332 0.026041666666666668
1 0.3489583333333333 0.328125 0.010416666666666666 0.018229166666666668
1 0.20052083333333334 0.41015625 0.028645833333333332 0.028645833333333332
1 0.22005208333333334 0.50390625 0.026041666666666668 0.018229166666666668
1 0.28515625 0.3958333333333333 0.033854166666666664 0.0234375
1 0.4830729166666667 0.43359375 0.03125 0.0234375
1 0.4401041666666667 0.4440104166666667 0.026041666666666668 0.028645833333333332
1 0.18098958333333334 0.5208333333333334 0.0234375 0.026041666666666668
1 0.5221354166666666 0.359375 0.026041666666666668 0.041666666666666664
1 0.2109375 0.4700520833333333 0.026041666666666668 0.015625
1 0.21484375 0.4322916666666667 0.03125 0.015625