1 0.22916666666666666 0.4114583333333333 0.044270833333333336 0.057291666666666664
1 0.54296875 0.671875 0.059895833333333336 0.046875
1 0.25390625 0.4544270833333333 0.046875 0.0703125
1 0.2721354166666667 0.3502604166666667 0.026041666666666668 0.057291666666666664
1 0.5768229166666666 0.5651041666666666 0.057291666666666664 0.041666666666666664
1 0.3567708333333333 0.2916666666666667 0.0546875 0.057291666666666664
1 0.3919270833333333 0.5325520833333334 0.0625 0.057291666666666664
1 0.4401041666666667 0.4934895833333333 0.03125 0.052083333333333336
1 0.3411458333333333 0.3919270833333333 0.044270833333333336 0.07552083333333333
1 0.4166666666666667 0.2942708333333333 0.046875 0.06770833333333333
1 0.46484375 0.15234375 0.049479166666666664 0.0859375
1 0.3932291666666667 0.4752604166666667 0.0390625 0.049479166666666664
1 0.19270833333333334 0.4713541666666667 0.057291666666666664 0.041666666666666664
1 0.2877604166666667 0.40234375 0.052083333333333336 0.046875
1 0.515625 0.23046875 0.036458333333333336 0.059895833333333336