1 0.51171875 0.5247395833333334 0.06510416666666667 0.07291666666666667
1 0.32421875 0.5143229166666666 0.07291666666666667 0.06510416666666667
1 0.4609375 0.4973958333333333 0.0546875 0.0546875
1 0.5403645833333334 0.60546875 0.06510416666666667 0.049479166666666664
1 0.6627604166666666 0.6627604166666666 0.08072916666666667 0.08854166666666667
1 0.62890625 0.53125 0.078125 0.0703125
1 0.5638020833333334 0.4947916666666667 0.0625 0.057291666666666664
1 0.4947916666666667 0.4557291666666667 0.07552083333333333 0.06770833333333333
1 0.6354166666666666 0.25390625 0.0859375 0.07291666666666667
1 0.6848958333333334 0.52734375 0.059895833333333336 0.13020833333333334
1 0.171875 0.46484375 0.057291666666666664 0.049479166666666664
1 0.7526041666666666 0.4270833333333333 0.09635416666666667 0.09895833333333333
1 0.6302083333333334 0.6145833333333334 0.046875 0.03125
1 0.6888020833333334 0.078125 0.0625 0.09895833333333333
1 0.13932291666666666 0.4518229166666667 0.059895833333333336 0.06770833333333333
1 0.6627604166666666 0.6080729166666666 0.07291666666666667 0.046875
1 0.5338541666666666 0.5130208333333334 0.0703125 0.09114583333333333
1 0.24479166666666666 0.4817708333333333 0.0703125 0.0546875
1 0.6419270833333334 0.5520833333333334 0.059895833333333336 0.0546875
1 0.5364583333333334 0.9635416666666666 0.08333333333333333 0.07291666666666667
1 0.54296875 0.72265625 0.109375 0.08854166666666667
1 0.6067708333333334 0.5638020833333334 0.08072916666666667 0.0546875
1 0.69921875 0.5924479166666666 0.06770833333333333 0.08072916666666667
1 0.45703125 0.55859375 0.0625 0.059895833333333336
1 0.5755208333333334 0.4778645833333333 0.06510416666666667 0.0546875
1 0.2760416666666667 0.4856770833333333 0.0625 0.0546875
1 0.3697916666666667 0.5416666666666666 0.06770833333333333 0.08333333333333333