1 0.5611979166666666 0.47265625 0.036458333333333336 0.03125
1 0.5234375 0.2864583333333333 0.0390625 0.049479166666666664
1 0.3919270833333333 0.5286458333333334 0.0390625 0.0234375
1 0.23828125 0.5807291666666666 0.041666666666666664 0.049479166666666664
1 0.65625 0.6666666666666666 0.028645833333333332 0.046875
1 0.40234375 0.5481770833333334 0.036458333333333336 0.036458333333333336
1 0.3919270833333333 0.5143229166666666 0.036458333333333336 0.028645833333333332
1 0.44140625 0.5221354166666666 0.036458333333333336 0.041666666666666664
1 0.5260416666666666 0.5716145833333334 0.044270833333333336 0.028645833333333332
1 0.5403645833333334 0.4622395833333333 0.028645833333333332 0.046875
1 0.625 0.70703125 0.03125 0.046875
1 0.3111979166666667 0.5611979166666666 0.041666666666666664 0.041666666666666664
1 0.5716145833333334 0.37890625 0.03125 0.041666666666666664
1 0.52734375 0.7708333333333334 0.0390625 0.028645833333333332
1 0.5208333333333334 0.5533854166666666 0.041666666666666664 0.033854166666666664
1 0.37109375 0.5299479166666666 0.033854166666666664 0.0390625
1 0.59765625 0.5716145833333334 0.0390625 0.033854166666666664
1 0.2747395833333333 0.5234375 0.044270833333333336 0.041666666666666664
1 0.4830729166666667 0.6471354166666666 0.036458333333333336 0.041666666666666664
1 0.3880208333333333 0.4505208333333333 0.041666666666666664 0.036458333333333336
1 0.4166666666666667 0.5260416666666666 0.026041666666666668 0.033854166666666664
1 0.21875 0.5755208333333334 0.028645833333333332 0.044270833333333336
1 0.5247395833333334 0.48828125 0.0390625 0.03125
1 0.6614583333333334 0.5651041666666666 0.0390625 0.028645833333333332