1 0.6223958333333334 0.5364583333333334 0.018229166666666668 0.07552083333333333
1 0.9401041666666666 0.3541666666666667 0.0390625 0.06510416666666667
1 0.7252604166666666 0.4348958333333333 0.0390625 0.057291666666666664
1 0.9700520833333334 0.4114583333333333 0.0390625 0.0703125
1 0.7669270833333334 0.4010416666666667 0.028645833333333332 0.07291666666666667
1 0.7955729166666666 0.4114583333333333 0.0390625 0.0625
1 0.3307291666666667 0.5572916666666666 0.026041666666666668 0.06770833333333333
1 0.61328125 0.5130208333333334 0.018229166666666668 0.0703125
1 0.4609375 0.5911458333333334 0.041666666666666664 0.0390625
1 0.9205729166666666 0.390625 0.049479166666666664 0.036458333333333336
1 0.59765625 0.5013020833333334 0.026041666666666668 0.09114583333333333
1 0.4700520833333333 0.51171875 0.0234375 0.0703125