0 0.5325520833333334 0.23828125 0.17447916666666666 0.25
0 0.9479166666666666 0.3606770833333333 0.10416666666666667 0.2265625
0 0.6471354166666666 0.6302083333333334 0.17708333333333334 0.14583333333333334
0 0.4388020833333333 0.8893229166666666 0.12760416666666666 0.21875
0 0.7369791666666666 0.82421875 0.09114583333333333 0.2109375
0 0.3098958333333333 0.5442708333333334 0.16927083333333334 0.13020833333333334
0 0.7669270833333334 0.4153645833333333 0.18229166666666666 0.20572916666666666
0 0.3359375 0.7864583333333334 0.11197916666666667 0.23958333333333334
0 0.2513020833333333 0.17708333333333334 0.14322916666666666 0.2630208333333333
0 0.43359375 0.3645833333333333 0.16927083333333334 0.17708333333333334
0 0.4557291666666667 0.22395833333333334 0.1328125 0.25
0 0.7916666666666666 0.65625 0.08333333333333333 0.19791666666666666