1 0.7213541666666666 0.57421875 0.046875 0.03125
1 0.3138020833333333 0.4153645833333333 0.0234375 0.057291666666666664
1 0.22005208333333334 0.5260416666666666 0.028645833333333332 0.046875
1 0.6184895833333334 0.5690104166666666 0.018229166666666668 0.057291666666666664
1 0.4947916666666667 0.5013020833333334 0.020833333333333332 0.052083333333333336
1 0.4010416666666667 0.5768229166666666 0.044270833333333336 0.028645833333333332
1 0.3216145833333333 0.6341145833333334 0.0390625 0.049479166666666664
1 0.6223958333333334 0.74609375 0.041666666666666664 0.036458333333333336
1 0.5325520833333334 0.7265625 0.03125 0.052083333333333336
1 0.4830729166666667 0.3372395833333333 0.0234375 0.057291666666666664
1 0.6067708333333334 0.6705729166666666 0.0390625 0.052083333333333336
1 0.51171875 0.5169270833333334 0.0390625 0.06770833333333333
1 0.4544270833333333 0.30859375 0.018229166666666668 0.0546875