1 0.4505208333333333 0.3502604166666667 0.036458333333333336 0.028645833333333332
1 0.3385416666666667 0.625 0.0390625 0.0390625
1 0.5794270833333334 0.4088541666666667 0.028645833333333332 0.052083333333333336
1 0.3489583333333333 0.2604166666666667 0.018229166666666668 0.046875
1 0.4674479166666667 0.3307291666666667 0.033854166666666664 0.0234375
1 0.5442708333333334 0.3502604166666667 0.033854166666666664 0.041666666666666664
1 0.6354166666666666 0.4153645833333333 0.0390625 0.026041666666666668
1 0.5169270833333334 0.5872395833333334 0.046875 0.046875
1 0.47265625 0.4127604166666667 0.0390625 0.036458333333333336
1 0.3450520833333333 0.5611979166666666 0.036458333333333336 0.044270833333333336
1 0.3450520833333333 0.24479166666666666 0.0234375 0.0546875
1 0.453125 0.16276041666666666 0.036458333333333336 0.033854166666666664
1 0.5065104166666666 0.6223958333333334 0.033854166666666664 0.041666666666666664
1 0.3346354166666667 0.19140625 0.0390625 0.046875
1 0.4075520833333333 0.609375 0.028645833333333332 0.028645833333333332
1 0.515625 0.4765625 0.0234375 0.057291666666666664
1 0.62890625 0.4622395833333333 0.033854166666666664 0.041666666666666664
1 0.4192708333333333 0.3932291666666667 0.041666666666666664 0.046875
1 0.5364583333333334 0.4244791666666667 0.03125 0.018229166666666668
1 0.57421875 0.4947916666666667 0.052083333333333336 0.0390625
1 0.30078125 0.41015625 0.0234375 0.049479166666666664
1 0.53515625 0.390625 0.0390625 0.0390625
1 0.4674479166666667 0.62890625 0.026041666666666668 0.0546875
1 0.4479166666666667 0.6041666666666666 0.033854166666666664 0.0390625
1 0.3072916666666667 0.3723958333333333 0.028645833333333332 0.026041666666666668
1 0.5533854166666666 0.36328125 0.036458333333333336 0.03125
1 0.6028645833333334 0.4739583333333333 0.03125 0.033854166666666664
1 0.3841145833333333 0.46875 0.033854166666666664 0.0234375
1 0.4205729166666667 0.3658854166666667 0.033854166666666664 0.03125
1 0.44921875 0.3645833333333333 0.036458333333333336 0.044270833333333336
1 0.5546875 0.4791666666666667 0.033854166666666664 0.052083333333333336
1 0.6158854166666666 0.4309895833333333 0.041666666666666664 0.03125
1 0.5169270833333334 0.3658854166666667 0.03125 0.033854166666666664