1 0.515625 0.5260416666666666 0.06510416666666667 0.0546875
1 0.4544270833333333 0.4153645833333333 0.049479166666666664 0.0703125
1 0.4348958333333333 0.2708333333333333 0.059895833333333336 0.028645833333333332
1 0.5442708333333334 0.4622395833333333 0.052083333333333336 0.059895833333333336
1 0.7395833333333334 0.2708333333333333 0.033854166666666664 0.06510416666666667
1 0.4791666666666667 0.5130208333333334 0.057291666666666664 0.057291666666666664
1 0.6223958333333334 0.4127604166666667 0.041666666666666664 0.08072916666666667
1 0.5 0.20052083333333334 0.059895833333333336 0.049479166666666664
1 0.5078125 0.24869791666666666 0.044270833333333336 0.08072916666666667
1 0.4453125 0.5416666666666666 0.0546875 0.046875
1 0.5286458333333334 0.4205729166666667 0.0390625 0.0390625
1 0.5729166666666666 0.4375 0.046875 0.036458333333333336
1 0.51953125 0.4908854166666667 0.06510416666666667 0.046875