1 0.6236979166666666 0.18229166666666666 0.125 0.10416666666666667
1 0.4583333333333333 0.6783854166666666 0.12239583333333333 0.1015625
1 0.6393229166666666 0.23307291666666666 0.1171875 0.078125
1 0.5638020833333334 0.2526041666666667 0.10416666666666667 0.10677083333333333
1 0.4205729166666667 0.7825520833333334 0.10677083333333333 0.08854166666666667
1 0.5286458333333334 0.5247395833333334 0.09635416666666667 0.09635416666666667
1 0.6315104166666666 0.4427083333333333 0.125 0.109375
1 0.59765625 0.234375 0.11458333333333333 0.0859375
1 0.5442708333333334 0.6145833333333334 0.11979166666666667 0.10677083333333333
1 0.5169270833333334 0.4401041666666667 0.09895833333333333 0.0859375
1 0.6276041666666666 0.375 0.109375 0.11458333333333333
1 0.4427083333333333 0.33203125 0.109375 0.078125
1 0.6705729166666666 0.4934895833333333 0.140625 0.1015625
1 0.7005208333333334 0.41015625 0.09635416666666667 0.078125
1 0.484375 0.6106770833333334 0.125 0.09895833333333333