1 0.6927083333333334 0.5598958333333334 0.036458333333333336 0.041666666666666664
1 0.8072916666666666 0.33203125 0.018229166666666668 0.0625
1 0.3645833333333333 0.44140625 0.028645833333333332 0.046875
1 0.37890625 0.6015625 0.0234375 0.0546875
1 0.3606770833333333 0.6223958333333334 0.026041666666666668 0.049479166666666664
1 0.5325520833333334 0.5520833333333334 0.0390625 0.0234375
1 0.546875 0.5364583333333334 0.036458333333333336 0.018229166666666668
1 0.5416666666666666 0.5846354166666666 0.0390625 0.046875
1 0.3307291666666667 0.6458333333333334 0.03125 0.049479166666666664
1 0.3580729166666667 0.4791666666666667 0.044270833333333336 0.0234375
1 0.390625 0.5481770833333334 0.033854166666666664 0.041666666666666664
1 0.3580729166666667 0.5963541666666666 0.020833333333333332 0.0703125
1 0.5442708333333334 0.51171875 0.036458333333333336 0.033854166666666664
1 0.30859375 0.5104166666666666 0.015625 0.046875
1 0.4114583333333333 0.5416666666666666 0.018229166666666668 0.06770833333333333
1 0.65625 0.5572916666666666 0.0234375 0.059895833333333336
1 0.3567708333333333 0.64453125 0.03125 0.049479166666666664
1 0.3307291666666667 0.515625 0.03125 0.044270833333333336
1 0.3736979166666667 0.54296875 0.018229166666666668 0.06770833333333333
1 0.37890625 0.4661458333333333 0.052083333333333336 0.020833333333333332