1 0.4947916666666667 0.51953125 0.046875 0.06510416666666667
1 0.5013020833333334 0.57421875 0.057291666666666664 0.0625
1 0.40625 0.4153645833333333 0.06770833333333333 0.059895833333333336
1 0.6927083333333334 0.4622395833333333 0.06510416666666667 0.057291666666666664
1 0.328125 0.5169270833333334 0.0859375 0.0859375
1 0.6067708333333334 0.5442708333333334 0.057291666666666664 0.06770833333333333
1 0.37109375 0.8502604166666666 0.06770833333333333 0.06510416666666667
1 0.3177083333333333 0.7174479166666666 0.078125 0.078125
1 0.55078125 0.25 0.057291666666666664 0.0703125
1 0.7057291666666666 0.5494791666666666 0.052083333333333336 0.0703125
1 0.69140625 0.6627604166666666 0.059895833333333336 0.0625