1 0.23958333333333334 0.2604166666666667 0.07552083333333333 0.020833333333333332
1 0.36328125 0.4505208333333333 0.057291666666666664 0.028645833333333332
1 0.203125 0.16796875 0.059895833333333336 0.0390625
1 0.8346354166666666 0.5611979166666666 0.0546875 0.041666666666666664
1 0.19791666666666666 0.2838541666666667 0.06770833333333333 0.036458333333333336
1 0.22916666666666666 0.23307291666666666 0.0625 0.03125
1 0.15494791666666666 0.19661458333333334 0.0546875 0.0390625
1 0.4166666666666667 0.44921875 0.059895833333333336 0.03125
1 0.19921875 0.23567708333333334 0.07552083333333333 0.028645833333333332
1 0.2643229166666667 0.4583333333333333 0.059895833333333336 0.036458333333333336
1 0.55078125 0.4635416666666667 0.059895833333333336 0.026041666666666668
1 0.5651041666666666 0.4921875 0.07291666666666667 0.044270833333333336
1 0.19921875 0.203125 0.0390625 0.041666666666666664
1 0.1875 0.24739583333333334 0.08854166666666667 0.033854166666666664
1 0.78125 0.5416666666666666 0.0546875 0.028645833333333332
1 0.24739583333333334 0.21744791666666666 0.08072916666666667 0.03125
1 0.2643229166666667 0.23567708333333334 0.06770833333333333 0.0234375
1 0.7734375 0.6419270833333334 0.033854166666666664 0.033854166666666664
1 0.5963541666666666 0.5013020833333334 0.059895833333333336 0.026041666666666668
1 0.4466145833333333 0.4283854166666667 0.078125 0.026041666666666668