0 0.37890625 0.4674479166666667 0.09375 0.10677083333333333
0 0.36328125 0.17317708333333334 0.1484375 0.16666666666666666
0 0.4036458333333333 0.5963541666666666 0.09114583333333333 0.109375
0 0.22786458333333334 0.6145833333333334 0.1171875 0.15625
0 0.23046875 0.4557291666666667 0.13802083333333334 0.18489583333333334
0 0.5182291666666666 0.6302083333333334 0.12239583333333333 0.15885416666666666
0 0.22916666666666666 0.17708333333333334 0.140625 0.1953125
0 0.29296875 0.6393229166666666 0.08854166666666667 0.09635416666666667
0 0.50390625 0.2721354166666667 0.125 0.14583333333333334
0 0.3932291666666667 0.7317708333333334 0.125 0.1484375
0 0.3802083333333333 0.8580729166666666 0.09114583333333333 0.15104166666666666
0 0.54296875 0.4518229166666667 0.109375 0.09635416666666667