1 0.7721354166666666 0.8138020833333334 0.0625 0.07291666666666667
1 0.625 0.7057291666666666 0.046875 0.09114583333333333
1 0.984375 0.4596354166666667 0.03125 0.07552083333333333
1 0.7434895833333334 0.6901041666666666 0.052083333333333336 0.078125
1 0.6666666666666666 0.7278645833333334 0.0390625 0.078125
1 0.66796875 0.6822916666666666 0.03125 0.052083333333333336
1 0.8658854166666666 0.23828125 0.0703125 0.057291666666666664
1 0.63671875 0.8111979166666666 0.07552083333333333 0.0546875
1 0.7135416666666666 0.8723958333333334 0.0625 0.059895833333333336
1 0.7747395833333334 0.40234375 0.0703125 0.06770833333333333
1 0.6549479166666666 0.2825520833333333 0.0625 0.09635416666666667
1 0.7005208333333334 0.6705729166666666 0.052083333333333336 0.06770833333333333
1 0.7330729166666666 0.8033854166666666 0.057291666666666664 0.06770833333333333
1 0.8372395833333334 0.765625 0.059895833333333336 0.0703125
1 0.6966145833333334 0.72265625 0.057291666666666664 0.057291666666666664
1 0.6041666666666666 0.7434895833333334 0.052083333333333336 0.09375
1 0.52734375 0.7434895833333334 0.0625 0.0625
1 0.8541666666666666 0.2747395833333333 0.06510416666666667 0.0625
1 0.5078125 0.5677083333333334 0.08072916666666667 0.057291666666666664
1 0.7526041666666666 0.37109375 0.06770833333333333 0.057291666666666664