1 0.7473958333333334 0.7526041666666666 0.07552083333333333 0.026041666666666668
1 0.6341145833333334 0.5559895833333334 0.059895833333333336 0.03125
1 0.7786458333333334 0.8463541666666666 0.0625 0.041666666666666664
1 0.16927083333333334 0.421875 0.0546875 0.044270833333333336
1 0.7903645833333334 0.7317708333333334 0.06770833333333333 0.0390625
1 0.7565104166666666 0.78125 0.0625 0.033854166666666664
1 0.828125 0.8216145833333334 0.057291666666666664 0.041666666666666664
1 0.5794270833333334 0.5559895833333334 0.059895833333333336 0.033854166666666664
1 0.7864583333333334 0.7786458333333334 0.07552083333333333 0.03125
1 0.7330729166666666 0.5533854166666666 0.0625 0.0390625
1 0.4479166666666667 0.5338541666666666 0.059895833333333336 0.028645833333333332
1 0.4348958333333333 0.5052083333333334 0.07552083333333333 0.049479166666666664
1 0.78515625 0.8125 0.041666666666666664 0.041666666666666664
1 0.7981770833333334 0.7682291666666666 0.08854166666666667 0.036458333333333336
1 0.22135416666666666 0.4440104166666667 0.0546875 0.03125
1 0.73828125 0.7955729166666666 0.08072916666666667 0.033854166666666664
1 0.72265625 0.7760416666666666 0.06770833333333333 0.028645833333333332
1 0.234375 0.34375 0.033854166666666664 0.033854166666666664
1 0.4036458333333333 0.4947916666666667 0.059895833333333336 0.028645833333333332
1 0.5494791666666666 0.57421875 0.078125 0.03125