1 0.5625 0.2890625 0.03125 0.0703125
1 0.6653645833333334 0.359375 0.041666666666666664 0.0625
1 0.6744791666666666 0.3971354166666667 0.046875 0.052083333333333336
1 0.4973958333333333 0.3723958333333333 0.052083333333333336 0.057291666666666664
1 0.5611979166666666 0.3606770833333333 0.028645833333333332 0.08854166666666667
1 0.5221354166666666 0.3333333333333333 0.0234375 0.078125
1 0.5208333333333334 0.8502604166666666 0.044270833333333336 0.059895833333333336
1 0.625 0.5989583333333334 0.049479166666666664 0.06510416666666667
1 0.6015625 0.2838541666666667 0.03125 0.0390625
1 0.69140625 0.4856770833333333 0.044270833333333336 0.0546875
1 0.3841145833333333 0.4388020833333333 0.0390625 0.06510416666666667
1 0.6953125 0.5221354166666666 0.044270833333333336 0.026041666666666668
1 0.6028645833333334 0.4518229166666667 0.044270833333333336 0.0546875
1 0.5963541666666666 0.5559895833333334 0.028645833333333332 0.0859375
1 0.53125 0.3919270833333333 0.033854166666666664 0.07291666666666667
1 0.5403645833333334 0.2890625 0.026041666666666668 0.0703125
1 0.61328125 0.6614583333333334 0.033854166666666664 0.0703125
1 0.6861979166666666 0.5611979166666666 0.036458333333333336 0.052083333333333336
1 0.66796875 0.5846354166666666 0.0234375 0.07552083333333333
1 0.6484375 0.3190104166666667 0.03125 0.0625
1 0.5885416666666666 0.4908854166666667 0.0390625 0.03125
1 0.5677083333333334 0.5442708333333334 0.041666666666666664 0.08333333333333333
1 0.63671875 0.7174479166666666 0.036458333333333336 0.09895833333333333
1 0.6536458333333334 0.4622395833333333 0.041666666666666664 0.041666666666666664
1 0.5885416666666666 0.6080729166666666 0.044270833333333336 0.046875
1 0.3971354166666667 0.5989583333333334 0.028645833333333332 0.08072916666666667
1 0.4010416666666667 0.5520833333333334 0.057291666666666664 0.057291666666666664
1 0.5520833333333334 0.4270833333333333 0.049479166666666664 0.049479166666666664
1 0.66015625 0.5143229166666666 0.044270833333333336 0.0703125
1 0.5989583333333334 0.3502604166666667 0.036458333333333336 0.0859375
1 0.6276041666666666 0.5104166666666666 0.046875 0.036458333333333336
1 0.7239583333333334 0.5598958333333334 0.041666666666666664 0.036458333333333336
1 0.6276041666666666 0.3463541666666667 0.020833333333333332 0.0703125
1 0.7135416666666666 0.60546875 0.03125 0.0625
1 0.484375 0.4348958333333333 0.026041666666666668 0.07552083333333333
1 0.44921875 0.4596354166666667 0.041666666666666664 0.06770833333333333
1 0.5442708333333334 0.6197916666666666 0.046875 0.044270833333333336
1 0.6236979166666666 0.3046875 0.028645833333333332 0.07552083333333333
1 0.64453125 0.5872395833333334 0.0390625 0.059895833333333336
1 0.4544270833333333 0.4283854166666667 0.041666666666666664 0.059895833333333336