0 0.6236979166666666 0.5143229166666666 0.09375 0.10677083333333333
0 0.6809895833333334 0.8046875 0.1484375 0.16666666666666666
0 0.58203125 0.390625 0.09114583333333333 0.109375
0 0.7526041666666666 0.3489583333333333 0.1171875 0.15625
0 0.7734375 0.5052083333333334 0.13802083333333334 0.18489583333333334
0 0.4635416666666667 0.3736979166666667 0.12239583333333333 0.15885416666666666
0 0.8138020833333334 0.7825520833333334 0.140625 0.1953125
0 0.6848958333333334 0.3333333333333333 0.08854166666666667 0.09635416666666667
0 0.52734375 0.7265625 0.125 0.14583333333333334
0 0.5729166666666666 0.2565104166666667 0.125 0.1484375
0 0.5690104166666666 0.12890625 0.09114583333333333 0.15104166666666666
0 0.46484375 0.5533854166666666 0.109375 0.09635416666666667