1 0.18880208333333334 0.45703125 0.049479166666666664 0.049479166666666664
1 0.01953125 0.55078125 0.0390625 0.036458333333333336
1 0.265625 0.4674479166666667 0.06510416666666667 0.052083333333333336
1 0.22395833333333334 0.5247395833333334 0.057291666666666664 0.046875
1 0.05859375 0.6354166666666666 0.06510416666666667 0.052083333333333336
1 0.5286458333333334 0.4153645833333333 0.06510416666666667 0.06510416666666667
1 0.11067708333333333 0.5052083333333334 0.046875 0.0390625
1 0.2513020833333333 0.4140625 0.049479166666666664 0.0625
1 0.41796875 0.4231770833333333 0.0703125 0.0546875
1 0.22265625 0.4296875 0.049479166666666664 0.059895833333333336
1 0.5950520833333334 0.3658854166666667 0.0625 0.057291666666666664
1 0.4934895833333333 0.46875 0.07552083333333333 0.078125
1 0.58984375 0.4114583333333333 0.057291666666666664 0.06510416666666667
1 0.06510416666666667 0.5729166666666666 0.06510416666666667 0.052083333333333336
1 0.02734375 0.6028645833333334 0.041666666666666664 0.0625
1 0.24869791666666666 0.51953125 0.046875 0.033854166666666664
1 0.73828125 0.4296875 0.11458333333333333 0.07552083333333333
1 0.2109375 0.4895833333333333 0.0546875 0.049479166666666664
1 0.4609375 0.42578125 0.06770833333333333 0.07291666666666667
1 0.07291666666666667 0.5247395833333334 0.049479166666666664 0.044270833333333336
1 0.6263020833333334 0.4427083333333333 0.044270833333333336 0.11197916666666667