1 0.6848958333333334 0.6419270833333334 0.0546875 0.041666666666666664
1 0.3515625 0.359375 0.036458333333333336 0.059895833333333336
1 0.2265625 0.4322916666666667 0.0390625 0.052083333333333336
1 0.58984375 0.6041666666666666 0.033854166666666664 0.057291666666666664
1 0.4947916666666667 0.5 0.033854166666666664 0.0546875
1 0.3815104166666667 0.5403645833333334 0.049479166666666664 0.0390625
1 0.2877604166666667 0.5677083333333334 0.049479166666666664 0.057291666666666664
1 0.53515625 0.7721354166666666 0.049479166666666664 0.044270833333333336
1 0.45703125 0.7252604166666666 0.041666666666666664 0.057291666666666664
1 0.5364583333333334 0.3411458333333333 0.036458333333333336 0.059895833333333336
1 0.5442708333333334 0.6966145833333334 0.049479166666666664 0.059895833333333336
1 0.5065104166666666 0.51953125 0.0546875 0.07552083333333333
1 0.51953125 0.3046875 0.03125 0.0546875