1 0.46875 0.11848958333333333 0.052083333333333336 0.036458333333333336
1 0.5052083333333334 0.13151041666666666 0.044270833333333336 0.0234375
1 0.4505208333333333 0.19140625 0.059895833333333336 0.049479166666666664
1 0.5286458333333334 0.22916666666666666 0.0390625 0.059895833333333336
1 0.4817708333333333 0.24869791666666666 0.026041666666666668 0.07291666666666667
1 0.5078125 0.37890625 0.041666666666666664 0.028645833333333332
1 0.546875 0.3059895833333333 0.026041666666666668 0.0546875
1 0.50390625 0.4231770833333333 0.046875 0.026041666666666668
1 0.36328125 0.4713541666666667 0.052083333333333336 0.028645833333333332
1 0.5260416666666666 0.7994791666666666 0.0390625 0.052083333333333336
1 0.6028645833333334 0.6966145833333334 0.03125 0.06770833333333333
1 0.56640625 0.75 0.041666666666666664 0.049479166666666664
1 0.6080729166666666 0.7317708333333334 0.041666666666666664 0.020833333333333332
1 0.5846354166666666 0.018229166666666668 0.0390625 0.028645833333333332
1 0.4739583333333333 0.07942708333333333 0.0390625 0.049479166666666664
1 0.4973958333333333 0.2265625 0.0234375 0.049479166666666664
1 0.515625 0.3359375 0.033854166666666664 0.052083333333333336
1 0.4348958333333333 0.3763020833333333 0.041666666666666664 0.033854166666666664
1 0.4895833333333333 0.40234375 0.044270833333333336 0.03125
1 0.546875 0.39453125 0.0234375 0.057291666666666664
1 0.5416666666666666 0.4401041666666667 0.028645833333333332 0.044270833333333336
1 0.53515625 0.59765625 0.028645833333333332 0.059895833333333336
1 0.4466145833333333 0.7747395833333334 0.0234375 0.07552083333333333
1 0.6575520833333334 0.71484375 0.049479166666666664 0.036458333333333336
1 0.6484375 0.7643229166666666 0.044270833333333336 0.052083333333333336
1 0.5104166666666666 0.05078125 0.0390625 0.026041666666666668
1 0.5091145833333334 0.09635416666666667 0.046875 0.041666666666666664
1 0.5026041666666666 0.203125 0.0390625 0.033854166666666664
1 0.53125 0.2955729166666667 0.018229166666666668 0.049479166666666664
1 0.54296875 0.5221354166666666 0.026041666666666668 0.052083333333333336
1 0.4544270833333333 0.8059895833333334 0.03125 0.06510416666666667
1 0.6263020833333334 0.7447916666666666 0.041666666666666664 0.018229166666666668
1 0.3450520833333333 0.9583333333333334 0.044270833333333336 0.044270833333333336
1 0.4830729166666667 0.15104166666666666 0.059895833333333336 0.0390625
1 0.5078125 0.15755208333333334 0.033854166666666664 0.049479166666666664
1 0.4700520833333333 0.23697916666666666 0.020833333333333332 0.0546875
1 0.3776041666666667 0.26953125 0.0234375 0.059895833333333336
1 0.4479166666666667 0.2877604166666667 0.036458333333333336 0.041666666666666664
1 0.5169270833333334 0.25390625 0.0390625 0.020833333333333332
1 0.4973958333333333 0.3033854166666667 0.046875 0.0390625
1 0.55859375 0.3580729166666667 0.026041666666666668 0.0390625
1 0.53125 0.390625 0.03125 0.052083333333333336
1 0.55078125 0.42578125 0.018229166666666668 0.046875
1 0.53125 0.44140625 0.026041666666666668 0.052083333333333336
1 0.296875 0.4947916666666667 0.0234375 0.0546875
1 0.5625 0.61328125 0.044270833333333336 0.052083333333333336
1 0.4153645833333333 0.8033854166666666 0.026041666666666668 0.0546875
1 0.5885416666666666 0.6809895833333334 0.0390625 0.052083333333333336
1 0.6171875 0.9765625 0.026041666666666668 0.046875
1 0.4361979166666667 0.2565104166666667 0.028645833333333332 0.049479166666666664
1 0.4596354166666667 0.3489583333333333 0.026041666666666668 0.049479166666666664
1 0.4869791666666667 0.3307291666666667 0.036458333333333336 0.036458333333333336
1 0.5377604166666666 0.3346354166666667 0.0234375 0.046875
1 0.3138020833333333 0.49609375 0.03125 0.052083333333333336
1 0.59765625 0.55078125 0.036458333333333336 0.046875
1 0.4453125 0.7109375 0.03125 0.06510416666666667
1 0.5625 0.69140625 0.0390625 0.0546875
1 0.52734375 0.15625 0.020833333333333332 0.049479166666666664
1 0.4166666666666667 0.21484375 0.044270833333333336 0.028645833333333332
1 0.4921875 0.2643229166666667 0.028645833333333332 0.059895833333333336
1 0.5143229166666666 0.36328125 0.0390625 0.033854166666666664
1 0.5377604166666666 0.4856770833333333 0.028645833333333332 0.0390625
1 0.5625 0.4739583333333333 0.044270833333333336 0.044270833333333336
1 0.5950520833333334 0.5182291666666666 0.041666666666666664 0.046875
1 0.609375 0.5924479166666666 0.0546875 0.041666666666666664
1 0.4635416666666667 0.6627604166666666 0.041666666666666664 0.057291666666666664
1 0.49609375 0.7942708333333334 0.033854166666666664 0.046875
1 0.6341145833333334 0.7291666666666666 0.052083333333333336 0.0390625
1 0.63671875 0.6953125 0.046875 0.046875
1 0.77734375 0.13932291666666666 0.049479166666666664 0.049479166666666664
1 0.4036458333333333 0.26171875 0.046875 0.06510416666666667
1 0.48046875 0.3502604166666667 0.0390625 0.041666666666666664
1 0.4388020833333333 0.4661458333333333 0.046875 0.049479166666666664
1 0.5611979166666666 0.50390625 0.020833333333333332 0.052083333333333336
1 0.5729166666666666 0.5091145833333334 0.0234375 0.06510416666666667
1 0.5833333333333334 0.5364583333333334 0.026041666666666668 0.059895833333333336
1 0.609375 0.61328125 0.057291666666666664 0.03125
1 0.4283854166666667 0.7708333333333334 0.028645833333333332 0.057291666666666664
1 0.58984375 0.76953125 0.041666666666666664 0.028645833333333332
1 0.5911458333333334 0.6354166666666666 0.028645833333333332 0.057291666666666664
1 0.6184895833333334 0.65234375 0.052083333333333336 0.028645833333333332
1 0.5026041666666666 0.08203125 0.033854166666666664 0.052083333333333336
1 0.5091145833333334 0.18098958333333334 0.0390625 0.028645833333333332
1 0.4361979166666667 0.171875 0.046875 0.0625
1 0.4596354166666667 0.20833333333333334 0.049479166666666664 0.041666666666666664
1 0.5221354166666666 0.26953125 0.041666666666666664 0.0234375
1 0.51171875 0.27734375 0.033854166666666664 0.026041666666666668
1 0.4583333333333333 0.3229166666666667 0.033854166666666664 0.052083333333333336
1 0.28515625 0.3658854166666667 0.03125 0.046875
1 0.5338541666666666 0.7799479166666666 0.028645833333333332 0.0546875
1 0.5911458333333334 0.8606770833333334 0.036458333333333336 0.0546875