1 0.5950520833333334 0.20182291666666666 0.026041666666666668 0.0625
1 0.4231770833333333 0.3203125 0.044270833333333336 0.08854166666666667
1 0.5013020833333334 0.3450520833333333 0.0390625 0.057291666666666664
1 0.5403645833333334 0.3684895833333333 0.028645833333333332 0.09895833333333333
1 0.5078125 0.41015625 0.033854166666666664 0.0859375
1 0.59375 0.43359375 0.052083333333333336 0.046875
1 0.4505208333333333 0.7291666666666666 0.041666666666666664 0.078125
1 0.3802083333333333 0.7395833333333334 0.041666666666666664 0.07291666666666667
1 0.30078125 0.61328125 0.041666666666666664 0.08854166666666667
1 0.53515625 0.18229166666666666 0.059895833333333336 0.08072916666666667
1 0.484375 0.36328125 0.020833333333333332 0.057291666666666664
1 0.47265625 0.3997395833333333 0.0390625 0.08854166666666667
1 0.6184895833333334 0.4986979166666667 0.041666666666666664 0.052083333333333336
1 0.421875 0.5533854166666666 0.0546875 0.0625
1 0.5338541666666666 0.6236979166666666 0.0234375 0.028645833333333332
1 0.5143229166666666 0.7083333333333334 0.06510416666666667 0.0546875
1 0.3658854166666667 0.6744791666666666 0.036458333333333336 0.09114583333333333
1 0.3450520833333333 0.6302083333333334 0.044270833333333336 0.09114583333333333
1 0.5390625 0.13671875 0.041666666666666664 0.036458333333333336
1 0.50390625 0.19921875 0.044270833333333336 0.0546875
1 0.5690104166666666 0.10026041666666667 0.052083333333333336 0.0625
1 0.5638020833333334 0.4479166666666667 0.041666666666666664 0.08854166666666667
1 0.5716145833333334 0.5455729166666666 0.044270833333333336 0.0703125
1 0.4453125 0.3828125 0.044270833333333336 0.09895833333333333
1 0.41015625 0.38671875 0.059895833333333336 0.049479166666666664
1 0.4427083333333333 0.4973958333333333 0.03125 0.059895833333333336
1 0.5013020833333334 0.6041666666666666 0.03125 0.08333333333333333
1 0.5169270833333334 0.6484375 0.0390625 0.08333333333333333
1 0.5338541666666666 0.6041666666666666 0.06510416666666667 0.0546875
1 0.4466145833333333 0.8997395833333334 0.0625 0.0625
1 0.6106770833333334 0.08984375 0.044270833333333336 0.0390625
1 0.5833333333333334 0.3098958333333333 0.033854166666666664 0.09114583333333333
1 0.52734375 0.37890625 0.0390625 0.08333333333333333
1 0.5364583333333334 0.4427083333333333 0.057291666666666664 0.059895833333333336
1 0.5729166666666666 0.4817708333333333 0.041666666666666664 0.0703125
1 0.5416666666666666 0.55078125 0.0546875 0.041666666666666664
1 0.5013020833333334 0.5494791666666666 0.059895833333333336 0.049479166666666664
1 0.4947916666666667 0.6458333333333334 0.057291666666666664 0.09635416666666667
1 0.5481770833333334 0.6354166666666666 0.033854166666666664 0.057291666666666664
1 0.5143229166666666 0.7669270833333334 0.057291666666666664 0.059895833333333336
1 0.38671875 0.7981770833333334 0.049479166666666664 0.049479166666666664
1 0.3059895833333333 0.6861979166666666 0.041666666666666664 0.046875
1 0.5729166666666666 0.23307291666666666 0.036458333333333336 0.0859375
1 0.54296875 0.3294270833333333 0.0625 0.09114583333333333
1 0.4791666666666667 0.3333333333333333 0.0234375 0.026041666666666668
1 0.6380208333333334 0.4453125 0.041666666666666664 0.07291666666666667
1 0.7669270833333334 0.6549479166666666 0.059895833333333336 0.08072916666666667
1 0.4166666666666667 0.57421875 0.057291666666666664 0.044270833333333336
1 0.4192708333333333 0.5989583333333334 0.059895833333333336 0.036458333333333336
1 0.46875 0.5833333333333334 0.057291666666666664 0.044270833333333336
1 0.4700520833333333 0.6380208333333334 0.036458333333333336 0.049479166666666664
1 0.5052083333333334 0.7369791666666666 0.046875 0.0546875
1 0.3255208333333333 0.4348958333333333 0.052083333333333336 0.06770833333333333
1 0.5143229166666666 0.3567708333333333 0.026041666666666668 0.07291666666666667
1 0.4036458333333333 0.46484375 0.044270833333333336 0.1015625
1 0.4934895833333333 0.49609375 0.036458333333333336 0.0859375
1 0.5130208333333334 0.48046875 0.0625 0.052083333333333336
1 0.4609375 0.5364583333333334 0.052083333333333336 0.08333333333333333
1 0.5494791666666666 0.6705729166666666 0.049479166666666664 0.057291666666666664
1 0.4505208333333333 0.6940104166666666 0.036458333333333336 0.046875
1 0.4817708333333333 0.7591145833333334 0.018229166666666668 0.0390625
1 0.4088541666666667 0.72265625 0.044270833333333336 0.033854166666666664
1 0.4947916666666667 0.09895833333333333 0.028645833333333332 0.0546875
1 0.6080729166666666 0.46484375 0.059895833333333336 0.0703125
1 0.43359375 0.4361979166666667 0.052083333333333336 0.0390625
1 0.3229166666666667 0.7291666666666666 0.052083333333333336 0.057291666666666664
1 0.578125 0.15755208333333334 0.0390625 0.09635416666666667
1 0.4375 0.46484375 0.059895833333333336 0.0390625
1 0.52734375 0.57421875 0.057291666666666664 0.052083333333333336