0 0.89453125 0.53515625 0.171875 0.1796875
0 0.4192708333333333 0.4427083333333333 0.23177083333333334 0.2578125
0 0.8203125 0.82421875 0.1875 0.1796875
0 0.6263020833333334 0.5065104166666666 0.1796875 0.14583333333333334
0 0.62890625 0.4114583333333333 0.21875 0.21354166666666666
0 0.6510416666666666 0.07291666666666667 0.23958333333333334 0.14583333333333334
0 0.6302083333333334 0.18098958333333334 0.25 0.23958333333333334
0 0.23177083333333334 0.84765625 0.18229166666666666 0.15885416666666666
0 0.5130208333333334 0.6549479166666666 0.203125 0.24739583333333334
0 0.171875 0.578125 0.17708333333333334 0.23177083333333334
0 0.5130208333333334 0.13932291666666666 0.2552083333333333 0.2786458333333333