1 0.6328125 0.7161458333333334 0.03125 0.028645833333333332
1 0.50390625 0.6002604166666666 0.018229166666666668 0.0390625
1 0.5221354166666666 0.5208333333333334 0.03125 0.041666666666666664
1 0.5169270833333334 0.6432291666666666 0.028645833333333332 0.0234375
1 0.3893229166666667 0.40234375 0.03125 0.046875
1 0.4986979166666667 0.6419270833333334 0.018229166666666668 0.044270833333333336
1 0.4713541666666667 0.6145833333333334 0.018229166666666668 0.0390625
1 0.46484375 0.625 0.036458333333333336 0.046875
1 0.671875 0.6875 0.015625 0.036458333333333336
1 0.48828125 0.625 0.015625 0.0390625
1 0.546875 0.32421875 0.033854166666666664 0.020833333333333332
1 0.5390625 0.66796875 0.015625 0.028645833333333332
1 0.62890625 0.6966145833333334 0.020833333333333332 0.036458333333333336
1 0.7161458333333334 0.74609375 0.020833333333333332 0.0390625