0 0.4036458333333333 0.5924479166666666 0.09375 0.041666666666666664
0 0.5299479166666666 0.5299479166666666 0.09375 0.033854166666666664
0 0.4244791666666667 0.6171875 0.1015625 0.03125
0 0.4869791666666667 0.5026041666666666 0.059895833333333336 0.046875
0 0.52734375 0.4947916666666667 0.049479166666666664 0.0625
0 0.3385416666666667 0.6041666666666666 0.08072916666666667 0.0546875
0 0.4322916666666667 0.5611979166666666 0.08854166666666667 0.057291666666666664
0 0.4661458333333333 0.4765625 0.0859375 0.0390625
0 0.51953125 0.5885416666666666 0.09375 0.036458333333333336
0 0.52734375 0.5572916666666666 0.08854166666666667 0.033854166666666664
0 0.4427083333333333 0.5169270833333334 0.07291666666666667 0.052083333333333336