1 0.6302083333333334 0.23958333333333334 0.03125 0.0546875
1 0.7799479166666666 0.3098958333333333 0.046875 0.052083333333333336
1 0.45703125 0.6640625 0.049479166666666664 0.0703125
1 0.3059895833333333 0.3385416666666667 0.049479166666666664 0.052083333333333336
1 0.38671875 0.3190104166666667 0.049479166666666664 0.0703125
1 0.65625 0.5611979166666666 0.046875 0.0703125
1 0.21223958333333334 0.5091145833333334 0.0625 0.049479166666666664
1 0.28515625 0.6419270833333334 0.0390625 0.06510416666666667
1 0.8815104166666666 0.3932291666666667 0.052083333333333336 0.059895833333333336
1 0.55859375 0.3515625 0.06510416666666667 0.06510416666666667
1 0.20442708333333334 0.4791666666666667 0.041666666666666664 0.049479166666666664
1 0.9322916666666666 0.5703125 0.057291666666666664 0.06510416666666667