1 0.67578125 0.6510416666666666 0.033854166666666664 0.07552083333333333
1 0.7473958333333334 0.8125 0.041666666666666664 0.0625
1 0.4830729166666667 0.20963541666666666 0.052083333333333336 0.06770833333333333
1 0.2604166666666667 0.5859375 0.0546875 0.08072916666666667
1 0.8203125 0.7916666666666666 0.0625 0.0625
1 0.5625 0.6315104166666666 0.059895833333333336 0.044270833333333336
1 0.7552083333333334 0.5026041666666666 0.036458333333333336 0.0703125
1 0.86328125 0.4544270833333333 0.052083333333333336 0.06770833333333333
1 0.4557291666666667 0.37890625 0.052083333333333336 0.06510416666666667
1 0.640625 0.3307291666666667 0.0546875 0.06510416666666667
1 0.6354166666666666 0.4244791666666667 0.06510416666666667 0.0625
1 0.3684895833333333 0.7278645833333334 0.06510416666666667 0.06770833333333333
1 0.4856770833333333 0.7057291666666666 0.0546875 0.0859375
1 0.5221354166666666 0.7565104166666666 0.041666666666666664 0.0703125
1 0.5026041666666666 0.6041666666666666 0.057291666666666664 0.0703125
1 0.4596354166666667 0.2565104166666667 0.06510416666666667 0.0625
1 0.796875 0.8372395833333334 0.057291666666666664 0.059895833333333336
1 0.4296875 0.72265625 0.036458333333333336 0.059895833333333336
1 0.09765625 0.6419270833333334 0.041666666666666664 0.046875
1 0.80078125 0.5299479166666666 0.036458333333333336 0.052083333333333336
1 0.375 0.3046875 0.041666666666666664 0.07552083333333333
1 0.3294270833333333 0.3190104166666667 0.0390625 0.036458333333333336