1 0.4127604166666667 0.4596354166666667 0.049479166666666664 0.052083333333333336
1 0.7356770833333334 0.5755208333333334 0.033854166666666664 0.044270833333333336
1 0.6927083333333334 0.4674479166666667 0.036458333333333336 0.046875
1 0.59765625 0.3763020833333333 0.026041666666666668 0.033854166666666664
1 0.59765625 0.32421875 0.03125 0.0390625
1 0.6067708333333334 0.3645833333333333 0.03125 0.036458333333333336
1 0.5325520833333334 0.1953125 0.049479166666666664 0.049479166666666664
1 0.5481770833333334 0.2942708333333333 0.044270833333333336 0.049479166666666664
1 0.4557291666666667 0.3736979166666667 0.044270833333333336 0.0390625
1 0.4375 0.4440104166666667 0.044270833333333336 0.057291666666666664
1 0.50390625 0.2643229166666667 0.036458333333333336 0.033854166666666664
1 0.49609375 0.4908854166666667 0.03125 0.036458333333333336
1 0.7096354166666666 0.5169270833333334 0.0234375 0.03125
1 0.75 0.6067708333333334 0.0390625 0.0390625
1 0.77734375 0.6705729166666666 0.036458333333333336 0.044270833333333336
1 0.6354166666666666 0.4205729166666667 0.041666666666666664 0.049479166666666664
1 0.7018229166666666 0.48828125 0.036458333333333336 0.036458333333333336
1 0.5690104166666666 0.3125 0.03125 0.03125
1 0.5130208333333334 0.22135416666666666 0.036458333333333336 0.0390625
1 0.4986979166666667 0.2955729166666667 0.041666666666666664 0.0390625
1 0.5885416666666666 0.3528645833333333 0.036458333333333336 0.0390625
1 0.5377604166666666 0.4153645833333333 0.0390625 0.049479166666666664
1 0.5638020833333334 0.3958333333333333 0.03125 0.026041666666666668
1 0.5481770833333334 0.4466145833333333 0.044270833333333336 0.0390625
1 0.51953125 0.4700520833333333 0.0390625 0.03125
1 0.4739583333333333 0.4895833333333333 0.041666666666666664 0.044270833333333336
1 0.4895833333333333 0.14713541666666666 0.036458333333333336 0.044270833333333336
1 0.7669270833333334 0.5755208333333334 0.036458333333333336 0.044270833333333336
1 0.5403645833333334 0.4739583333333333 0.044270833333333336 0.041666666666666664
1 0.71484375 0.6223958333333334 0.03125 0.041666666666666664
1 0.6848958333333334 0.4518229166666667 0.049479166666666664 0.059895833333333336
1 0.5260416666666666 0.24869791666666666 0.041666666666666664 0.041666666666666664
1 0.5520833333333334 0.3528645833333333 0.0390625 0.036458333333333336
1 0.5078125 0.3580729166666667 0.044270833333333336 0.059895833333333336
1 0.55859375 0.3294270833333333 0.041666666666666664 0.049479166666666664
1 0.4713541666666667 0.37109375 0.036458333333333336 0.033854166666666664
1 0.4205729166666667 0.4088541666666667 0.026041666666666668 0.033854166666666664
1 0.40625 0.4752604166666667 0.0390625 0.036458333333333336
1 0.4049479166666667 0.4947916666666667 0.049479166666666664 0.052083333333333336
1 0.7473958333333334 0.5403645833333334 0.049479166666666664 0.052083333333333336
1 0.6927083333333334 0.6158854166666666 0.033854166666666664 0.041666666666666664
1 0.7864583333333334 0.6875 0.049479166666666664 0.057291666666666664
1 0.6822916666666666 0.5690104166666666 0.028645833333333332 0.0234375
1 0.6184895833333334 0.3984375 0.033854166666666664 0.046875
1 0.6067708333333334 0.3997395833333333 0.036458333333333336 0.046875
1 0.5494791666666666 0.2708333333333333 0.028645833333333332 0.033854166666666664
1 0.4817708333333333 0.296875 0.046875 0.0546875
1 0.5052083333333334 0.14973958333333334 0.044270833333333336 0.036458333333333336
1 0.5403645833333334 0.22526041666666666 0.044270833333333336 0.041666666666666664
1 0.515625 0.4088541666666667 0.046875 0.052083333333333336
1 0.4752604166666667 0.4583333333333333 0.036458333333333336 0.049479166666666664
1 0.4518229166666667 0.49609375 0.044270833333333336 0.057291666666666664
1 0.37890625 0.5 0.049479166666666664 0.0546875
1 0.765625 0.6276041666666666 0.041666666666666664 0.033854166666666664
1 0.7213541666666666 0.6614583333333334 0.0390625 0.036458333333333336
1 0.7369791666666666 0.6692708333333334 0.041666666666666664 0.0390625
1 0.8072916666666666 0.6940104166666666 0.0390625 0.052083333333333336
1 0.7005208333333334 0.6041666666666666 0.03125 0.0390625
1 0.70703125 0.56640625 0.033854166666666664 0.046875
1 0.4609375 0.14192708333333334 0.036458333333333336 0.046875
1 0.5703125 0.2734375 0.0390625 0.052083333333333336
1 0.4895833333333333 0.4505208333333333 0.044270833333333336 0.0546875
1 0.6888020833333334 0.5859375 0.0390625 0.036458333333333336
1 0.7083333333333334 0.54296875 0.0234375 0.028645833333333332
1 0.7604166666666666 0.5924479166666666 0.033854166666666664 0.0390625
1 0.6497395833333334 0.5013020833333334 0.041666666666666664 0.057291666666666664
1 0.6588541666666666 0.48046875 0.03125 0.028645833333333332
1 0.6627604166666666 0.4505208333333333 0.0390625 0.049479166666666664
1 0.4544270833333333 0.4375 0.03125 0.033854166666666664
1 0.4635416666666667 0.390625 0.033854166666666664 0.028645833333333332
1 0.4947916666666667 0.3619791666666667 0.0390625 0.049479166666666664
1 0.5481770833333334 0.4010416666666667 0.026041666666666668 0.028645833333333332
1 0.4908854166666667 0.40234375 0.041666666666666664 0.033854166666666664
1 0.4153645833333333 0.4427083333333333 0.0390625 0.033854166666666664
1 0.5208333333333334 0.4973958333333333 0.041666666666666664 0.044270833333333336
1 0.7161458333333334 0.59765625 0.033854166666666664 0.044270833333333336
1 0.6653645833333334 0.5234375 0.041666666666666664 0.052083333333333336
1 0.6731770833333334 0.4856770833333333 0.041666666666666664 0.036458333333333336
1 0.6354166666666666 0.4622395833333333 0.041666666666666664 0.044270833333333336
1 0.48828125 0.1953125 0.033854166666666664 0.041666666666666664
1 0.5364583333333334 0.15104166666666666 0.046875 0.057291666666666664
1 0.4986979166666667 0.4375 0.041666666666666664 0.057291666666666664
1 0.4661458333333333 0.42578125 0.03125 0.0390625
1 0.3059895833333333 0.4765625 0.057291666666666664 0.046875
1 0.7109375 0.6458333333333334 0.036458333333333336 0.03125
1 0.74609375 0.64453125 0.041666666666666664 0.044270833333333336
1 0.6692708333333334 0.5638020833333334 0.041666666666666664 0.0390625
1 0.4778645833333333 0.12239583333333333 0.041666666666666664 0.044270833333333336
1 0.4934895833333333 0.2265625 0.033854166666666664 0.041666666666666664
1 0.48828125 0.2526041666666667 0.036458333333333336 0.0390625
1 0.5559895833333334 0.22916666666666666 0.041666666666666664 0.046875
1 0.5143229166666666 0.27734375 0.041666666666666664 0.044270833333333336
1 0.5013020833333334 0.3177083333333333 0.0390625 0.033854166666666664
1 0.4388020833333333 0.4088541666666667 0.036458333333333336 0.044270833333333336
1 0.54296875 0.3802083333333333 0.036458333333333336 0.033854166666666664
1 0.5729166666666666 0.421875 0.044270833333333336 0.052083333333333336
1 0.5247395833333334 0.4453125 0.033854166666666664 0.028645833333333332
1 0.4583333333333333 0.4674479166666667 0.033854166666666664 0.033854166666666664
1 0.34765625 0.4635416666666667 0.044270833333333336 0.057291666666666664