1 0.48828125 0.3177083333333333 0.036458333333333336 0.0625
1 0.5494791666666666 0.5455729166666666 0.0546875 0.036458333333333336
1 0.5651041666666666 0.4921875 0.036458333333333336 0.07291666666666667
1 0.5807291666666666 0.4348958333333333 0.046875 0.052083333333333336
1 0.040364583333333336 0.5377604166666666 0.0390625 0.057291666666666664
1 0.5221354166666666 0.3177083333333333 0.049479166666666664 0.052083333333333336
1 0.453125 0.3736979166666667 0.041666666666666664 0.046875
1 0.51171875 0.5260416666666666 0.028645833333333332 0.0625
1 0.17838541666666666 0.984375 0.0546875 0.03125
1 0.6002604166666666 0.3372395833333333 0.059895833333333336 0.044270833333333336
1 0.12760416666666666 0.9791666666666666 0.0625 0.041666666666666664
1 0.39453125 0.9583333333333334 0.028645833333333332 0.06510416666666667
1 0.048177083333333336 0.4830729166666667 0.036458333333333336 0.06510416666666667
1 0.453125 0.32421875 0.033854166666666664 0.044270833333333336
1 0.49609375 0.4869791666666667 0.0390625 0.0703125
1 0.020833333333333332 0.5143229166666666 0.041666666666666664 0.0859375
1 0.5390625 0.5221354166666666 0.044270833333333336 0.033854166666666664
1 0.6236979166666666 0.5234375 0.046875 0.041666666666666664
1 0.4817708333333333 0.3684895833333333 0.057291666666666664 0.052083333333333336
1 0.4817708333333333 0.33203125 0.044270833333333336 0.0625
1 0.07942708333333333 0.796875 0.046875 0.041666666666666664
1 0.4934895833333333 0.5533854166666666 0.044270833333333336 0.041666666666666664
1 0.53125 0.484375 0.046875 0.049479166666666664