1 0.8658854166666666 0.2565104166666667 0.03125 0.03125
1 0.6510416666666666 0.31640625 0.026041666666666668 0.036458333333333336
1 0.8463541666666666 0.22265625 0.026041666666666668 0.036458333333333336
1 0.6705729166666666 0.3567708333333333 0.018229166666666668 0.026041666666666668
1 0.5807291666666666 0.4544270833333333 0.013020833333333334 0.026041666666666668
1 0.625 0.2682291666666667 0.020833333333333332 0.028645833333333332
1 0.6041666666666666 0.4479166666666667 0.013020833333333334 0.013020833333333334
1 0.4010416666666667 0.5677083333333334 0.0234375 0.033854166666666664
1 0.37109375 0.5833333333333334 0.018229166666666668 0.0234375
1 0.5729166666666666 0.4361979166666667 0.020833333333333332 0.020833333333333332
1 0.52734375 0.41796875 0.020833333333333332 0.046875
1 0.6614583333333334 0.3606770833333333 0.018229166666666668 0.028645833333333332
1 0.3619791666666667 0.5729166666666666 0.0234375 0.020833333333333332
1 0.5416666666666666 0.4036458333333333 0.0234375 0.041666666666666664
1 0.2760416666666667 0.5299479166666666 0.028645833333333332 0.033854166666666664
1 0.6497395833333334 0.37109375 0.026041666666666668 0.028645833333333332
1 0.5690104166666666 0.4153645833333333 0.020833333333333332 0.03125
1 0.7291666666666666 0.546875 0.018229166666666668 0.03125
1 0.6888020833333334 0.5403645833333334 0.026041666666666668 0.020833333333333332
1 0.75 0.5286458333333334 0.0234375 0.020833333333333332
1 0.6731770833333334 0.3385416666666667 0.020833333333333332 0.0234375
1 0.4908854166666667 0.25390625 0.018229166666666668 0.0390625
1 0.5533854166666666 0.3919270833333333 0.028645833333333332 0.041666666666666664
1 0.6927083333333334 0.52734375 0.0234375 0.018229166666666668
1 0.6796875 0.3333333333333333 0.026041666666666668 0.033854166666666664