1 0.421875 0.5338541666666666 0.013020833333333334 0.026041666666666668
1 0.4466145833333333 0.5390625 0.015625 0.03125
1 0.3489583333333333 0.3424479166666667 0.010416666666666666 0.0078125
1 0.640625 0.7408854166666666 0.010416666666666666 0.0234375
1 0.4518229166666667 0.8528645833333334 0.028645833333333332 0.0234375
1 0.4140625 0.6471354166666666 0.018229166666666668 0.015625
1 0.2838541666666667 0.8294270833333334 0.018229166666666668 0.026041666666666668
1 0.6809895833333334 0.6640625 0.010416666666666666 0.015625
1 0.4348958333333333 0.51953125 0.013020833333333334 0.026041666666666668
1 0.4544270833333333 0.59375 0.013020833333333334 0.018229166666666668
1 0.4388020833333333 0.7096354166666666 0.015625 0.010416666666666666
1 0.3893229166666667 0.703125 0.015625 0.015625
1 0.6861979166666666 0.7890625 0.020833333333333332 0.020833333333333332
1 0.6119791666666666 0.2955729166666667 0.015625 0.033854166666666664
1 0.3033854166666667 0.3450520833333333 0.020833333333333332 0.010416666666666666
1 0.4700520833333333 0.421875 0.0234375 0.020833333333333332
1 0.4388020833333333 0.6705729166666666 0.010416666666666666 0.010416666666666666
1 0.8606770833333334 0.8567708333333334 0.015625 0.018229166666666668
1 0.3424479166666667 0.5625 0.013020833333333334 0.03125
1 0.43359375 0.4544270833333333 0.015625 0.020833333333333332
1 0.4583333333333333 0.6861979166666666 0.0234375 0.0234375
1 0.4348958333333333 0.6419270833333334 0.010416666666666666 0.020833333333333332
1 0.91796875 0.9908854166666666 0.010416666666666666 0.010416666666666666
1 0.5364583333333334 0.3619791666666667 0.020833333333333332 0.018229166666666668
1 0.44140625 0.6236979166666666 0.018229166666666668 0.018229166666666668
1 0.2903645833333333 0.3203125 0.0078125 0.018229166666666668
1 0.8971354166666666 0.9140625 0.0234375 0.020833333333333332
1 0.4583333333333333 0.5911458333333334 0.013020833333333334 0.015625
1 0.34375 0.7317708333333334 0.018229166666666668 0.020833333333333332
1 0.359375 0.7408854166666666 0.013020833333333334 0.026041666666666668
1 0.3359375 0.50390625 0.015625 0.018229166666666668
1 0.4388020833333333 0.5182291666666666 0.013020833333333334 0.018229166666666668
1 0.4661458333333333 0.044270833333333336 0.0234375 0.015625
1 0.4088541666666667 0.7018229166666666 0.0234375 0.026041666666666668
1 0.4296875 0.69921875 0.013020833333333334 0.013020833333333334
1 0.4544270833333333 0.5143229166666666 0.018229166666666668 0.0234375
1 0.69140625 0.6653645833333334 0.015625 0.015625
1 0.21875 0.2552083333333333 0.020833333333333332 0.015625
1 0.28125 0.2994791666666667 0.018229166666666668 0.013020833333333334