1 0.5872395833333334 0.45703125 0.059895833333333336 0.0234375
1 0.5143229166666666 0.4127604166666667 0.049479166666666664 0.0390625
1 0.4361979166666667 0.4088541666666667 0.078125 0.041666666666666664
1 0.5390625 0.4270833333333333 0.0546875 0.015625
1 0.53125 0.4596354166666667 0.059895833333333336 0.036458333333333336
1 0.5416666666666666 0.5416666666666666 0.09114583333333333 0.0234375
1 0.2955729166666667 0.515625 0.0625 0.026041666666666668
1 0.5338541666666666 0.51171875 0.046875 0.033854166666666664
1 0.6770833333333334 0.4075520833333333 0.059895833333333336 0.018229166666666668
1 0.24739583333333334 0.4700520833333333 0.0546875 0.026041666666666668
1 0.3450520833333333 0.6015625 0.07552083333333333 0.036458333333333336
1 0.24088541666666666 0.5494791666666666 0.049479166666666664 0.03125
1 0.2630208333333333 0.4153645833333333 0.057291666666666664 0.020833333333333332