1 0.3072916666666667 0.78125 0.033854166666666664 0.049479166666666664
1 0.5299479166666666 0.40234375 0.0390625 0.036458333333333336
1 0.18489583333333334 0.59765625 0.033854166666666664 0.0234375
1 0.23046875 0.4205729166666667 0.03125 0.036458333333333336
1 0.10286458333333333 0.4583333333333333 0.036458333333333336 0.046875
1 0.20963541666666666 0.7434895833333334 0.036458333333333336 0.033854166666666664
1 0.13671875 0.515625 0.033854166666666664 0.0390625
1 0.4388020833333333 0.703125 0.028645833333333332 0.0234375
1 0.37890625 0.23177083333333334 0.0390625 0.049479166666666664
1 0.14322916666666666 0.54296875 0.03125 0.049479166666666664
1 0.13020833333333334 0.5989583333333334 0.036458333333333336 0.028645833333333332
1 0.53125 0.4791666666666667 0.033854166666666664 0.033854166666666664
1 0.109375 0.6510416666666666 0.044270833333333336 0.046875
1 0.23828125 0.80078125 0.041666666666666664 0.033854166666666664
1 0.18489583333333334 0.4609375 0.03125 0.041666666666666664
1 0.11067708333333333 0.5846354166666666 0.03125 0.0546875
1 0.2643229166666667 0.4270833333333333 0.026041666666666668 0.036458333333333336
1 0.057291666666666664 0.48046875 0.036458333333333336 0.03125
1 0.56640625 0.39453125 0.033854166666666664 0.046875
1 0.15494791666666666 0.6770833333333334 0.033854166666666664 0.026041666666666668
1 0.5 0.4427083333333333 0.033854166666666664 0.028645833333333332
1 0.34765625 0.7369791666666666 0.033854166666666664 0.049479166666666664
1 0.23697916666666666 0.38671875 0.03125 0.049479166666666664
1 0.07942708333333333 0.5338541666666666 0.033854166666666664 0.033854166666666664
1 0.09505208333333333 0.4934895833333333 0.03125 0.049479166666666664
1 0.15364583333333334 0.578125 0.0390625 0.028645833333333332
1 0.4908854166666667 0.4713541666666667 0.028645833333333332 0.046875
1 0.37109375 0.7330729166666666 0.033854166666666664 0.0390625
1 0.18229166666666666 0.5755208333333334 0.018229166666666668 0.0234375
1 0.13932291666666666 0.76171875 0.03125 0.041666666666666664
1 0.25390625 0.3958333333333333 0.026041666666666668 0.046875
1 0.11328125 0.4817708333333333 0.041666666666666664 0.046875
1 0.53125 0.4440104166666667 0.026041666666666668 0.044270833333333336
1 0.3580729166666667 0.4322916666666667 0.03125 0.046875
1 0.5026041666666666 0.4088541666666667 0.028645833333333332 0.046875
1 0.5143229166666666 0.46484375 0.026041666666666668 0.046875
1 0.16276041666666666 0.6041666666666666 0.033854166666666664 0.026041666666666668
1 0.3268229166666667 0.8893229166666666 0.0390625 0.0390625
1 0.12109375 0.7018229166666666 0.03125 0.044270833333333336
1 0.5494791666666666 0.4322916666666667 0.03125 0.046875
1 0.14192708333333334 0.6549479166666666 0.036458333333333336 0.046875
1 0.203125 0.765625 0.03125 0.044270833333333336
1 0.4453125 0.4036458333333333 0.033854166666666664 0.03125
1 0.16015625 0.7708333333333334 0.028645833333333332 0.049479166666666664
1 0.15885416666666666 0.6236979166666666 0.03125 0.03125
1 0.109375 0.6158854166666666 0.03125 0.028645833333333332
1 0.13151041666666666 0.6236979166666666 0.0390625 0.041666666666666664
1 0.453125 0.5533854166666666 0.036458333333333336 0.033854166666666664
1 0.2109375 0.7903645833333334 0.03125 0.049479166666666664
1 0.24479166666666666 0.4401041666666667 0.036458333333333336 0.044270833333333336
1 0.13671875 0.7109375 0.041666666666666664 0.041666666666666664
1 0.109375 0.73828125 0.026041666666666668 0.041666666666666664
1 0.08984375 0.56640625 0.03125 0.044270833333333336
1 0.16666666666666666 0.546875 0.020833333333333332 0.044270833333333336
1 0.13671875 0.4986979166666667 0.033854166666666664 0.044270833333333336
1 0.11067708333333333 0.5377604166666666 0.041666666666666664 0.044270833333333336
1 0.4817708333333333 0.5234375 0.033854166666666664 0.03125
1 0.07161458333333333 0.6536458333333334 0.033854166666666664 0.044270833333333336
1 0.51171875 0.4244791666666667 0.036458333333333336 0.033854166666666664