1 0.5377604166666666 0.4309895833333333 0.07552083333333333 0.059895833333333336
1 0.8229166666666666 0.6510416666666666 0.057291666666666664 0.052083333333333336
1 0.3125 0.6015625 0.1015625 0.07552083333333333
1 0.8033854166666666 0.5859375 0.078125 0.06510416666666667
1 0.68359375 0.60546875 0.078125 0.0546875
1 0.48828125 0.6510416666666666 0.057291666666666664 0.052083333333333336
1 0.3932291666666667 0.39453125 0.0859375 0.059895833333333336
1 0.6067708333333334 0.5546875 0.06510416666666667 0.057291666666666664
1 0.24479166666666666 0.4309895833333333 0.0703125 0.052083333333333336
1 0.49609375 0.5065104166666666 0.0703125 0.046875
1 0.63671875 0.47265625 0.08333333333333333 0.0703125
1 0.6588541666666666 0.7356770833333334 0.07552083333333333 0.0703125
1 0.19921875 0.3359375 0.08854166666666667 0.0625