1 0.4752604166666667 0.6393229166666666 0.033854166666666664 0.041666666666666664
1 0.58203125 0.6575520833333334 0.0390625 0.046875
1 0.5989583333333334 0.31640625 0.041666666666666664 0.041666666666666664
1 0.6471354166666666 0.15104166666666666 0.03125 0.057291666666666664
1 0.4674479166666667 0.15625 0.0390625 0.046875
1 0.20963541666666666 0.17447916666666666 0.03125 0.057291666666666664
1 0.5559895833333334 0.30859375 0.033854166666666664 0.046875
1 0.7526041666666666 0.2630208333333333 0.033854166666666664 0.046875
1 0.3346354166666667 0.13932291666666666 0.0390625 0.052083333333333336
1 0.53515625 0.7161458333333334 0.033854166666666664 0.0625
1 0.2643229166666667 0.5494791666666666 0.0234375 0.044270833333333336
1 0.2552083333333333 0.3346354166666667 0.041666666666666664 0.036458333333333336
1 0.4609375 0.6966145833333334 0.036458333333333336 0.057291666666666664
1 0.3736979166666667 0.68359375 0.0234375 0.07291666666666667
1 0.2825520833333333 0.5768229166666666 0.026041666666666668 0.049479166666666664
1 0.6575520833333334 0.3125 0.041666666666666664 0.028645833333333332
1 0.34375 0.17708333333333334 0.044270833333333336 0.046875
1 0.32421875 0.3697916666666667 0.015625 0.057291666666666664
1 0.5169270833333334 0.4791666666666667 0.046875 0.026041666666666668
1 0.4635416666666667 0.3294270833333333 0.020833333333333332 0.057291666666666664
1 0.14322916666666666 0.3151041666666667 0.036458333333333336 0.046875
1 0.5651041666666666 0.8033854166666666 0.046875 0.03125
1 0.3723958333333333 0.5221354166666666 0.041666666666666664 0.033854166666666664
1 0.7330729166666666 0.4192708333333333 0.020833333333333332 0.057291666666666664
1 0.6640625 0.16927083333333334 0.026041666666666668 0.052083333333333336
1 0.4296875 0.17838541666666666 0.046875 0.033854166666666664
1 0.2864583333333333 0.2669270833333333 0.033854166666666664 0.0625
1 0.5716145833333334 0.2786458333333333 0.046875 0.020833333333333332