1 0.4049479166666667 0.5260416666666666 0.057291666666666664 0.020833333333333332
1 0.4700520833333333 0.5833333333333334 0.046875 0.036458333333333336
1 0.5455729166666666 0.6015625 0.07552083333333333 0.0390625
1 0.4466145833333333 0.5638020833333334 0.0546875 0.013020833333333334
1 0.4609375 0.5338541666666666 0.059895833333333336 0.033854166666666664
1 0.4674479166666667 0.4505208333333333 0.09114583333333333 0.018229166666666668
1 0.703125 0.5234375 0.0625 0.0234375
1 0.46875 0.4817708333333333 0.044270833333333336 0.03125
1 0.30859375 0.5572916666666666 0.059895833333333336 0.015625
1 0.7421875 0.5768229166666666 0.0546875 0.0234375
1 0.671875 0.4296875 0.07552083333333333 0.03125
1 0.7630208333333334 0.5013020833333334 0.049479166666666664 0.028645833333333332
1 0.7174479166666666 0.62890625 0.057291666666666664 0.015625