1 0.4596354166666667 0.46875 0.036458333333333336 0.049479166666666664
1 0.4622395833333333 0.4375 0.036458333333333336 0.052083333333333336
1 0.3372395833333333 0.21744791666666666 0.041666666666666664 0.0546875
1 0.3450520833333333 0.22786458333333334 0.052083333333333336 0.0625
1 0.2994791666666667 0.4661458333333333 0.046875 0.06510416666666667
1 0.23958333333333334 0.49609375 0.0390625 0.052083333333333336
1 0.5299479166666666 0.3190104166666667 0.052083333333333336 0.0625
1 0.4817708333333333 0.24609375 0.041666666666666664 0.052083333333333336
1 0.4127604166666667 0.4700520833333333 0.041666666666666664 0.06510416666666667
1 0.23567708333333334 0.5859375 0.036458333333333336 0.046875
1 0.2877604166666667 0.5768229166666666 0.033854166666666664 0.033854166666666664
1 0.3489583333333333 0.6184895833333334 0.059895833333333336 0.06770833333333333
1 0.421875 0.4296875 0.044270833333333336 0.059895833333333336
1 0.35546875 0.3346354166666667 0.044270833333333336 0.06510416666666667
1 0.37890625 0.296875 0.046875 0.0625
1 0.3971354166666667 0.2994791666666667 0.036458333333333336 0.041666666666666664
1 0.4283854166666667 0.3984375 0.046875 0.059895833333333336
1 0.3307291666666667 0.46875 0.033854166666666664 0.057291666666666664
1 0.4401041666666667 0.14322916666666666 0.046875 0.0546875
1 0.4296875 0.21484375 0.046875 0.0625
1 0.3489583333333333 0.2526041666666667 0.049479166666666664 0.052083333333333336
1 0.4778645833333333 0.3802083333333333 0.052083333333333336 0.057291666666666664
1 0.3815104166666667 0.5638020833333334 0.049479166666666664 0.049479166666666664
1 0.4140625 0.55859375 0.046875 0.057291666666666664
1 0.4817708333333333 0.2903645833333333 0.044270833333333336 0.046875
1 0.5247395833333334 0.3489583333333333 0.044270833333333336 0.057291666666666664
1 0.3059895833333333 0.3580729166666667 0.0390625 0.057291666666666664
1 0.2864583333333333 0.4244791666666667 0.049479166666666664 0.06770833333333333
1 0.3229166666666667 0.375 0.052083333333333336 0.0703125
1 0.4596354166666667 0.33203125 0.046875 0.041666666666666664
1 0.3255208333333333 0.4947916666666667 0.044270833333333336 0.046875
1 0.3841145833333333 0.38671875 0.036458333333333336 0.052083333333333336
1 0.18229166666666666 0.69140625 0.0546875 0.078125
1 0.3463541666666667 0.76953125 0.06510416666666667 0.07552083333333333
1 0.43359375 0.6419270833333334 0.0546875 0.0703125
1 0.5364583333333334 0.4270833333333333 0.052083333333333336 0.078125
1 0.23828125 0.3763020833333333 0.049479166666666664 0.06510416666666667
1 0.4557291666666667 0.2578125 0.052083333333333336 0.0625
1 0.30859375 0.4309895833333333 0.049479166666666664 0.046875
1 0.3489583333333333 0.40625 0.049479166666666664 0.06510416666666667
1 0.4973958333333333 0.5611979166666666 0.057291666666666664 0.06510416666666667
1 0.24869791666666666 0.4361979166666667 0.041666666666666664 0.0625
1 0.4075520833333333 0.6145833333333334 0.044270833333333336 0.0546875
1 0.2786458333333333 0.5078125 0.041666666666666664 0.057291666666666664
1 0.23046875 0.5325520833333334 0.044270833333333336 0.052083333333333336
1 0.23958333333333334 0.5390625 0.046875 0.0703125
1 0.31640625 0.5260416666666666 0.049479166666666664 0.059895833333333336
1 0.4192708333333333 0.48046875 0.046875 0.0703125
1 0.3020833333333333 0.4075520833333333 0.049479166666666664 0.0625
1 0.4010416666666667 0.2643229166666667 0.049479166666666664 0.049479166666666664
1 0.2760416666666667 0.3880208333333333 0.052083333333333336 0.06770833333333333
1 0.3151041666666667 0.5924479166666666 0.0390625 0.057291666666666664
1 0.4140625 0.19921875 0.049479166666666664 0.06770833333333333
1 0.23828125 0.4674479166666667 0.044270833333333336 0.0625
1 0.27734375 0.4544270833333333 0.057291666666666664 0.052083333333333336
1 0.47265625 0.3229166666666667 0.041666666666666664 0.046875
1 0.3502604166666667 0.3046875 0.052083333333333336 0.057291666666666664
1 0.4205729166666667 0.2877604166666667 0.041666666666666664 0.044270833333333336
1 0.44140625 0.32421875 0.0390625 0.046875
1 0.4817708333333333 0.2747395833333333 0.033854166666666664 0.033854166666666664
1 0.3984375 0.3294270833333333 0.0390625 0.046875
1 0.27734375 0.3203125 0.049479166666666664 0.057291666666666664
1 0.3424479166666667 0.5364583333333334 0.0390625 0.0546875
1 0.2604166666666667 0.46875 0.059895833333333336 0.0625
1 0.453125 0.24348958333333334 0.0390625 0.052083333333333336
1 0.3020833333333333 0.37890625 0.046875 0.06510416666666667
1 0.3815104166666667 0.3450520833333333 0.041666666666666664 0.0625
1 0.3151041666666667 0.7005208333333334 0.057291666666666664 0.0703125
1 0.3216145833333333 0.65234375 0.057291666666666664 0.059895833333333336
1 0.2552083333333333 0.4010416666666667 0.052083333333333336 0.0625
1 0.2877604166666667 0.5390625 0.046875 0.052083333333333336
1 0.328125 0.4049479166666667 0.057291666666666664 0.08333333333333333
1 0.3723958333333333 0.44140625 0.057291666666666664 0.0546875
1 0.3802083333333333 0.46875 0.041666666666666664 0.06510416666666667
1 0.44140625 0.29296875 0.049479166666666664 0.052083333333333336
1 0.3971354166666667 0.4166666666666667 0.036458333333333336 0.0546875
1 0.22526041666666666 0.4153645833333333 0.046875 0.0546875
1 0.38671875 0.6015625 0.041666666666666664 0.059895833333333336
1 0.3177083333333333 0.21484375 0.049479166666666664 0.057291666666666664
1 0.22135416666666666 0.5625 0.049479166666666664 0.06770833333333333
1 0.3971354166666667 0.4765625 0.036458333333333336 0.0625
1 0.3268229166666667 0.3190104166666667 0.044270833333333336 0.0703125
1 0.2578125 0.57421875 0.046875 0.0625
1 0.2734375 0.5911458333333334 0.028645833333333332 0.03125
1 0.3645833333333333 0.59765625 0.059895833333333336 0.06510416666666667
1 0.3502604166666667 0.4986979166666667 0.052083333333333336 0.044270833333333336
1 0.42578125 0.359375 0.041666666666666664 0.052083333333333336
1 0.46484375 0.19791666666666666 0.028645833333333332 0.041666666666666664
1 0.3971354166666667 0.3763020833333333 0.044270833333333336 0.044270833333333336
1 0.41015625 0.3515625 0.046875 0.06510416666666667
1 0.24869791666666666 0.609375 0.03125 0.0390625