1 0.53125 0.4908854166666667 0.0390625 0.03125
1 0.4596354166666667 0.5768229166666666 0.0390625 0.033854166666666664
1 0.48828125 0.7434895833333334 0.020833333333333332 0.026041666666666668
1 0.51171875 0.6770833333333334 0.0390625 0.052083333333333336
1 0.4934895833333333 0.5768229166666666 0.028645833333333332 0.052083333333333336
1 0.53515625 0.546875 0.03125 0.046875
1 0.4921875 0.65625 0.03125 0.057291666666666664
1 0.5104166666666666 0.71875 0.041666666666666664 0.041666666666666664
1 0.6002604166666666 0.56640625 0.052083333333333336 0.059895833333333336
1 0.5052083333333334 0.421875 0.03125 0.059895833333333336
1 0.44921875 0.5611979166666666 0.0390625 0.044270833333333336
1 0.5364583333333334 0.4361979166666667 0.041666666666666664 0.059895833333333336
1 0.5572916666666666 0.5520833333333334 0.020833333333333332 0.046875
1 0.4739583333333333 0.6979166666666666 0.0234375 0.059895833333333336
1 0.53125 0.7044270833333334 0.020833333333333332 0.0625