1 0.4309895833333333 0.56640625 0.018229166666666668 0.03125
1 0.4401041666666667 0.6328125 0.028645833333333332 0.020833333333333332
1 0.4075520833333333 0.6158854166666666 0.020833333333333332 0.015625
1 0.4635416666666667 0.5989583333333334 0.028645833333333332 0.028645833333333332
1 0.4088541666666667 0.5559895833333334 0.03125 0.026041666666666668
1 0.4609375 0.58203125 0.028645833333333332 0.028645833333333332
1 0.4908854166666667 0.5950520833333334 0.0234375 0.0390625
1 0.4895833333333333 0.60546875 0.020833333333333332 0.028645833333333332
1 0.4231770833333333 0.6002604166666666 0.028645833333333332 0.020833333333333332
1 0.41796875 0.6276041666666666 0.026041666666666668 0.020833333333333332
1 0.4309895833333333 0.6145833333333334 0.03125 0.028645833333333332
1 0.4661458333333333 0.62890625 0.020833333333333332 0.033854166666666664
1 0.44921875 0.6106770833333334 0.026041666666666668 0.028645833333333332