1 0.58203125 0.3359375 0.078125 0.0546875
1 0.3697916666666667 0.7526041666666666 0.09114583333333333 0.07291666666666667
1 0.23567708333333334 0.5768229166666666 0.08333333333333333 0.08072916666666667
1 0.3802083333333333 0.4856770833333333 0.08072916666666667 0.078125
1 0.49609375 0.28125 0.07291666666666667 0.08072916666666667
1 0.6692708333333334 0.6484375 0.08072916666666667 0.0703125
1 0.5768229166666666 0.049479166666666664 0.0703125 0.08333333333333333
1 0.5963541666666666 0.3697916666666667 0.06770833333333333 0.057291666666666664
1 0.5091145833333334 0.3815104166666667 0.0703125 0.0859375
1 0.6510416666666666 0.2721354166666667 0.057291666666666664 0.078125
1 0.5299479166666666 0.22916666666666666 0.09635416666666667 0.07552083333333333
1 0.5260416666666666 0.4830729166666667 0.0546875 0.09375
1 0.5559895833333334 0.6302083333333334 0.06770833333333333 0.06770833333333333
1 0.6979166666666666 0.4661458333333333 0.06510416666666667 0.052083333333333336
1 0.3111979166666667 0.6653645833333334 0.07291666666666667 0.08854166666666667
1 0.4036458333333333 0.56640625 0.078125 0.08333333333333333
1 0.30859375 0.18229166666666666 0.06510416666666667 0.10416666666666667
1 0.5729166666666666 0.5859375 0.07552083333333333 0.059895833333333336
1 0.3033854166666667 0.3424479166666667 0.07291666666666667 0.09114583333333333
1 0.3893229166666667 0.18359375 0.06510416666666667 0.0859375
1 0.3815104166666667 0.66796875 0.08072916666666667 0.07552083333333333
1 0.3450520833333333 0.3932291666666667 0.059895833333333336 0.0859375
1 0.2682291666666667 0.3515625 0.06770833333333333 0.0625
1 0.64453125 0.3190104166666667 0.046875 0.07552083333333333
1 0.4375 0.21354166666666666 0.08333333333333333 0.11197916666666667
1 0.67578125 0.24088541666666666 0.07552083333333333 0.049479166666666664
1 0.4440104166666667 0.4140625 0.06510416666666667 0.078125
1 0.60546875 0.2643229166666667 0.052083333333333336 0.11197916666666667
1 0.5794270833333334 0.4817708333333333 0.0546875 0.09114583333333333
1 0.7513020833333334 0.4947916666666667 0.044270833333333336 0.06770833333333333