1 0.3151041666666667 0.24609375 0.028645833333333332 0.028645833333333332
1 0.3489583333333333 0.3893229166666667 0.028645833333333332 0.0390625
1 0.3489583333333333 0.5703125 0.028645833333333332 0.041666666666666664
1 0.2838541666666667 0.5091145833333334 0.028645833333333332 0.036458333333333336
1 0.3567708333333333 0.70703125 0.036458333333333336 0.033854166666666664
1 0.42578125 0.7291666666666666 0.03125 0.052083333333333336
1 0.38671875 0.51953125 0.020833333333333332 0.044270833333333336
1 0.4322916666666667 0.51953125 0.0234375 0.0390625
1 0.46875 0.43359375 0.033854166666666664 0.0390625
1 0.5572916666666666 0.42578125 0.020833333333333332 0.041666666666666664
1 0.5690104166666666 0.21744791666666666 0.028645833333333332 0.041666666666666664
1 0.5846354166666666 0.4166666666666667 0.028645833333333332 0.033854166666666664
1 0.6067708333333334 0.3828125 0.020833333333333332 0.036458333333333336
1 0.6484375 0.6041666666666666 0.028645833333333332 0.0234375
1 0.5872395833333334 0.62109375 0.020833333333333332 0.046875
1 0.5716145833333334 0.6796875 0.03125 0.0390625
1 0.48828125 0.6315104166666666 0.03125 0.028645833333333332
1 0.5130208333333334 0.48828125 0.028645833333333332 0.028645833333333332
1 0.4765625 0.5611979166666666 0.03125 0.026041666666666668
1 0.5247395833333334 0.4791666666666667 0.028645833333333332 0.06770833333333333
1 0.484375 0.59765625 0.028645833333333332 0.0390625
1 0.5768229166666666 0.58984375 0.0234375 0.0546875
1 0.3450520833333333 0.3541666666666667 0.03125 0.044270833333333336
1 0.3229166666666667 0.3919270833333333 0.028645833333333332 0.036458333333333336
1 0.265625 0.375 0.028645833333333332 0.0390625
1 0.3684895833333333 0.4505208333333333 0.03125 0.0390625
1 0.3111979166666667 0.6067708333333334 0.03125 0.044270833333333336
1 0.3528645833333333 0.5377604166666666 0.020833333333333332 0.0390625
1 0.3997395833333333 0.6640625 0.026041666666666668 0.044270833333333336
1 0.3880208333333333 0.5455729166666666 0.0234375 0.026041666666666668
1 0.4453125 0.4830729166666667 0.028645833333333332 0.059895833333333336
1 0.41796875 0.3919270833333333 0.03125 0.0390625
1 0.4166666666666667 0.24869791666666666 0.026041666666666668 0.0546875
1 0.5052083333333334 0.4244791666666667 0.028645833333333332 0.041666666666666664
1 0.51953125 0.41015625 0.028645833333333332 0.020833333333333332
1 0.5755208333333334 0.51953125 0.028645833333333332 0.033854166666666664
1 0.6080729166666666 0.7890625 0.028645833333333332 0.036458333333333336
1 0.5677083333333334 0.74609375 0.033854166666666664 0.028645833333333332
1 0.5052083333333334 0.5403645833333334 0.026041666666666668 0.049479166666666664
1 0.5221354166666666 0.546875 0.028645833333333332 0.03125
1 0.53125 0.5286458333333334 0.0234375 0.0234375
1 0.3580729166666667 0.45703125 0.0234375 0.052083333333333336
1 0.3151041666666667 0.4166666666666667 0.026041666666666668 0.0234375
1 0.3216145833333333 0.5234375 0.028645833333333332 0.033854166666666664
1 0.3658854166666667 0.6614583333333334 0.03125 0.028645833333333332
1 0.4036458333333333 0.5872395833333334 0.0390625 0.036458333333333336
1 0.38671875 0.5690104166666666 0.03125 0.0390625
1 0.4075520833333333 0.5416666666666666 0.026041666666666668 0.028645833333333332
1 0.4557291666666667 0.4934895833333333 0.018229166666666668 0.041666666666666664
1 0.390625 0.21223958333333334 0.026041666666666668 0.041666666666666664
1 0.5390625 0.4505208333333333 0.03125 0.041666666666666664
1 0.5703125 0.4440104166666667 0.036458333333333336 0.041666666666666664
1 0.5442708333333334 0.3854166666666667 0.0234375 0.036458333333333336
1 0.5481770833333334 0.3606770833333333 0.020833333333333332 0.044270833333333336
1 0.5455729166666666 0.296875 0.026041666666666668 0.026041666666666668
1 0.5690104166666666 0.3151041666666667 0.026041666666666668 0.028645833333333332
1 0.5651041666666666 0.23177083333333334 0.026041666666666668 0.041666666666666664
1 0.5846354166666666 0.3359375 0.028645833333333332 0.028645833333333332
1 0.6015625 0.5625 0.026041666666666668 0.046875
1 0.5651041666666666 0.56640625 0.028645833333333332 0.033854166666666664
1 0.6236979166666666 0.7786458333333334 0.026041666666666668 0.028645833333333332
1 0.5390625 0.6653645833333334 0.020833333333333332 0.046875
1 0.5598958333333334 0.6692708333333334 0.018229166666666668 0.033854166666666664
1 0.5091145833333334 0.58984375 0.03125 0.0390625
1 0.4986979166666667 0.60546875 0.028645833333333332 0.036458333333333336
1 0.56640625 0.4192708333333333 0.028645833333333332 0.046875
1 0.6171875 0.6640625 0.028645833333333332 0.03125
1 0.3111979166666667 0.20833333333333334 0.026041666666666668 0.0546875
1 0.3020833333333333 0.4036458333333333 0.03125 0.0234375
1 0.3359375 0.4153645833333333 0.0234375 0.026041666666666668
1 0.41015625 0.51171875 0.0234375 0.028645833333333332
1 0.546875 0.33984375 0.020833333333333332 0.041666666666666664
1 0.5104166666666666 0.2747395833333333 0.026041666666666668 0.036458333333333336
1 0.5338541666666666 0.2513020833333333 0.03125 0.03125
1 0.6028645833333334 0.33203125 0.026041666666666668 0.033854166666666664
1 0.5963541666666666 0.44921875 0.03125 0.033854166666666664
1 0.5846354166666666 0.4713541666666667 0.0234375 0.044270833333333336
1 0.61328125 0.5924479166666666 0.028645833333333332 0.028645833333333332
1 0.6002604166666666 0.6184895833333334 0.026041666666666668 0.044270833333333336
1 0.62890625 0.640625 0.028645833333333332 0.033854166666666664
1 0.6015625 0.68359375 0.033854166666666664 0.036458333333333336
1 0.55078125 0.6953125 0.020833333333333332 0.036458333333333336
1 0.5403645833333334 0.6028645833333334 0.028645833333333332 0.028645833333333332
1 0.44921875 0.61328125 0.033854166666666664 0.041666666666666664
1 0.51953125 0.5208333333333334 0.0234375 0.033854166666666664
1 0.4596354166666667 0.5690104166666666 0.028645833333333332 0.026041666666666668
1 0.4934895833333333 0.5169270833333334 0.026041666666666668 0.020833333333333332
1 0.4947916666666667 0.4127604166666667 0.026041666666666668 0.046875
1 0.359375 0.6705729166666666 0.0234375 0.036458333333333336
1 0.3346354166666667 0.22395833333333334 0.0234375 0.046875
1 0.3658854166666667 0.4088541666666667 0.0234375 0.041666666666666664
1 0.375 0.4375 0.026041666666666668 0.026041666666666668
1 0.3723958333333333 0.4895833333333333 0.0234375 0.041666666666666664
1 0.3515625 0.4388020833333333 0.026041666666666668 0.036458333333333336
1 0.3385416666666667 0.53515625 0.028645833333333332 0.028645833333333332
1 0.3346354166666667 0.6119791666666666 0.026041666666666668 0.046875
1 0.359375 0.5286458333333334 0.0234375 0.041666666666666664
1 0.4322916666666667 0.49609375 0.028645833333333332 0.033854166666666664
1 0.4635416666666667 0.3880208333333333 0.0234375 0.0390625
1 0.5299479166666666 0.4427083333333333 0.026041666666666668 0.03125
1 0.5546875 0.4986979166666667 0.03125 0.033854166666666664
1 0.54296875 0.4088541666666667 0.0234375 0.036458333333333336
1 0.5872395833333334 0.23697916666666666 0.033854166666666664 0.033854166666666664
1 0.5963541666666666 0.515625 0.028645833333333332 0.0234375
1 0.6184895833333334 0.5638020833333334 0.03125 0.0390625
1 0.5690104166666666 0.5950520833333334 0.026041666666666668 0.0390625
1 0.58984375 0.6510416666666666 0.033854166666666664 0.0390625
1 0.61328125 0.6822916666666666 0.020833333333333332 0.033854166666666664
1 0.5950520833333334 0.7057291666666666 0.028645833333333332 0.028645833333333332
1 0.61328125 0.7408854166666666 0.033854166666666664 0.033854166666666664
1 0.4752604166666667 0.69140625 0.028645833333333332 0.044270833333333336
1 0.51171875 0.4765625 0.036458333333333336 0.036458333333333336
1 0.5221354166666666 0.3411458333333333 0.026041666666666668 0.0390625
1 0.34375 0.421875 0.028645833333333332 0.03125
1 0.3463541666666667 0.4791666666666667 0.028645833333333332 0.0390625
1 0.4127604166666667 0.49609375 0.028645833333333332 0.036458333333333336
1 0.40234375 0.25390625 0.028645833333333332 0.0390625
1 0.3893229166666667 0.23307291666666666 0.03125 0.028645833333333332
1 0.42578125 0.25390625 0.026041666666666668 0.046875
1 0.48046875 0.39453125 0.028645833333333332 0.033854166666666664
1 0.5026041666666666 0.44921875 0.028645833333333332 0.026041666666666668
1 0.5494791666666666 0.4739583333333333 0.028645833333333332 0.036458333333333336
1 0.5716145833333334 0.4778645833333333 0.0234375 0.028645833333333332
1 0.6145833333333334 0.3606770833333333 0.03125 0.026041666666666668
1 0.5911458333333334 0.5807291666666666 0.03125 0.041666666666666664
1 0.5846354166666666 0.6809895833333334 0.028645833333333332 0.033854166666666664
1 0.6184895833333334 0.71875 0.028645833333333332 0.028645833333333332
1 0.5247395833333334 0.6015625 0.028645833333333332 0.049479166666666664
1 0.4869791666666667 0.5833333333333334 0.018229166666666668 0.0390625
1 0.49609375 0.4830729166666667 0.0234375 0.041666666666666664
1 0.53125 0.49609375 0.0234375 0.046875
1 0.46484375 0.58984375 0.033854166666666664 0.033854166666666664
1 0.4622395833333333 0.5377604166666666 0.03125 0.028645833333333332
1 0.5299479166666666 0.3971354166666667 0.03125 0.033854166666666664
1 0.5338541666666666 0.73828125 0.028645833333333332 0.041666666666666664
1 0.3046875 0.2760416666666667 0.020833333333333332 0.044270833333333336
1 0.3125 0.3059895833333333 0.03125 0.033854166666666664
1 0.3580729166666667 0.3385416666666667 0.026041666666666668 0.044270833333333336
1 0.33984375 0.24869791666666666 0.028645833333333332 0.044270833333333336
1 0.3932291666666667 0.4778645833333333 0.0234375 0.052083333333333336
1 0.34375 0.4622395833333333 0.03125 0.041666666666666664
1 0.3333333333333333 0.5572916666666666 0.026041666666666668 0.036458333333333336
1 0.2955729166666667 0.51953125 0.028645833333333332 0.041666666666666664
1 0.375 0.59765625 0.026041666666666668 0.049479166666666664
1 0.4205729166666667 0.6458333333333334 0.03125 0.0390625
1 0.48828125 0.3736979166666667 0.028645833333333332 0.036458333333333336
1 0.52734375 0.4231770833333333 0.026041666666666668 0.0390625
1 0.51171875 0.3229166666666667 0.020833333333333332 0.049479166666666664
1 0.5260416666666666 0.2669270833333333 0.03125 0.033854166666666664
1 0.609375 0.4765625 0.03125 0.03125
1 0.60546875 0.7513020833333334 0.033854166666666664 0.028645833333333332
1 0.5325520833333334 0.7643229166666666 0.03125 0.0390625
1 0.4856770833333333 0.6731770833333334 0.0234375 0.044270833333333336
1 0.4739583333333333 0.53125 0.0234375 0.020833333333333332
1 0.4622395833333333 0.55078125 0.026041666666666668 0.020833333333333332
1 0.3658854166666667 0.4856770833333333 0.026041666666666668 0.028645833333333332
1 0.2903645833333333 0.28125 0.020833333333333332 0.041666666666666664
1 0.3307291666666667 0.3020833333333333 0.028645833333333332 0.03125
1 0.3463541666666667 0.5091145833333334 0.020833333333333332 0.041666666666666664
1 0.32421875 0.5065104166666666 0.03125 0.033854166666666664
1 0.3736979166666667 0.5455729166666666 0.028645833333333332 0.0390625
1 0.38671875 0.4986979166666667 0.020833333333333332 0.041666666666666664
1 0.5026041666666666 0.3971354166666667 0.026041666666666668 0.033854166666666664
1 0.5924479166666666 0.3619791666666667 0.0234375 0.036458333333333336
1 0.6458333333333334 0.4908854166666667 0.028645833333333332 0.044270833333333336
1 0.6341145833333334 0.46875 0.0234375 0.0390625
1 0.6236979166666666 0.6184895833333334 0.028645833333333332 0.041666666666666664
1 0.64453125 0.6223958333333334 0.028645833333333332 0.0390625
1 0.5755208333333334 0.55859375 0.03125 0.033854166666666664
1 0.5325520833333334 0.8125 0.03125 0.046875
1 0.5390625 0.7526041666666666 0.03125 0.0390625
1 0.546875 0.7265625 0.03125 0.041666666666666664
1 0.5169270833333334 0.6575520833333334 0.026041666666666668 0.041666666666666664
1 0.4921875 0.5494791666666666 0.026041666666666668 0.046875
1 0.37109375 0.5247395833333334 0.0234375 0.03125
1 0.328125 0.4322916666666667 0.026041666666666668 0.044270833333333336
1 0.5078125 0.26171875 0.03125 0.03125