1 0.36328125 0.5 0.0625 0.044270833333333336
1 0.3424479166666667 0.59765625 0.03125 0.06510416666666667
1 0.4244791666666667 0.43359375 0.052083333333333336 0.044270833333333336
1 0.4986979166666667 0.3098958333333333 0.041666666666666664 0.0625
1 0.5755208333333334 0.5807291666666666 0.057291666666666664 0.06510416666666667
1 0.46875 0.5065104166666666 0.044270833333333336 0.057291666666666664
1 0.49609375 0.5026041666666666 0.0390625 0.06510416666666667
1 0.4895833333333333 0.6028645833333334 0.03125 0.0625
1 0.4401041666666667 0.4518229166666667 0.044270833333333336 0.08072916666666667
1 0.76171875 0.14583333333333334 0.049479166666666664 0.049479166666666664
1 0.4583333333333333 0.6380208333333334 0.0546875 0.06510416666666667
1 0.4830729166666667 0.5559895833333334 0.0625 0.044270833333333336
1 0.4557291666666667 0.58984375 0.044270833333333336 0.0625
1 0.3697916666666667 0.4244791666666667 0.049479166666666664 0.06770833333333333
1 0.4817708333333333 0.4088541666666667 0.046875 0.06770833333333333
1 0.5390625 0.7708333333333334 0.041666666666666664 0.078125
1 0.3528645833333333 0.8346354166666666 0.0546875 0.08854166666666667
1 0.5364583333333334 0.5260416666666666 0.044270833333333336 0.06510416666666667
1 0.48046875 0.71875 0.041666666666666664 0.07291666666666667