1 0.5299479166666666 0.4075520833333333 0.059895833333333336 0.07291666666666667
1 0.3919270833333333 0.46484375 0.041666666666666664 0.0546875
1 0.5299479166666666 0.48046875 0.044270833333333336 0.057291666666666664
1 0.3984375 0.4088541666666667 0.0234375 0.0234375
1 0.3684895833333333 0.640625 0.0390625 0.0625
1 0.6432291666666666 0.6809895833333334 0.07552083333333333 0.0703125
1 0.3893229166666667 0.70703125 0.0546875 0.0703125
1 0.6041666666666666 0.6640625 0.052083333333333336 0.06510416666666667
1 0.3841145833333333 0.5130208333333334 0.052083333333333336 0.0703125
1 0.4205729166666667 0.5911458333333334 0.059895833333333336 0.06510416666666667
1 0.421875 0.5638020833333334 0.057291666666666664 0.0703125
1 0.2682291666666667 0.5169270833333334 0.0625 0.07291666666666667
1 0.6171875 0.4661458333333333 0.0703125 0.07291666666666667
1 0.6666666666666666 0.3489583333333333 0.057291666666666664 0.0625
1 0.5690104166666666 0.4934895833333333 0.0625 0.0625
1 0.5625 0.4700520833333333 0.0546875 0.052083333333333336
1 0.5377604166666666 0.6263020833333334 0.052083333333333336 0.0625
1 0.62109375 0.5729166666666666 0.0546875 0.07552083333333333
1 0.66796875 0.4752604166666667 0.0859375 0.08072916666666667
1 0.6302083333333334 0.2669270833333333 0.06510416666666667 0.0703125
1 0.41796875 0.4622395833333333 0.049479166666666664 0.049479166666666664
1 0.4309895833333333 0.5455729166666666 0.046875 0.041666666666666664
1 0.5690104166666666 0.6145833333333334 0.057291666666666664 0.07552083333333333
1 0.5364583333333334 0.4505208333333333 0.059895833333333336 0.059895833333333336
1 0.3997395833333333 0.4296875 0.046875 0.036458333333333336
1 0.68359375 0.45703125 0.0390625 0.052083333333333336
1 0.7044270833333334 0.37890625 0.046875 0.06770833333333333
1 0.6223958333333334 0.3268229166666667 0.049479166666666664 0.06510416666666667