1 0.58203125 0.5846354166666666 0.033854166666666664 0.044270833333333336
1 0.56640625 0.5794270833333334 0.028645833333333332 0.041666666666666664
1 0.4921875 0.45703125 0.0234375 0.041666666666666664
1 0.5455729166666666 0.4231770833333333 0.026041666666666668 0.036458333333333336
1 0.5078125 0.44921875 0.036458333333333336 0.020833333333333332
1 0.5208333333333334 0.4830729166666667 0.015625 0.028645833333333332
1 0.5690104166666666 0.5104166666666666 0.041666666666666664 0.020833333333333332
1 0.5598958333333334 0.4544270833333333 0.026041666666666668 0.046875
1 0.6223958333333334 0.50390625 0.028645833333333332 0.049479166666666664
1 0.6783854166666666 0.4791666666666667 0.026041666666666668 0.03125
1 0.48828125 0.5846354166666666 0.018229166666666668 0.028645833333333332
1 0.4934895833333333 0.56640625 0.028645833333333332 0.020833333333333332
1 0.4518229166666667 0.5104166666666666 0.028645833333333332 0.0234375
1 0.3984375 0.4609375 0.0390625 0.028645833333333332
1 0.4244791666666667 0.4544270833333333 0.028645833333333332 0.020833333333333332
1 0.4466145833333333 0.453125 0.0234375 0.036458333333333336
1 0.4778645833333333 0.43359375 0.0234375 0.018229166666666668
1 0.5169270833333334 0.5625 0.028645833333333332 0.033854166666666664
1 0.5924479166666666 0.5533854166666666 0.036458333333333336 0.03125
1 0.5338541666666666 0.44140625 0.018229166666666668 0.036458333333333336
1 0.59375 0.5325520833333334 0.018229166666666668 0.020833333333333332
1 0.6067708333333334 0.5481770833333334 0.026041666666666668 0.0234375
1 0.6236979166666666 0.5481770833333334 0.028645833333333332 0.049479166666666664
1 0.63671875 0.55078125 0.0234375 0.046875
1 0.66796875 0.4947916666666667 0.020833333333333332 0.020833333333333332
1 0.7109375 0.5104166666666666 0.03125 0.026041666666666668
1 0.6471354166666666 0.5729166666666666 0.0234375 0.041666666666666664
1 0.7252604166666666 0.52734375 0.033854166666666664 0.033854166666666664
1 0.34765625 0.4505208333333333 0.0390625 0.03125
1 0.51171875 0.4609375 0.036458333333333336 0.018229166666666668
1 0.53125 0.53125 0.044270833333333336 0.046875
1 0.57421875 0.44921875 0.03125 0.041666666666666664
1 0.4791666666666667 0.5638020833333334 0.028645833333333332 0.036458333333333336
1 0.4440104166666667 0.4869791666666667 0.033854166666666664 0.028645833333333332
1 0.5390625 0.6145833333333334 0.046875 0.046875
1 0.5390625 0.4947916666666667 0.020833333333333332 0.03125
1 0.63671875 0.5078125 0.020833333333333332 0.0390625
1 0.6575520833333334 0.5208333333333334 0.03125 0.028645833333333332
1 0.4635416666666667 0.4791666666666667 0.026041666666666668 0.044270833333333336
1 0.453125 0.53125 0.026041666666666668 0.03125
1 0.4270833333333333 0.5104166666666666 0.0390625 0.046875
1 0.3958333333333333 0.48828125 0.020833333333333332 0.041666666666666664
1 0.5455729166666666 0.5481770833333334 0.03125 0.028645833333333332
1 0.5104166666666666 0.42578125 0.041666666666666664 0.036458333333333336
1 0.5078125 0.4791666666666667 0.026041666666666668 0.033854166666666664
1 0.6354166666666666 0.4661458333333333 0.046875 0.0390625
1 0.6953125 0.53125 0.0390625 0.036458333333333336
1 0.4791666666666667 0.46484375 0.0234375 0.026041666666666668
1 0.41015625 0.4921875 0.033854166666666664 0.044270833333333336
1 0.5260416666666666 0.3971354166666667 0.0390625 0.044270833333333336
1 0.6575520833333334 0.5533854166666666 0.028645833333333332 0.0390625
1 0.5286458333333334 0.4895833333333333 0.0234375 0.0625
1 0.46875 0.5416666666666666 0.0234375 0.03125
1 0.578125 0.6119791666666666 0.036458333333333336 0.026041666666666668
1 0.3333333333333333 0.6223958333333334 0.018229166666666668 0.03125
1 0.5416666666666666 0.5716145833333334 0.036458333333333336 0.03125
1 0.5807291666666666 0.4908854166666667 0.026041666666666668 0.0390625
1 0.55859375 0.4934895833333333 0.026041666666666668 0.044270833333333336
1 0.5481770833333334 0.45703125 0.03125 0.049479166666666664
1 0.6692708333333334 0.5338541666666666 0.028645833333333332 0.018229166666666668
1 0.49609375 0.609375 0.026041666666666668 0.033854166666666664
1 0.4752604166666667 0.6158854166666666 0.026041666666666668 0.046875
1 0.4778645833333333 0.4830729166666667 0.015625 0.018229166666666668
1 0.4752604166666667 0.5846354166666666 0.018229166666666668 0.033854166666666664
1 0.46875 0.5091145833333334 0.036458333333333336 0.044270833333333336
1 0.4192708333333333 0.4427083333333333 0.036458333333333336 0.03125
1 0.453125 0.4361979166666667 0.033854166666666664 0.028645833333333332
1 0.4934895833333333 0.4127604166666667 0.026041666666666668 0.036458333333333336
1 0.6549479166666666 0.5026041666666666 0.028645833333333332 0.028645833333333332
1 0.37890625 0.6653645833333334 0.0234375 0.0546875
1 0.5755208333333334 0.53125 0.044270833333333336 0.044270833333333336
1 0.5924479166666666 0.4700520833333333 0.036458333333333336 0.036458333333333336
1 0.6080729166666666 0.4934895833333333 0.028645833333333332 0.0390625
1 0.6901041666666666 0.4973958333333333 0.03125 0.033854166666666664
1 0.4622395833333333 0.5651041666666666 0.020833333333333332 0.03125
1 0.4270833333333333 0.4752604166666667 0.028645833333333332 0.020833333333333332