1 0.703125 0.6536458333333334 0.049479166666666664 0.07552083333333333
1 0.6666666666666666 0.5911458333333334 0.059895833333333336 0.0625
1 0.4075520833333333 0.7578125 0.0546875 0.06510416666666667
1 0.5065104166666666 0.2265625 0.0625 0.0625
1 0.6015625 0.15104166666666666 0.0546875 0.059895833333333336
1 0.4466145833333333 0.921875 0.046875 0.0859375
1 0.5546875 0.81640625 0.06770833333333333 0.0625
1 0.515625 0.5338541666666666 0.049479166666666664 0.09114583333333333
1 0.12239583333333333 0.5286458333333334 0.0546875 0.07552083333333333
1 0.59375 0.6901041666666666 0.052083333333333336 0.08333333333333333
1 0.6471354166666666 0.15755208333333334 0.049479166666666664 0.09114583333333333
1 0.07942708333333333 0.4114583333333333 0.0625 0.052083333333333336
1 0.11848958333333333 0.3515625 0.046875 0.0703125
1 0.17057291666666666 0.15494791666666666 0.07291666666666667 0.06510416666666667
1 0.3463541666666667 0.8515625 0.0625 0.06770833333333333
1 0.6236979166666666 0.51953125 0.0625 0.07291666666666667
1 0.20703125 0.6432291666666666 0.0703125 0.08072916666666667
1 0.63671875 0.7747395833333334 0.059895833333333336 0.052083333333333336
1 0.4544270833333333 0.4947916666666667 0.049479166666666664 0.046875
1 0.5299479166666666 0.2578125 0.041666666666666664 0.06770833333333333
1 0.546875 0.5989583333333334 0.0546875 0.0703125
1 0.37890625 0.3450520833333333 0.0390625 0.0703125
1 0.328125 0.3645833333333333 0.041666666666666664 0.06770833333333333
1 0.16666666666666666 0.38671875 0.0625 0.044270833333333336
1 0.39453125 0.5729166666666666 0.0546875 0.06770833333333333
1 0.3098958333333333 0.5625 0.06510416666666667 0.041666666666666664
1 0.578125 0.3958333333333333 0.0625 0.057291666666666664
1 0.3541666666666667 0.1328125 0.044270833333333336 0.07552083333333333