1 0.5221354166666666 0.3606770833333333 0.033854166666666664 0.041666666666666664
1 0.4153645833333333 0.34375 0.0390625 0.046875
1 0.4036458333333333 0.6848958333333334 0.041666666666666664 0.041666666666666664
1 0.359375 0.8515625 0.03125 0.057291666666666664
1 0.5390625 0.84375 0.0390625 0.046875
1 0.7955729166666666 0.8203125 0.03125 0.057291666666666664
1 0.4479166666666667 0.6927083333333334 0.033854166666666664 0.046875
1 0.2513020833333333 0.7408854166666666 0.033854166666666664 0.049479166666666664
1 0.671875 0.8580729166666666 0.0390625 0.052083333333333336
1 0.4609375 0.2838541666666667 0.033854166666666664 0.0625
1 0.734375 0.4466145833333333 0.0234375 0.044270833333333336
1 0.7473958333333334 0.6614583333333334 0.041666666666666664 0.036458333333333336
1 0.53515625 0.3020833333333333 0.036458333333333336 0.057291666666666664
1 0.6236979166666666 0.3138020833333333 0.0234375 0.07291666666666667
1 0.7161458333333334 0.4192708333333333 0.026041666666666668 0.049479166666666664
1 0.3463541666666667 0.6901041666666666 0.044270833333333336 0.028645833333333332
1 0.6614583333333334 0.8203125 0.044270833333333336 0.046875
1 0.6783854166666666 0.6276041666666666 0.018229166666666668 0.057291666666666664
1 0.4830729166666667 0.5208333333333334 0.046875 0.028645833333333332
1 0.5390625 0.6692708333333334 0.020833333333333332 0.057291666666666664
1 0.859375 0.6783854166666666 0.036458333333333336 0.046875
1 0.4296875 0.19791666666666666 0.046875 0.03125
1 0.6276041666666666 0.4752604166666667 0.041666666666666664 0.033854166666666664
1 0.2682291666666667 0.5846354166666666 0.020833333333333332 0.057291666666666664
1 0.3411458333333333 0.8333333333333334 0.026041666666666668 0.0546875
1 0.5755208333333334 0.8203125 0.046875 0.033854166666666664
1 0.7174479166666666 0.7291666666666666 0.033854166666666664 0.0625
1 0.4322916666666667 0.72265625 0.046875 0.020833333333333332