1 0.5325520833333334 0.3619791666666667 0.036458333333333336 0.044270833333333336
1 0.42578125 0.3385416666666667 0.041666666666666664 0.049479166666666664
1 0.3919270833333333 0.6783854166666666 0.041666666666666664 0.041666666666666664
1 0.3346354166666667 0.8411458333333334 0.033854166666666664 0.059895833333333336
1 0.5143229166666666 0.8450520833333334 0.041666666666666664 0.046875
1 0.7734375 0.83984375 0.033854166666666664 0.057291666666666664
1 0.43359375 0.6888020833333334 0.036458333333333336 0.046875
1 0.23567708333333334 0.7239583333333334 0.036458333333333336 0.049479166666666664
1 0.6458333333333334 0.8684895833333334 0.041666666666666664 0.0546875
1 0.4765625 0.2825520833333333 0.036458333333333336 0.0625
1 0.73828125 0.4635416666666667 0.026041666666666668 0.044270833333333336
1 0.7356770833333334 0.6783854166666666 0.041666666666666664 0.0390625
1 0.5494791666666666 0.3059895833333333 0.0390625 0.059895833333333336
1 0.6354166666666666 0.3229166666666667 0.026041666666666668 0.07291666666666667
1 0.7213541666666666 0.4348958333333333 0.026041666666666668 0.049479166666666664
1 0.3333333333333333 0.6783854166666666 0.044270833333333336 0.03125
1 0.6393229166666666 0.8307291666666666 0.046875 0.046875
1 0.6692708333333334 0.6393229166666666 0.020833333333333332 0.057291666666666664
1 0.4817708333333333 0.51953125 0.046875 0.028645833333333332
1 0.52734375 0.671875 0.0234375 0.057291666666666664
1 0.8463541666666666 0.703125 0.0390625 0.049479166666666664
1 0.4505208333333333 0.19401041666666666 0.049479166666666664 0.03125
1 0.62890625 0.484375 0.044270833333333336 0.036458333333333336
1 0.2630208333333333 0.5690104166666666 0.0234375 0.057291666666666664
1 0.3190104166666667 0.8216145833333334 0.028645833333333332 0.0546875
1 0.5533854166666666 0.82421875 0.046875 0.036458333333333336
1 0.7005208333333334 0.7434895833333334 0.036458333333333336 0.06510416666666667
1 0.4166666666666667 0.7174479166666666 0.046875 0.0234375