1 0.484375 0.6953125 0.036458333333333336 0.041666666666666664
1 0.4309895833333333 0.7044270833333334 0.0390625 0.0390625
1 0.4661458333333333 0.6666666666666666 0.03125 0.036458333333333336
1 0.3997395833333333 0.7200520833333334 0.036458333333333336 0.0390625
1 0.3932291666666667 0.7395833333333334 0.036458333333333336 0.0390625
1 0.4856770833333333 0.6484375 0.03125 0.033854166666666664
1 0.40625 0.6861979166666666 0.03125 0.036458333333333336
1 0.4453125 0.6588541666666666 0.033854166666666664 0.03125
1 0.3033854166666667 0.7526041666666666 0.0390625 0.046875
1 0.5364583333333334 0.5911458333333334 0.044270833333333336 0.049479166666666664
1 0.23307291666666666 0.6328125 0.049479166666666664 0.049479166666666664