1 0.42578125 0.2994791666666667 0.036458333333333336 0.033854166666666664
1 0.46875 0.4361979166666667 0.0390625 0.036458333333333336
1 0.44921875 0.10677083333333333 0.026041666666666668 0.052083333333333336
1 0.4244791666666667 0.6809895833333334 0.028645833333333332 0.036458333333333336
1 0.4375 0.4596354166666667 0.0234375 0.028645833333333332
1 0.4869791666666667 0.6471354166666666 0.036458333333333336 0.046875
1 0.3919270833333333 0.1484375 0.036458333333333336 0.044270833333333336
1 0.4427083333333333 0.5625 0.0390625 0.041666666666666664
1 0.859375 0.6627604166666666 0.033854166666666664 0.0390625
1 0.3880208333333333 0.62890625 0.028645833333333332 0.0546875
1 0.80859375 0.49609375 0.033854166666666664 0.033854166666666664
1 0.7122395833333334 0.23828125 0.03125 0.026041666666666668
1 0.53515625 0.6731770833333334 0.020833333333333332 0.041666666666666664
1 0.6106770833333334 0.7786458333333334 0.03125 0.033854166666666664
1 0.5520833333333334 0.5442708333333334 0.03125 0.033854166666666664
1 0.3984375 0.3932291666666667 0.03125 0.044270833333333336
1 0.2955729166666667 0.515625 0.026041666666666668 0.036458333333333336
1 0.3697916666666667 0.17317708333333334 0.026041666666666668 0.049479166666666664
1 0.5703125 0.5286458333333334 0.049479166666666664 0.0390625
1 0.4622395833333333 0.7760416666666666 0.041666666666666664 0.028645833333333332
1 0.5377604166666666 0.13411458333333334 0.036458333333333336 0.026041666666666668
1 0.5221354166666666 0.33203125 0.028645833333333332 0.03125
1 0.20703125 0.671875 0.041666666666666664 0.03125
1 0.4557291666666667 0.3984375 0.028645833333333332 0.041666666666666664
1 0.4231770833333333 0.1640625 0.03125 0.06510416666666667
1 0.3359375 0.59765625 0.0390625 0.03125
1 0.4127604166666667 0.5716145833333334 0.0234375 0.041666666666666664
1 0.7369791666666666 0.5169270833333334 0.041666666666666664 0.041666666666666664
1 0.8606770833333334 0.5989583333333334 0.03125 0.044270833333333336
1 0.48828125 0.5481770833333334 0.0234375 0.046875
1 0.59765625 0.3567708333333333 0.044270833333333336 0.057291666666666664
1 0.4700520833333333 0.07682291666666667 0.041666666666666664 0.033854166666666664
1 0.6953125 0.4518229166666667 0.0234375 0.0390625
1 0.2734375 0.4739583333333333 0.0390625 0.0625
1 0.6940104166666666 0.24609375 0.03125 0.052083333333333336
1 0.53125 0.17838541666666666 0.026041666666666668 0.046875
1 0.5208333333333334 0.55078125 0.033854166666666664 0.057291666666666664
1 0.4205729166666667 0.2591145833333333 0.026041666666666668 0.041666666666666664
1 0.6627604166666666 0.8177083333333334 0.0390625 0.033854166666666664
1 0.8619791666666666 0.51953125 0.041666666666666664 0.0546875
1 0.7083333333333334 0.3033854166666667 0.033854166666666664 0.06510416666666667
1 0.8776041666666666 0.6263020833333334 0.041666666666666664 0.026041666666666668
1 0.625 0.3932291666666667 0.041666666666666664 0.033854166666666664
1 0.64453125 0.4322916666666667 0.03125 0.041666666666666664
1 0.6341145833333334 0.18489583333333334 0.049479166666666664 0.059895833333333336
1 0.7200520833333334 0.23828125 0.041666666666666664 0.049479166666666664
1 0.3880208333333333 0.55859375 0.041666666666666664 0.03125
1 0.5755208333333334 0.3984375 0.03125 0.026041666666666668
1 0.640625 0.4661458333333333 0.028645833333333332 0.03125
1 0.7903645833333334 0.4674479166666667 0.03125 0.0234375
1 0.46875 0.6692708333333334 0.03125 0.03125
1 0.49609375 0.3020833333333333 0.052083333333333336 0.0546875
1 0.35546875 0.20442708333333334 0.03125 0.020833333333333332
1 0.28125 0.5338541666666666 0.033854166666666664 0.057291666666666664
1 0.3255208333333333 0.609375 0.052083333333333336 0.046875
1 0.30859375 0.484375 0.028645833333333332 0.03125
1 0.3216145833333333 0.5755208333333334 0.041666666666666664 0.0390625
1 0.5208333333333334 0.3463541666666667 0.036458333333333336 0.033854166666666664
1 0.515625 0.2669270833333333 0.052083333333333336 0.049479166666666664
1 0.1796875 0.5403645833333334 0.033854166666666664 0.033854166666666664
1 0.3385416666666667 0.15755208333333334 0.026041666666666668 0.049479166666666664
1 0.22135416666666666 0.5677083333333334 0.026041666666666668 0.036458333333333336
1 0.50390625 0.7369791666666666 0.049479166666666664 0.046875
1 0.3684895833333333 0.51171875 0.03125 0.052083333333333336
1 0.5924479166666666 0.4440104166666667 0.046875 0.041666666666666664
1 0.6328125 0.7747395833333334 0.044270833333333336 0.049479166666666664
1 0.85546875 0.4752604166666667 0.033854166666666664 0.0546875
1 0.8177083333333334 0.4583333333333333 0.03125 0.049479166666666664
1 0.8815104166666666 0.578125 0.0390625 0.041666666666666664
1 0.3984375 0.3333333333333333 0.018229166666666668 0.026041666666666668
1 0.7213541666666666 0.4010416666666667 0.03125 0.036458333333333336
1 0.45703125 0.46875 0.036458333333333336 0.033854166666666664
1 0.4166666666666667 0.421875 0.036458333333333336 0.033854166666666664
1 0.41796875 0.22135416666666666 0.018229166666666668 0.0390625
1 0.4270833333333333 0.6614583333333334 0.036458333333333336 0.036458333333333336
1 0.25390625 0.5794270833333334 0.041666666666666664 0.0390625
1 0.5611979166666666 0.171875 0.049479166666666664 0.046875
1 0.42578125 0.14453125 0.0234375 0.036458333333333336
1 0.3919270833333333 0.21614583333333334 0.036458333333333336 0.033854166666666664
1 0.23046875 0.6640625 0.03125 0.020833333333333332
1 0.3151041666666667 0.5104166666666666 0.03125 0.03125
1 0.43359375 0.24088541666666666 0.0234375 0.041666666666666664
1 0.3658854166666667 0.22916666666666666 0.036458333333333336 0.036458333333333336
1 0.22395833333333334 0.6002604166666666 0.036458333333333336 0.026041666666666668
1 0.4817708333333333 0.3411458333333333 0.036458333333333336 0.03125
1 0.6666666666666666 0.2682291666666667 0.0390625 0.0703125
1 0.6705729166666666 0.15755208333333334 0.044270833333333336 0.06770833333333333
1 0.7109375 0.4934895833333333 0.041666666666666664 0.049479166666666664
1 0.6927083333333334 0.3697916666666667 0.036458333333333336 0.057291666666666664
1 0.5807291666666666 0.4921875 0.033854166666666664 0.044270833333333336
1 0.5182291666666666 0.3880208333333333 0.033854166666666664 0.033854166666666664
1 0.7486979166666666 0.5989583333333334 0.0390625 0.036458333333333336
1 0.66015625 0.328125 0.0390625 0.046875
1 0.51171875 0.62109375 0.036458333333333336 0.044270833333333336
1 0.4817708333333333 0.21875 0.036458333333333336 0.028645833333333332
1 0.4205729166666667 0.59375 0.033854166666666664 0.041666666666666664
1 0.5989583333333334 0.4934895833333333 0.0390625 0.057291666666666664
1 0.3333333333333333 0.23177083333333334 0.036458333333333336 0.0234375
1 0.25390625 0.65234375 0.0390625 0.0390625
1 0.3580729166666667 0.15104166666666666 0.036458333333333336 0.0625
1 0.33203125 0.50390625 0.0234375 0.0390625
1 0.3828125 0.6783854166666666 0.046875 0.046875
1 0.6744791666666666 0.6145833333333334 0.041666666666666664 0.033854166666666664
1 0.8203125 0.640625 0.057291666666666664 0.0390625
1 0.8411458333333334 0.625 0.028645833333333332 0.041666666666666664
1 0.6783854166666666 0.640625 0.041666666666666664 0.0390625
1 0.5546875 0.8255208333333334 0.036458333333333336 0.0390625
1 0.54296875 0.3671875 0.0234375 0.03125
1 0.37890625 0.4309895833333333 0.03125 0.03125
1 0.24348958333333334 0.5598958333333334 0.03125 0.033854166666666664
1 0.6809895833333334 0.43359375 0.028645833333333332 0.0546875
1 0.5104166666666666 0.22005208333333334 0.028645833333333332 0.046875
1 0.5169270833333334 0.18229166666666666 0.03125 0.052083333333333336
1 0.4700520833333333 0.7395833333333334 0.041666666666666664 0.0390625
1 0.4635416666666667 0.2981770833333333 0.0234375 0.044270833333333336
1 0.7057291666666666 0.7708333333333334 0.03125 0.0625
1 0.4453125 0.24739583333333334 0.041666666666666664 0.06510416666666667
1 0.3125 0.6432291666666666 0.0390625 0.028645833333333332
1 0.5494791666666666 0.5755208333333334 0.033854166666666664 0.026041666666666668
1 0.4466145833333333 0.3255208333333333 0.036458333333333336 0.033854166666666664
1 0.5794270833333334 0.7291666666666666 0.036458333333333336 0.033854166666666664
1 0.4192708333333333 0.8098958333333334 0.036458333333333336 0.03125
1 0.5416666666666666 0.3984375 0.0390625 0.03125
1 0.7747395833333334 0.5104166666666666 0.026041666666666668 0.0546875
1 0.4427083333333333 0.17057291666666666 0.028645833333333332 0.041666666666666664
1 0.515625 0.6588541666666666 0.026041666666666668 0.018229166666666668
1 0.49609375 0.7916666666666666 0.052083333333333336 0.033854166666666664
1 0.3528645833333333 0.5130208333333334 0.026041666666666668 0.046875
1 0.42578125 0.1015625 0.041666666666666664 0.041666666666666664
1 0.26171875 0.5403645833333334 0.028645833333333332 0.041666666666666664
1 0.43359375 0.65625 0.028645833333333332 0.026041666666666668
1 0.3463541666666667 0.2591145833333333 0.036458333333333336 0.046875
1 0.6002604166666666 0.7486979166666666 0.028645833333333332 0.036458333333333336
1 0.26953125 0.5078125 0.0390625 0.028645833333333332
1 0.31640625 0.18880208333333334 0.028645833333333332 0.044270833333333336
1 0.41015625 0.6236979166666666 0.033854166666666664 0.03125
1 0.3697916666666667 0.4557291666666667 0.036458333333333336 0.028645833333333332
1 0.7981770833333334 0.515625 0.028645833333333332 0.026041666666666668
1 0.3763020833333333 0.8020833333333334 0.044270833333333336 0.0546875
1 0.3919270833333333 0.7278645833333334 0.036458333333333336 0.03125
1 0.37890625 0.76171875 0.03125 0.046875
1 0.390625 0.50390625 0.033854166666666664 0.052083333333333336
1 0.17447916666666666 0.5768229166666666 0.036458333333333336 0.03125
1 0.3958333333333333 0.18229166666666666 0.049479166666666664 0.052083333333333336
1 0.75 0.5859375 0.041666666666666664 0.044270833333333336
1 0.4609375 0.6393229166666666 0.041666666666666664 0.033854166666666664
1 0.75390625 0.5442708333333334 0.028645833333333332 0.044270833333333336
1 0.5520833333333334 0.4700520833333333 0.041666666666666664 0.033854166666666664
1 0.6184895833333334 0.5520833333333334 0.028645833333333332 0.0234375