1 0.3020833333333333 0.6471354166666666 0.15104166666666666 0.09114583333333333
1 0.21354166666666666 0.4934895833333333 0.12239583333333333 0.11197916666666667
1 0.625 0.1953125 0.10677083333333333 0.1015625
1 0.3489583333333333 0.2630208333333333 0.13020833333333334 0.1015625
1 0.15364583333333334 0.6276041666666666 0.11458333333333333 0.09375
1 0.06901041666666667 0.3229166666666667 0.09375 0.1015625
1 0.7018229166666666 0.375 0.17447916666666666 0.10677083333333333
1 0.5481770833333334 0.7317708333333334 0.109375 0.08333333333333333
1 0.4674479166666667 0.5221354166666666 0.125 0.109375
1 0.5872395833333334 0.6705729166666666 0.08854166666666667 0.09635416666666667
1 0.9296875 0.8125 0.140625 0.13020833333333334