1 0.4010416666666667 0.4817708333333333 0.0390625 0.057291666666666664
1 0.5533854166666666 0.4856770833333333 0.044270833333333336 0.06510416666666667
1 0.4192708333333333 0.5390625 0.046875 0.07552083333333333
1 0.6614583333333334 0.5716145833333334 0.033854166666666664 0.028645833333333332
1 0.5546875 0.4114583333333333 0.044270833333333336 0.044270833333333336
1 0.6263020833333334 0.6041666666666666 0.0546875 0.0390625
1 0.6770833333333334 0.5286458333333334 0.0390625 0.0703125
1 0.6041666666666666 0.6328125 0.041666666666666664 0.0546875
1 0.5807291666666666 0.65234375 0.03125 0.0625
1 0.6315104166666666 0.5260416666666666 0.044270833333333336 0.059895833333333336
1 0.49609375 0.4140625 0.052083333333333336 0.044270833333333336
1 0.6080729166666666 0.4088541666666667 0.0546875 0.041666666666666664
1 0.6015625 0.4908854166666667 0.049479166666666664 0.052083333333333336
1 0.390625 0.5690104166666666 0.052083333333333336 0.044270833333333336
1 0.578125 0.4361979166666667 0.036458333333333336 0.0625
1 0.5546875 0.5989583333333334 0.057291666666666664 0.049479166666666664
1 0.5572916666666666 0.640625 0.041666666666666664 0.0546875
1 0.5208333333333334 0.4114583333333333 0.044270833333333336 0.07552083333333333
1 0.5885416666666666 0.5859375 0.044270833333333336 0.0625
1 0.703125 0.4908854166666667 0.059895833333333336 0.036458333333333336
1 0.6197916666666666 0.46484375 0.046875 0.028645833333333332
1 0.5638020833333334 0.5559895833333334 0.057291666666666664 0.059895833333333336
1 0.4674479166666667 0.4635416666666667 0.0546875 0.0546875
1 0.5026041666666666 0.4986979166666667 0.0390625 0.08072916666666667
1 0.5325520833333334 0.6666666666666666 0.057291666666666664 0.049479166666666664
1 0.6341145833333334 0.6236979166666666 0.041666666666666664 0.041666666666666664
1 0.5950520833333334 0.6536458333333334 0.026041666666666668 0.046875
1 0.5182291666666666 0.58984375 0.026041666666666668 0.0546875
1 0.4895833333333333 0.4283854166666667 0.044270833333333336 0.026041666666666668
1 0.7044270833333334 0.5338541666666666 0.036458333333333336 0.052083333333333336
1 0.6328125 0.4114583333333333 0.036458333333333336 0.049479166666666664
1 0.6028645833333334 0.4322916666666667 0.044270833333333336 0.041666666666666664
1 0.6510416666666666 0.5455729166666666 0.03125 0.059895833333333336
1 0.62890625 0.4986979166666667 0.044270833333333336 0.052083333333333336
1 0.5494791666666666 0.4322916666666667 0.046875 0.046875
1 0.6627604166666666 0.6184895833333334 0.0390625 0.044270833333333336
1 0.5416666666666666 0.4635416666666667 0.044270833333333336 0.0546875