1 0.703125 0.3880208333333333 0.03125 0.07552083333333333
1 0.9361979166666666 0.061197916666666664 0.044270833333333336 0.052083333333333336
1 0.8072916666666666 0.24609375 0.0390625 0.0625
1 0.4231770833333333 0.78125 0.049479166666666664 0.06770833333333333
1 0.2825520833333333 0.3658854166666667 0.052083333333333336 0.078125
1 0.8736979166666666 0.28125 0.059895833333333336 0.059895833333333336
1 0.5885416666666666 0.3854166666666667 0.059895833333333336 0.041666666666666664
1 0.75 0.55078125 0.033854166666666664 0.0703125
1 0.8463541666666666 0.62109375 0.049479166666666664 0.06770833333333333
1 0.4322916666666667 0.609375 0.049479166666666664 0.0625
1 0.6015625 0.6940104166666666 0.052083333333333336 0.06510416666666667
1 0.6171875 0.6015625 0.0625 0.059895833333333336
1 0.4192708333333333 0.25 0.0625 0.06510416666666667
1 0.5286458333333334 0.2955729166666667 0.052083333333333336 0.0859375
1 0.5755208333333334 0.25390625 0.0390625 0.0703125
1 0.5247395833333334 0.3984375 0.057291666666666664 0.06770833333333333
1 0.4088541666666667 0.73046875 0.06510416666666667 0.059895833333333336
1 0.8606770833333334 0.23177083333333334 0.057291666666666664 0.057291666666666664
1 0.4765625 0.2682291666666667 0.033854166666666664 0.057291666666666664
1 0.13671875 0.27734375 0.0390625 0.046875
1 0.80078125 0.5325520833333334 0.036458333333333336 0.052083333333333336
1 0.3359375 0.6653645833333334 0.0390625 0.07291666666666667
1 0.2955729166666667 0.6419270833333334 0.0390625 0.033854166666666664