1 0.5455729166666666 0.83984375 0.059895833333333336 0.09114583333333333
1 0.4765625 0.7109375 0.07552083333333333 0.08072916666666667
1 0.6796875 0.4401041666666667 0.09635416666666667 0.11197916666666667
1 0.71484375 0.4661458333333333 0.06770833333333333 0.07552083333333333
1 0.46484375 0.5338541666666666 0.07552083333333333 0.06510416666666667
1 0.68359375 0.4986979166666667 0.078125 0.0625
1 0.47265625 0.7799479166666666 0.08854166666666667 0.10416666666666667
1 0.5299479166666666 0.43359375 0.0859375 0.11197916666666667
1 0.6484375 0.7083333333333334 0.059895833333333336 0.09895833333333333
1 0.5846354166666666 0.3606770833333333 0.07552083333333333 0.11458333333333333
1 0.6484375 0.7330729166666666 0.06770833333333333 0.08854166666666667
1 0.6471354166666666 0.2708333333333333 0.06770833333333333 0.09375