1 0.40234375 0.5078125 0.059895833333333336 0.0390625
1 0.4427083333333333 0.4322916666666667 0.0546875 0.049479166666666664
1 0.5078125 0.3893229166666667 0.08072916666666667 0.059895833333333336
1 0.4283854166666667 0.4583333333333333 0.052083333333333336 0.03125
1 0.4518229166666667 0.4817708333333333 0.06510416666666667 0.049479166666666664
1 0.4856770833333333 0.5572916666666666 0.08854166666666667 0.049479166666666664
1 0.68359375 0.4088541666666667 0.0625 0.041666666666666664
1 0.4765625 0.52734375 0.052083333333333336 0.044270833333333336
1 0.2994791666666667 0.51171875 0.059895833333333336 0.033854166666666664
1 0.7018229166666666 0.3450520833333333 0.057291666666666664 0.0390625
1 0.6861979166666666 0.5065104166666666 0.078125 0.0546875
1 0.7473958333333334 0.4088541666666667 0.0546875 0.041666666666666664
1 0.66015625 0.3046875 0.057291666666666664 0.033854166666666664