1 0.5533854166666666 0.4908854166666667 0.0390625 0.046875
1 0.5169270833333334 0.3151041666666667 0.028645833333333332 0.06770833333333333
1 0.3072916666666667 0.5130208333333334 0.044270833333333336 0.08072916666666667
1 0.6822916666666666 0.19010416666666666 0.0234375 0.06770833333333333
1 0.63671875 0.6263020833333334 0.041666666666666664 0.06510416666666667
1 0.6484375 0.23567708333333334 0.03125 0.078125
1 0.3645833333333333 0.7473958333333334 0.0234375 0.07291666666666667
1 0.40625 0.5442708333333334 0.036458333333333336 0.09375
1 0.55078125 0.3971354166666667 0.0546875 0.049479166666666664
1 0.3658854166666667 0.8229166666666666 0.046875 0.06770833333333333
1 0.20963541666666666 0.5247395833333334 0.044270833333333336 0.07291666666666667
1 0.48046875 0.4192708333333333 0.046875 0.059895833333333336
1 0.24479166666666666 0.5143229166666666 0.033854166666666664 0.06510416666666667
1 0.578125 0.63671875 0.026041666666666668 0.09114583333333333
1 0.53125 0.3229166666666667 0.041666666666666664 0.09375
1 0.55078125 0.43359375 0.0390625 0.059895833333333336
1 0.5494791666666666 0.5559895833333334 0.041666666666666664 0.07552083333333333
1 0.5377604166666666 0.2721354166666667 0.07291666666666667 0.026041666666666668
1 0.6158854166666666 0.3763020833333333 0.049479166666666664 0.06770833333333333
1 0.72265625 0.34375 0.036458333333333336 0.08333333333333333
1 0.3346354166666667 0.3489583333333333 0.028645833333333332 0.06510416666666667
1 0.3776041666666667 0.4778645833333333 0.059895833333333336 0.041666666666666664
1 0.390625 0.38671875 0.028645833333333332 0.07291666666666667
1 0.5950520833333334 0.375 0.044270833333333336 0.0390625
1 0.6184895833333334 0.2552083333333333 0.026041666666666668 0.08072916666666667
1 0.5533854166666666 0.6067708333333334 0.0625 0.0546875
1 0.4947916666666667 0.328125 0.033854166666666664 0.06510416666666667
1 0.3372395833333333 0.5078125 0.033854166666666664 0.078125
1 0.6458333333333334 0.3671875 0.049479166666666664 0.049479166666666664
1 0.44921875 0.6588541666666666 0.03125 0.07552083333333333
1 0.5078125 0.3815104166666667 0.026041666666666668 0.0703125
1 0.3619791666666667 0.6341145833333334 0.052083333333333336 0.044270833333333336
1 0.27734375 0.6575520833333334 0.028645833333333332 0.0703125
1 0.375 0.7708333333333334 0.033854166666666664 0.0625
1 0.5416666666666666 0.453125 0.044270833333333336 0.028645833333333332
1 0.5260416666666666 0.6145833333333334 0.041666666666666664 0.049479166666666664
1 0.5755208333333334 0.4908854166666667 0.046875 0.059895833333333336
1 0.4921875 0.4700520833333333 0.057291666666666664 0.0546875
1 0.2942708333333333 0.2799479166666667 0.049479166666666664 0.06770833333333333
1 0.62890625 0.23828125 0.020833333333333332 0.0703125
1 0.6927083333333334 0.3880208333333333 0.036458333333333336 0.0625
1 0.2565104166666667 0.41796875 0.059895833333333336 0.041666666666666664
1 0.26171875 0.47265625 0.033854166666666664 0.0703125
1 0.3802083333333333 0.44921875 0.06510416666666667 0.049479166666666664
1 0.6666666666666666 0.2526041666666667 0.028645833333333332 0.049479166666666664
1 0.4791666666666667 0.68359375 0.041666666666666664 0.06510416666666667
1 0.5234375 0.4869791666666667 0.03125 0.057291666666666664
1 0.5846354166666666 0.46484375 0.046875 0.0625
1 0.5143229166666666 0.5390625 0.046875 0.09895833333333333
1 0.4296875 0.4309895833333333 0.033854166666666664 0.08333333333333333
1 0.36328125 0.375 0.0390625 0.07552083333333333
1 0.21484375 0.5833333333333334 0.036458333333333336 0.07552083333333333
1 0.3502604166666667 0.3606770833333333 0.020833333333333332 0.0625
1 0.22526041666666666 0.66015625 0.052083333333333336 0.020833333333333332
1 0.546875 0.37109375 0.06510416666666667 0.0390625