0 0.9140625 0.3020833333333333 0.13541666666666666 0.13541666666666666
0 0.8424479166666666 0.74609375 0.1328125 0.17708333333333334
0 0.9361979166666666 0.4270833333333333 0.12760416666666666 0.14322916666666666
0 0.6497395833333334 0.3411458333333333 0.1328125 0.234375
0 0.4127604166666667 0.18619791666666666 0.15885416666666666 0.23177083333333334
0 0.4752604166666667 0.4869791666666667 0.1953125 0.2109375
0 0.6744791666666666 0.421875 0.13802083333333334 0.2109375
0 0.3580729166666667 0.7643229166666666 0.13802083333333334 0.20052083333333334
0 0.2747395833333333 0.484375 0.13802083333333334 0.16927083333333334
0 0.30859375 0.2786458333333333 0.09895833333333333 0.20833333333333334
0 0.4296875 0.796875 0.18229166666666666 0.22395833333333334
0 0.08203125 0.3268229166666667 0.1640625 0.12760416666666666