1 0.4986979166666667 0.6731770833333334 0.07291666666666667 0.0546875
1 0.4947916666666667 0.2903645833333333 0.078125 0.057291666666666664
1 0.7044270833333334 0.5611979166666666 0.06770833333333333 0.0625
1 0.6276041666666666 0.4192708333333333 0.049479166666666664 0.0625
1 0.375 0.7604166666666666 0.059895833333333336 0.049479166666666664
1 0.4583333333333333 0.4049479166666667 0.09635416666666667 0.046875
1 0.7018229166666666 0.6119791666666666 0.0625 0.06770833333333333
1 0.28125 0.74609375 0.052083333333333336 0.07552083333333333
1 0.6809895833333334 0.6744791666666666 0.07291666666666667 0.059895833333333336
1 0.4609375 0.14583333333333334 0.08072916666666667 0.046875
1 0.6328125 0.6015625 0.0859375 0.0546875
1 0.2421875 0.7513020833333334 0.059895833333333336 0.06510416666666667
1 0.53515625 0.78515625 0.08072916666666667 0.0546875
1 0.5299479166666666 0.5768229166666666 0.041666666666666664 0.06510416666666667
1 0.3294270833333333 0.7721354166666666 0.057291666666666664 0.057291666666666664
1 0.4192708333333333 0.4283854166666667 0.07291666666666667 0.036458333333333336
1 0.6028645833333334 0.6888020833333334 0.078125 0.049479166666666664
1 0.7083333333333334 0.4700520833333333 0.041666666666666664 0.059895833333333336
1 0.3307291666666667 0.7174479166666666 0.046875 0.028645833333333332
1 0.66796875 0.5364583333333334 0.07291666666666667 0.06510416666666667
1 0.5598958333333334 0.1953125 0.06510416666666667 0.06510416666666667
1 0.4270833333333333 0.5872395833333334 0.0859375 0.07552083333333333
1 0.5052083333333334 0.20052083333333334 0.049479166666666664 0.06770833333333333
1 0.5768229166666666 0.41015625 0.041666666666666664 0.078125
1 0.3723958333333333 0.7890625 0.09895833333333333 0.0546875
1 0.2864583333333333 0.6731770833333334 0.078125 0.06510416666666667
1 0.5455729166666666 0.3151041666666667 0.0859375 0.052083333333333336
1 0.19401041666666666 0.6497395833333334 0.07291666666666667 0.057291666666666664
1 0.6380208333333334 0.7825520833333334 0.0546875 0.078125
1 0.296875 0.8020833333333334 0.033854166666666664 0.0625
1 0.4765625 0.5703125 0.07291666666666667 0.044270833333333336
1 0.33984375 0.5611979166666666 0.08072916666666667 0.06510416666666667
1 0.5078125 0.3072916666666667 0.0703125 0.057291666666666664
1 0.48828125 0.6171875 0.09375 0.049479166666666664
1 0.5286458333333334 0.13541666666666666 0.06510416666666667 0.08854166666666667
1 0.6302083333333334 0.3619791666666667 0.0703125 0.049479166666666664
1 0.6197916666666666 0.3372395833333333 0.0625 0.0546875
1 0.25 0.8138020833333334 0.059895833333333336 0.057291666666666664
1 0.3893229166666667 0.8098958333333334 0.1015625 0.046875
1 0.21875 0.7565104166666666 0.049479166666666664 0.0703125
1 0.69140625 0.5390625 0.059895833333333336 0.06510416666666667
1 0.22265625 0.71875 0.06770833333333333 0.041666666666666664
1 0.5260416666666666 0.4322916666666667 0.07552083333333333 0.041666666666666664
1 0.20442708333333334 0.6979166666666666 0.0859375 0.044270833333333336
1 0.4635416666666667 0.2864583333333333 0.0859375 0.057291666666666664
1 0.53515625 0.40234375 0.06510416666666667 0.0546875
1 0.61328125 0.7734375 0.06510416666666667 0.09895833333333333
1 0.6236979166666666 0.2799479166666667 0.059895833333333336 0.0625
1 0.5442708333333334 0.6888020833333334 0.08333333333333333 0.049479166666666664
1 0.7317708333333334 0.6822916666666666 0.052083333333333336 0.0703125
1 0.23177083333333334 0.6328125 0.0390625 0.06510416666666667
1 0.6497395833333334 0.61328125 0.08072916666666667 0.057291666666666664
1 0.53515625 0.2669270833333333 0.059895833333333336 0.07291666666666667
1 0.7434895833333334 0.6471354166666666 0.08072916666666667 0.044270833333333336
1 0.5104166666666666 0.7434895833333334 0.0625 0.07291666666666667
1 0.4765625 0.4388020833333333 0.08072916666666667 0.059895833333333336
1 0.7578125 0.51953125 0.0703125 0.044270833333333336
1 0.26953125 0.6536458333333334 0.0390625 0.0546875
1 0.5794270833333334 0.7786458333333334 0.041666666666666664 0.06770833333333333
1 0.2955729166666667 0.7213541666666666 0.046875 0.06770833333333333
1 0.7213541666666666 0.73046875 0.08072916666666667 0.059895833333333336
1 0.73046875 0.4908854166666667 0.057291666666666664 0.057291666666666664
1 0.4505208333333333 0.6875 0.078125 0.044270833333333336
1 0.21875 0.6770833333333334 0.0859375 0.041666666666666664
1 0.5950520833333334 0.4075520833333333 0.03125 0.0546875
1 0.4973958333333333 0.3763020833333333 0.033854166666666664 0.026041666666666668
1 0.5638020833333334 0.6080729166666666 0.09635416666666667 0.052083333333333336
1 0.2682291666666667 0.7747395833333334 0.044270833333333336 0.0703125
1 0.3385416666666667 0.7395833333333334 0.08072916666666667 0.0390625
1 0.6575520833333334 0.69140625 0.049479166666666664 0.08072916666666667