1 0.7018229166666666 0.5598958333333334 0.036458333333333336 0.0234375
1 0.7005208333333334 0.6002604166666666 0.026041666666666668 0.0234375
1 0.671875 0.6119791666666666 0.028645833333333332 0.0234375
1 0.5078125 0.18098958333333334 0.028645833333333332 0.028645833333333332
1 0.7994791666666666 0.7356770833333334 0.033854166666666664 0.0234375
1 0.5638020833333334 0.44921875 0.041666666666666664 0.036458333333333336
1 0.7239583333333334 0.453125 0.028645833333333332 0.046875
1 0.50390625 0.3372395833333333 0.0390625 0.028645833333333332
1 0.2864583333333333 0.5872395833333334 0.0234375 0.033854166666666664
1 0.6705729166666666 0.5703125 0.036458333333333336 0.036458333333333336
1 0.6458333333333334 0.6028645833333334 0.036458333333333336 0.033854166666666664
1 0.59375 0.5052083333333334 0.028645833333333332 0.0234375
1 0.58203125 0.5182291666666666 0.0234375 0.015625
1 0.7005208333333334 0.640625 0.020833333333333332 0.0390625
1 0.6861979166666666 0.5052083333333334 0.0390625 0.046875
1 0.60546875 0.5078125 0.018229166666666668 0.026041666666666668
1 0.5247395833333334 0.3619791666666667 0.026041666666666668 0.033854166666666664
1 0.5533854166666666 0.5182291666666666 0.020833333333333332 0.026041666666666668
1 0.2825520833333333 0.4583333333333333 0.03125 0.018229166666666668
1 0.625 0.5026041666666666 0.028645833333333332 0.044270833333333336
1 0.6263020833333334 0.6315104166666666 0.026041666666666668 0.0390625
1 0.6354166666666666 0.6484375 0.036458333333333336 0.033854166666666664
1 0.5859375 0.4557291666666667 0.036458333333333336 0.0234375
1 0.2643229166666667 0.5690104166666666 0.041666666666666664 0.036458333333333336
1 0.6328125 0.5169270833333334 0.036458333333333336 0.0390625
1 0.6119791666666666 0.4869791666666667 0.026041666666666668 0.036458333333333336
1 0.61328125 0.6158854166666666 0.018229166666666668 0.026041666666666668
1 0.75 0.4869791666666667 0.03125 0.06770833333333333
1 0.6380208333333334 0.5755208333333334 0.028645833333333332 0.036458333333333336
1 0.671875 0.5833333333333334 0.03125 0.03125
1 0.6783854166666666 0.6002604166666666 0.033854166666666664 0.028645833333333332
1 0.6783854166666666 0.6263020833333334 0.0234375 0.018229166666666668
1 0.6510416666666666 0.625 0.033854166666666664 0.03125
1 0.5013020833333334 0.3658854166666667 0.020833333333333332 0.041666666666666664
1 0.5924479166666666 0.5221354166666666 0.018229166666666668 0.013020833333333334
1 0.3919270833333333 0.5247395833333334 0.036458333333333336 0.020833333333333332
1 0.6263020833333334 0.609375 0.015625 0.028645833333333332
1 0.6966145833333334 0.5807291666666666 0.03125 0.033854166666666664
1 0.22395833333333334 0.46875 0.03125 0.015625
1 0.6653645833333334 0.6380208333333334 0.020833333333333332 0.028645833333333332
1 0.53125 0.2578125 0.028645833333333332 0.046875
1 0.24739583333333334 0.5286458333333334 0.028645833333333332 0.0234375
1 0.69140625 0.62890625 0.020833333333333332 0.041666666666666664
1 0.3216145833333333 0.6341145833333334 0.018229166666666668 0.041666666666666664
1 0.2864583333333333 0.5455729166666666 0.033854166666666664 0.028645833333333332
1 0.2526041666666667 0.5807291666666666 0.018229166666666668 0.036458333333333336
1 0.765625 0.7122395833333334 0.0390625 0.03125
1 0.5364583333333334 0.2760416666666667 0.03125 0.033854166666666664
1 0.3151041666666667 0.5989583333333334 0.0390625 0.0390625
1 0.71875 0.5950520833333334 0.020833333333333332 0.033854166666666664
1 0.76953125 0.58203125 0.026041666666666668 0.033854166666666664
1 0.3111979166666667 0.5729166666666666 0.033854166666666664 0.0390625
1 0.6223958333333334 0.5846354166666666 0.0234375 0.0390625
1 0.5234375 0.5065104166666666 0.0234375 0.015625
1 0.5299479166666666 0.49609375 0.0234375 0.020833333333333332
1 0.7174479166666666 0.5559895833333334 0.03125 0.026041666666666668
1 0.5169270833333334 0.2916666666666667 0.0234375 0.020833333333333332
1 0.2955729166666667 0.57421875 0.028645833333333332 0.0234375
1 0.5260416666666666 0.33984375 0.018229166666666668 0.046875
1 0.3450520833333333 0.56640625 0.026041666666666668 0.026041666666666668
1 0.76953125 0.4973958333333333 0.03125 0.06510416666666667