1 0.59765625 0.1015625 0.049479166666666664 0.03125
1 0.5533854166666666 0.032552083333333336 0.0390625 0.046875
1 0.5846354166666666 0.055989583333333336 0.057291666666666664 0.044270833333333336
1 0.5885416666666666 0.22526041666666666 0.059895833333333336 0.036458333333333336
1 0.5833333333333334 0.6002604166666666 0.036458333333333336 0.026041666666666668
1 0.5299479166666666 0.6315104166666666 0.036458333333333336 0.036458333333333336
1 0.5377604166666666 0.033854166666666664 0.044270833333333336 0.052083333333333336
1 0.6184895833333334 0.14322916666666666 0.0234375 0.041666666666666664
1 0.60546875 0.03125 0.033854166666666664 0.03125
1 0.5690104166666666 0.07552083333333333 0.052083333333333336 0.046875
1 0.6197916666666666 0.07161458333333333 0.0390625 0.0390625
1 0.5182291666666666 0.6041666666666666 0.049479166666666664 0.03125
1 0.23958333333333334 0.14322916666666666 0.0234375 0.041666666666666664
1 0.5390625 0.07552083333333333 0.036458333333333336 0.046875
1 0.5963541666666666 0.1953125 0.03125 0.036458333333333336
1 0.5533854166666666 0.6380208333333334 0.036458333333333336 0.020833333333333332
1 0.5494791666666666 0.6041666666666666 0.028645833333333332 0.026041666666666668
1 0.5625 0.5963541666666666 0.033854166666666664 0.044270833333333336
1 0.59375 0.15494791666666666 0.033854166666666664 0.052083333333333336
1 0.20052083333333334 0.18619791666666666 0.03125 0.0859375