1 0.5924479166666666 0.3997395833333333 0.11197916666666667 0.15625
1 0.6848958333333334 0.6432291666666666 0.14322916666666666 0.12760416666666666
1 0.5052083333333334 0.9440104166666666 0.09375 0.11197916666666667
1 0.4752604166666667 0.86328125 0.08072916666666667 0.11197916666666667
1 0.7760416666666666 0.671875 0.11979166666666667 0.1484375
1 0.6653645833333334 0.4140625 0.12239583333333333 0.15104166666666666
1 0.7747395833333334 0.51171875 0.13802083333333334 0.1328125
1 0.68359375 0.3359375 0.109375 0.15104166666666666
1 0.59375 0.5234375 0.09895833333333333 0.140625
1 0.78515625 0.4010416666666667 0.12239583333333333 0.125
1 0.7330729166666666 0.33984375 0.08333333333333333 0.08333333333333333
1 0.7825520833333334 0.5846354166666666 0.1484375 0.14322916666666666
1 0.6158854166666666 0.5950520833333334 0.08333333333333333 0.13802083333333334
1 0.5299479166666666 0.828125 0.11458333333333333 0.11197916666666667