1 0.63671875 0.640625 0.03125 0.041666666666666664
1 0.609375 0.6861979166666666 0.036458333333333336 0.036458333333333336
1 0.6028645833333334 0.6354166666666666 0.026041666666666668 0.036458333333333336
1 0.6002604166666666 0.7200520833333334 0.033854166666666664 0.036458333333333336
1 0.6106770833333334 0.73828125 0.033854166666666664 0.036458333333333336
1 0.6015625 0.6080729166666666 0.028645833333333332 0.033854166666666664
1 0.5794270833333334 0.6927083333333334 0.026041666666666668 0.036458333333333336
1 0.5846354166666666 0.64453125 0.03125 0.026041666666666668
1 0.5611979166666666 0.8138020833333334 0.033854166666666664 0.044270833333333336
1 0.5924479166666666 0.5325520833333334 0.0390625 0.046875
1 0.42578125 0.7890625 0.044270833333333336 0.044270833333333336