0 0.8736979166666666 0.23307291666666666 0.15364583333333334 0.15364583333333334
0 0.8802083333333334 0.68359375 0.15885416666666666 0.19270833333333334
0 0.9166666666666666 0.3515625 0.1484375 0.15885416666666666
0 0.6197916666666666 0.3177083333333333 0.16927083333333334 0.24739583333333334
0 0.359375 0.20572916666666666 0.19270833333333334 0.25
0 0.4739583333333333 0.4921875 0.22395833333333334 0.23697916666666666
0 0.6588541666666666 0.3932291666666667 0.16927083333333334 0.2265625
0 0.40625 0.78515625 0.16666666666666666 0.21614583333333334
0 0.2747395833333333 0.5234375 0.16145833333333334 0.1875
0 0.2721354166666667 0.3151041666666667 0.13020833333333334 0.21875
0 0.4817708333333333 0.8046875 0.21354166666666666 0.24739583333333334
0 0.07421875 0.4036458333333333 0.1484375 0.15104166666666666