1 0.5260416666666666 0.3294270833333333 0.0703125 0.046875
1 0.4765625 0.7083333333333334 0.07291666666666667 0.046875
1 0.3059895833333333 0.4114583333333333 0.0625 0.0546875
1 0.36328125 0.5611979166666666 0.041666666666666664 0.057291666666666664
1 0.6588541666666666 0.2604166666666667 0.057291666666666664 0.041666666666666664
1 0.5286458333333334 0.5989583333333334 0.09635416666666667 0.036458333333333336
1 0.3151041666666667 0.3606770833333333 0.057291666666666664 0.0625
1 0.75 0.2877604166666667 0.044270833333333336 0.0703125
1 0.3450520833333333 0.3020833333333333 0.06770833333333333 0.052083333333333336
1 0.4895833333333333 0.8567708333333334 0.078125 0.036458333333333336
1 0.3828125 0.3815104166666667 0.08333333333333333 0.044270833333333336
1 0.7903645833333334 0.2864583333333333 0.052083333333333336 0.059895833333333336
1 0.5052083333333334 0.21354166666666666 0.07552083333333333 0.044270833333333336
1 0.4817708333333333 0.4192708333333333 0.033854166666666664 0.0625
1 0.70703125 0.25390625 0.052083333333333336 0.052083333333333336
1 0.5703125 0.5833333333333334 0.07291666666666667 0.026041666666666668
1 0.4244791666666667 0.2981770833333333 0.07552083333333333 0.0390625
1 0.2890625 0.5 0.033854166666666664 0.057291666666666664
1 0.6979166666666666 0.3072916666666667 0.046875 0.0234375
1 0.33984375 0.44140625 0.06770833333333333 0.057291666666666664
1 0.3971354166666667 0.7942708333333334 0.057291666666666664 0.059895833333333336
1 0.5846354166666666 0.4231770833333333 0.078125 0.06510416666666667
1 0.453125 0.7955729166666666 0.041666666666666664 0.06510416666666667
1 0.4114583333333333 0.578125 0.03125 0.07552083333333333
1 0.6666666666666666 0.23177083333333334 0.09375 0.041666666666666664
1 0.7356770833333334 0.3580729166666667 0.07291666666666667 0.057291666666666664
1 0.4296875 0.67578125 0.08333333333333333 0.041666666666666664
1 0.82421875 0.39453125 0.06770833333333333 0.049479166666666664
1 0.40234375 0.20182291666666666 0.046875 0.07552083333333333
1 0.7434895833333334 0.22916666666666666 0.026041666666666668 0.059895833333333336
1 0.5338541666666666 0.4348958333333333 0.0703125 0.033854166666666664
1 0.6666666666666666 0.4622395833333333 0.07552083333333333 0.0546875
1 0.4661458333333333 0.6901041666666666 0.06510416666666667 0.049479166666666664
1 0.52734375 0.3854166666666667 0.09114583333333333 0.0390625
1 0.421875 0.8567708333333334 0.057291666666666664 0.08333333333333333
1 0.3528645833333333 0.6184895833333334 0.06770833333333333 0.041666666666666664
1 0.3580729166666667 0.64453125 0.057291666666666664 0.049479166666666664
1 0.7903645833333334 0.22395833333333334 0.0546875 0.052083333333333336
1 0.65234375 0.20833333333333334 0.09895833333333333 0.033854166666666664
1 0.8151041666666666 0.28515625 0.041666666666666664 0.06770833333333333
1 0.3151041666666667 0.4348958333333333 0.052083333333333336 0.059895833333333336
1 0.8046875 0.3216145833333333 0.06510416666666667 0.033854166666666664
1 0.46484375 0.5638020833333334 0.07291666666666667 0.03125
1 0.8203125 0.3450520833333333 0.08333333333333333 0.033854166666666664
1 0.5065104166666666 0.7161458333333334 0.08072916666666667 0.049479166666666664
1 0.4518229166666667 0.5911458333333334 0.059895833333333336 0.046875
1 0.42578125 0.21354166666666666 0.052083333333333336 0.09375
1 0.3463541666666667 0.7005208333333334 0.052083333333333336 0.057291666666666664
1 0.4817708333333333 0.3072916666666667 0.08072916666666667 0.0390625
1 0.2955729166666667 0.2877604166666667 0.044270833333333336 0.06510416666666667
1 0.78515625 0.40625 0.03125 0.0625
1 0.3684895833333333 0.3658854166666667 0.07552083333333333 0.049479166666666664
1 0.4322916666666667 0.7252604166666666 0.0546875 0.06770833333333333
1 0.2786458333333333 0.3203125 0.078125 0.033854166666666664
1 0.5234375 0.2578125 0.0546875 0.06770833333333333
1 0.5143229166666666 0.5638020833333334 0.07552083333333333 0.052083333333333336
1 0.24739583333333334 0.4453125 0.06510416666666667 0.036458333333333336
1 0.75 0.3802083333333333 0.033854166666666664 0.052083333333333336
1 0.4609375 0.21354166666666666 0.033854166666666664 0.06510416666666667
1 0.7330729166666666 0.3098958333333333 0.0390625 0.06510416666666667
1 0.3125 0.24088541666666666 0.07552083333333333 0.052083333333333336
1 0.2708333333333333 0.4765625 0.052083333333333336 0.052083333333333336
1 0.57421875 0.3203125 0.07552083333333333 0.033854166666666664
1 0.8033854166666666 0.36328125 0.08333333333333333 0.03125
1 0.3932291666666667 0.578125 0.026041666666666668 0.052083333333333336
1 0.4856770833333333 0.6223958333333334 0.033854166666666664 0.0234375
1 0.4518229166666667 0.3841145833333333 0.09375 0.0390625
1 0.7682291666666666 0.2591145833333333 0.036458333333333336 0.06770833333333333
1 0.6927083333333334 0.28515625 0.078125 0.028645833333333332
1 0.3697916666666667 0.2877604166666667 0.0390625 0.078125