1 0.3372395833333333 0.8072916666666666 0.0390625 0.0546875
1 0.22395833333333334 0.7747395833333334 0.03125 0.059895833333333336
1 0.6731770833333334 0.8763020833333334 0.049479166666666664 0.041666666666666664
1 0.21484375 0.375 0.052083333333333336 0.046875
1 0.2708333333333333 0.4049479166666667 0.028645833333333332 0.0546875
1 0.4674479166666667 0.53515625 0.041666666666666664 0.0625
1 0.6627604166666666 0.5989583333333334 0.0390625 0.06510416666666667
1 0.7135416666666666 0.7877604166666666 0.049479166666666664 0.059895833333333336
1 0.4270833333333333 0.7395833333333334 0.036458333333333336 0.0703125
1 0.5182291666666666 0.33203125 0.0546875 0.078125
1 0.09375 0.3138020833333333 0.041666666666666664 0.033854166666666664
1 0.4283854166666667 0.46484375 0.041666666666666664 0.059895833333333336
1 0.4283854166666667 0.20052083333333334 0.033854166666666664 0.06770833333333333
1 0.3046875 0.8151041666666666 0.0390625 0.0546875
1 0.6901041666666666 0.6028645833333334 0.033854166666666664 0.057291666666666664
1 0.1640625 0.44921875 0.046875 0.057291666666666664
1 0.3111979166666667 0.4986979166666667 0.052083333333333336 0.059895833333333336
1 0.51953125 0.95703125 0.046875 0.07552083333333333
1 0.11588541666666667 0.3815104166666667 0.03125 0.052083333333333336