1 0.67578125 0.5442708333333334 0.020833333333333332 0.036458333333333336
1 0.3763020833333333 0.4635416666666667 0.03125 0.033854166666666664
1 0.6575520833333334 0.5325520833333334 0.0234375 0.044270833333333336
1 0.6341145833333334 0.5729166666666666 0.028645833333333332 0.028645833333333332
1 0.6705729166666666 0.4908854166666667 0.028645833333333332 0.018229166666666668
1 0.3606770833333333 0.3815104166666667 0.0234375 0.036458333333333336
1 0.6536458333333334 0.5078125 0.0234375 0.041666666666666664
1 0.5768229166666666 0.5924479166666666 0.033854166666666664 0.03125
1 0.5885416666666666 0.5677083333333334 0.028645833333333332 0.020833333333333332
0 0.54296875 0.5924479166666666 0.08333333333333333 0.0703125
0 0.3841145833333333 0.4049479166666667 0.0625 0.08072916666666667
0 0.375 0.5169270833333334 0.046875 0.09375