1 0.703125 0.640625 0.1484375 0.0859375
1 0.7864583333333334 0.4830729166666667 0.12239583333333333 0.109375
1 0.3645833333333333 0.20052083333333334 0.10416666666666667 0.09895833333333333
1 0.6432291666666666 0.2578125 0.13020833333333334 0.09895833333333333
1 0.8502604166666666 0.6158854166666666 0.11197916666666667 0.09114583333333333
1 0.92578125 0.30859375 0.09114583333333333 0.09895833333333333
1 0.29296875 0.3815104166666667 0.171875 0.1015625
1 0.4596354166666667 0.734375 0.10677083333333333 0.08072916666666667
1 0.5338541666666666 0.5208333333333334 0.12239583333333333 0.10416666666666667
1 0.41796875 0.6731770833333334 0.0859375 0.09635416666666667
1 0.07552083333333333 0.828125 0.15104166666666666 0.125