1 0.5143229166666666 0.3828125 0.0546875 0.036458333333333336
1 0.2552083333333333 0.44140625 0.08072916666666667 0.06770833333333333
1 0.4830729166666667 0.6861979166666666 0.15104166666666666 0.07552083333333333
1 0.70703125 0.5690104166666666 0.052083333333333336 0.0546875
1 0.7552083333333334 0.6158854166666666 0.09375 0.0546875
1 0.2109375 0.59375 0.1328125 0.06770833333333333
1 0.4934895833333333 0.4895833333333333 0.0703125 0.0546875
1 0.8411458333333334 0.4466145833333333 0.12760416666666666 0.041666666666666664
1 0.6106770833333334 0.6354166666666666 0.036458333333333336 0.013020833333333334
1 0.3463541666666667 0.4765625 0.08333333333333333 0.044270833333333336
1 0.40234375 0.4544270833333333 0.015625 0.010416666666666666
1 0.21223958333333334 0.4986979166666667 0.11979166666666667 0.0625