1 0.6315104166666666 0.2916666666666667 0.026041666666666668 0.028645833333333332
1 0.6458333333333334 0.4505208333333333 0.0234375 0.036458333333333336
1 0.578125 0.6888020833333334 0.0390625 0.041666666666666664
1 0.6419270833333334 0.2877604166666667 0.028645833333333332 0.049479166666666664
1 0.6223958333333334 0.4973958333333333 0.03125 0.049479166666666664
1 0.5833333333333334 0.44921875 0.033854166666666664 0.046875
1 0.5169270833333334 0.5078125 0.028645833333333332 0.059895833333333336
1 0.6119791666666666 0.2903645833333333 0.028645833333333332 0.028645833333333332
1 0.5807291666666666 0.3203125 0.0390625 0.036458333333333336
1 0.5729166666666666 0.734375 0.028645833333333332 0.06770833333333333
1 0.59765625 0.3541666666666667 0.026041666666666668 0.041666666666666664
1 0.54296875 0.2916666666666667 0.0234375 0.06510416666666667
1 0.6692708333333334 0.3190104166666667 0.020833333333333332 0.0546875
1 0.609375 0.2760416666666667 0.036458333333333336 0.028645833333333332
1 0.5559895833333334 0.43359375 0.020833333333333332 0.041666666666666664
1 0.5768229166666666 0.5338541666666666 0.0390625 0.046875
1 0.6588541666666666 0.421875 0.028645833333333332 0.041666666666666664
1 0.5768229166666666 0.58984375 0.018229166666666668 0.057291666666666664
1 0.4388020833333333 0.5611979166666666 0.044270833333333336 0.0390625
1 0.5716145833333334 0.2942708333333333 0.03125 0.03125
1 0.6106770833333334 0.3059895833333333 0.028645833333333332 0.036458333333333336
1 0.56640625 0.5911458333333334 0.0234375 0.049479166666666664
1 0.5846354166666666 0.28515625 0.028645833333333332 0.03125
1 0.48828125 0.43359375 0.018229166666666668 0.044270833333333336
1 0.5364583333333334 0.5677083333333334 0.0234375 0.0546875