1 0.3658854166666667 0.4869791666666667 0.044270833333333336 0.046875
1 0.4583333333333333 0.5416666666666666 0.052083333333333336 0.041666666666666664
1 0.5208333333333334 0.6158854166666666 0.036458333333333336 0.07291666666666667
1 0.3984375 0.5052083333333334 0.052083333333333336 0.0546875
1 0.5247395833333334 0.4973958333333333 0.036458333333333336 0.028645833333333332
1 0.5104166666666666 0.578125 0.041666666666666664 0.078125
1 0.4244791666666667 0.5598958333333334 0.03125 0.028645833333333332
1 0.5221354166666666 0.5247395833333334 0.059895833333333336 0.06770833333333333
1 0.4296875 0.5221354166666666 0.044270833333333336 0.044270833333333336
1 0.4205729166666667 0.4635416666666667 0.036458333333333336 0.049479166666666664
1 0.4518229166666667 0.5755208333333334 0.0390625 0.057291666666666664
1 0.4635416666666667 0.5065104166666666 0.036458333333333336 0.0390625
1 0.4466145833333333 0.4453125 0.03125 0.033854166666666664