1 0.4348958333333333 0.44140625 0.0390625 0.049479166666666664
1 0.4752604166666667 0.6692708333333334 0.044270833333333336 0.052083333333333336
1 0.44921875 0.453125 0.0390625 0.059895833333333336
1 0.06380208333333333 0.8255208333333334 0.036458333333333336 0.046875
1 0.10026041666666667 0.8697916666666666 0.036458333333333336 0.0390625
1 0.4817708333333333 0.55078125 0.0390625 0.0625
1 0.16145833333333334 0.8776041666666666 0.044270833333333336 0.033854166666666664
1 0.5143229166666666 0.5091145833333334 0.033854166666666664 0.059895833333333336
1 0.5638020833333334 0.5546875 0.041666666666666664 0.06770833333333333
1 0.6328125 0.3541666666666667 0.052083333333333336 0.046875
1 0.4388020833333333 0.5794270833333334 0.036458333333333336 0.044270833333333336
1 0.359375 0.6184895833333334 0.052083333333333336 0.059895833333333336
1 0.421875 0.6145833333333334 0.0390625 0.0390625
1 0.6080729166666666 0.52734375 0.046875 0.0390625
1 0.5872395833333334 0.5611979166666666 0.0390625 0.046875
1 0.4205729166666667 0.5377604166666666 0.052083333333333336 0.041666666666666664
1 0.4348958333333333 0.6731770833333334 0.041666666666666664 0.036458333333333336
1 0.3802083333333333 0.62109375 0.028645833333333332 0.033854166666666664
1 0.5234375 0.5690104166666666 0.0234375 0.028645833333333332
1 0.4453125 0.6549479166666666 0.046875 0.028645833333333332
1 0.0546875 0.75 0.03125 0.046875
1 0.4010416666666667 0.609375 0.033854166666666664 0.03125
1 0.052083333333333336 0.7916666666666666 0.052083333333333336 0.049479166666666664
1 0.4869791666666667 0.50390625 0.044270833333333336 0.033854166666666664
1 0.59375 0.4908854166666667 0.026041666666666668 0.0390625
1 0.13932291666666666 0.84765625 0.041666666666666664 0.049479166666666664
1 0.12760416666666666 0.8776041666666666 0.03125 0.041666666666666664
1 0.4752604166666667 0.6002604166666666 0.036458333333333336 0.028645833333333332
1 0.3841145833333333 0.5169270833333334 0.0390625 0.036458333333333336
1 0.46484375 0.4609375 0.0390625 0.06770833333333333
1 0.18880208333333334 0.8111979166666666 0.033854166666666664 0.046875
1 0.5872395833333334 0.6171875 0.049479166666666664 0.0546875
1 0.5065104166666666 0.4505208333333333 0.052083333333333336 0.041666666666666664
1 0.1171875 0.7994791666666666 0.036458333333333336 0.041666666666666664
1 0.4934895833333333 0.5859375 0.033854166666666664 0.028645833333333332
1 0.5703125 0.484375 0.046875 0.0546875
1 0.10026041666666667 0.8216145833333334 0.049479166666666664 0.0546875
1 0.14713541666666666 0.8111979166666666 0.044270833333333336 0.06770833333333333
1 0.10546875 0.6731770833333334 0.033854166666666664 0.052083333333333336
1 0.5833333333333334 0.6692708333333334 0.046875 0.049479166666666664
1 0.5481770833333334 0.6119791666666666 0.044270833333333336 0.052083333333333336
1 0.010416666666666666 0.8033854166666666 0.020833333333333332 0.06510416666666667
1 0.5260416666666666 0.6263020833333334 0.033854166666666664 0.0234375
1 0.4947916666666667 0.6302083333333334 0.0390625 0.036458333333333336
1 0.6184895833333334 0.5625 0.041666666666666664 0.0390625
1 0.38671875 0.2838541666666667 0.044270833333333336 0.0390625
1 0.5247395833333334 0.5481770833333334 0.03125 0.041666666666666664
1 0.3997395833333333 0.5911458333333334 0.059895833333333336 0.0546875
1 0.16796875 0.8020833333333334 0.0390625 0.06770833333333333
1 0.078125 0.7408854166666666 0.041666666666666664 0.0390625
1 0.44921875 0.52734375 0.044270833333333336 0.0625
1 0.4921875 0.3958333333333333 0.041666666666666664 0.036458333333333336
1 0.4231770833333333 0.5 0.0546875 0.0625
1 0.5325520833333334 0.4205729166666667 0.059895833333333336 0.052083333333333336
1 0.5559895833333334 0.4947916666666667 0.036458333333333336 0.049479166666666664
1 0.11328125 0.72265625 0.041666666666666664 0.06770833333333333
1 0.41015625 0.5546875 0.049479166666666664 0.052083333333333336