1 0.5559895833333334 0.2578125 0.09114583333333333 0.09635416666666667
1 0.7890625 0.6614583333333334 0.13802083333333334 0.1171875
1 0.3463541666666667 0.7174479166666666 0.09635416666666667 0.09895833333333333
1 0.7005208333333334 0.328125 0.1015625 0.10416666666666667
1 0.6432291666666666 0.7473958333333334 0.13020833333333334 0.09375
1 0.5716145833333334 0.49609375 0.11197916666666667 0.09114583333333333
1 0.21614583333333334 0.5260416666666666 0.09895833333333333 0.09895833333333333
1 0.28515625 0.5078125 0.09375 0.10677083333333333
1 0.296875 0.2903645833333333 0.10416666666666667 0.10677083333333333
1 0.3671875 0.3919270833333333 0.109375 0.09635416666666667
1 0.6419270833333334 0.55859375 0.1015625 0.09635416666666667
1 0.6080729166666666 0.6276041666666666 0.12239583333333333 0.08333333333333333
1 0.390625 0.36328125 0.07552083333333333 0.08854166666666667
1 0.5065104166666666 0.4140625 0.11458333333333333 0.09895833333333333