1 0.6002604166666666 0.6041666666666666 0.033854166666666664 0.046875
1 0.5807291666666666 0.6015625 0.03125 0.041666666666666664
1 0.16536458333333334 0.19921875 0.041666666666666664 0.033854166666666664
1 0.010416666666666666 0.2864583333333333 0.020833333333333332 0.036458333333333336
1 0.7135416666666666 0.4322916666666667 0.033854166666666664 0.044270833333333336
1 0.6471354166666666 0.359375 0.028645833333333332 0.03125
1 0.5677083333333334 0.5390625 0.036458333333333336 0.046875
1 0.5442708333333334 0.47265625 0.033854166666666664 0.044270833333333336
1 0.4765625 0.4947916666666667 0.041666666666666664 0.0546875
1 0.5598958333333334 0.4752604166666667 0.036458333333333336 0.052083333333333336
1 0.37890625 0.5013020833333334 0.046875 0.041666666666666664
1 0.6927083333333334 0.3138020833333333 0.033854166666666664 0.0546875
1 0.58203125 0.3489583333333333 0.033854166666666664 0.046875
1 0.3307291666666667 0.40625 0.044270833333333336 0.052083333333333336
1 0.3528645833333333 0.4557291666666667 0.03125 0.041666666666666664
1 0.3359375 0.52734375 0.046875 0.052083333333333336
1 0.09895833333333333 0.23567708333333334 0.044270833333333336 0.033854166666666664
1 0.64453125 0.42578125 0.0390625 0.0390625
1 0.7604166666666666 0.4322916666666667 0.044270833333333336 0.033854166666666664
1 0.6666666666666666 0.359375 0.036458333333333336 0.033854166666666664
1 0.3411458333333333 0.421875 0.0390625 0.044270833333333336
1 0.5078125 0.48828125 0.036458333333333336 0.028645833333333332
1 0.5651041666666666 0.4674479166666667 0.03125 0.044270833333333336
1 0.4466145833333333 0.4778645833333333 0.041666666666666664 0.049479166666666664
1 0.4427083333333333 0.52734375 0.041666666666666664 0.0625
1 0.5260416666666666 0.5833333333333334 0.036458333333333336 0.0546875
1 0.3645833333333333 0.4479166666666667 0.041666666666666664 0.0546875
1 0.25390625 0.4166666666666667 0.046875 0.041666666666666664
1 0.19401041666666666 0.53125 0.046875 0.044270833333333336
1 0.016927083333333332 0.3098958333333333 0.033854166666666664 0.041666666666666664
1 0.5260416666666666 0.2669270833333333 0.044270833333333336 0.033854166666666664
1 0.6744791666666666 0.4453125 0.036458333333333336 0.046875
1 0.7565104166666666 0.4153645833333333 0.033854166666666664 0.033854166666666664
1 0.7395833333333334 0.421875 0.036458333333333336 0.033854166666666664
1 0.75390625 0.2877604166666667 0.041666666666666664 0.033854166666666664
1 0.7838541666666666 0.3802083333333333 0.036458333333333336 0.036458333333333336
1 0.83984375 0.5885416666666666 0.033854166666666664 0.044270833333333336
1 0.50390625 0.47265625 0.0390625 0.041666666666666664
1 0.7291666666666666 0.5130208333333334 0.041666666666666664 0.046875
1 0.4739583333333333 0.5455729166666666 0.0390625 0.049479166666666664
1 0.5091145833333334 0.5859375 0.036458333333333336 0.046875
1 0.3541666666666667 0.4856770833333333 0.052083333333333336 0.0390625
1 0.5651041666666666 0.390625 0.03125 0.041666666666666664
1 0.5690104166666666 0.17447916666666666 0.03125 0.046875
1 0.6184895833333334 0.23567708333333334 0.036458333333333336 0.036458333333333336
1 0.3880208333333333 0.5247395833333334 0.0546875 0.057291666666666664
1 0.26953125 0.55078125 0.057291666666666664 0.057291666666666664
1 0.23177083333333334 0.51953125 0.046875 0.041666666666666664
1 0.6236979166666666 0.6315104166666666 0.036458333333333336 0.03125
1 0.39453125 0.6510416666666666 0.044270833333333336 0.0390625
1 0.3072916666666667 0.69140625 0.049479166666666664 0.052083333333333336
1 0.6276041666666666 0.41015625 0.036458333333333336 0.028645833333333332
1 0.6575520833333334 0.5611979166666666 0.044270833333333336 0.0625
1 0.4739583333333333 0.4388020833333333 0.044270833333333336 0.052083333333333336
1 0.4661458333333333 0.3815104166666667 0.0390625 0.049479166666666664
1 0.578125 0.5325520833333334 0.03125 0.0390625
1 0.515625 0.5169270833333334 0.0390625 0.052083333333333336
1 0.6041666666666666 0.4088541666666667 0.0390625 0.033854166666666664
1 0.4739583333333333 0.40625 0.036458333333333336 0.046875
1 0.4830729166666667 0.47265625 0.0390625 0.052083333333333336
1 0.4166666666666667 0.4817708333333333 0.052083333333333336 0.057291666666666664
1 0.4583333333333333 0.5078125 0.046875 0.057291666666666664
1 0.4427083333333333 0.5703125 0.044270833333333336 0.0546875
1 0.3958333333333333 0.4635416666666667 0.041666666666666664 0.03125
1 0.5546875 0.51953125 0.03125 0.044270833333333336
1 0.6901041666666666 0.40234375 0.028645833333333332 0.0390625
1 0.41796875 0.49609375 0.033854166666666664 0.036458333333333336
1 0.4921875 0.5638020833333334 0.046875 0.0390625
1 0.3736979166666667 0.5859375 0.036458333333333336 0.046875
1 0.6588541666666666 0.28125 0.041666666666666664 0.041666666666666664
1 0.10677083333333333 0.47265625 0.049479166666666664 0.041666666666666664
1 0.4270833333333333 0.8815104166666666 0.052083333333333336 0.052083333333333336
1 0.5572916666666666 0.6106770833333334 0.041666666666666664 0.052083333333333336
1 0.032552083333333336 0.265625 0.041666666666666664 0.033854166666666664
1 0.10677083333333333 0.33203125 0.057291666666666664 0.059895833333333336
1 0.7708333333333334 0.4153645833333333 0.03125 0.036458333333333336
1 0.8020833333333334 0.3372395833333333 0.0390625 0.041666666666666664
1 0.6692708333333334 0.66015625 0.036458333333333336 0.033854166666666664
1 0.5703125 0.5078125 0.036458333333333336 0.03125
1 0.671875 0.3919270833333333 0.041666666666666664 0.0390625
1 0.66015625 0.4453125 0.033854166666666664 0.049479166666666664
1 0.5364583333333334 0.4557291666666667 0.0390625 0.044270833333333336
1 0.4947916666666667 0.5234375 0.046875 0.041666666666666664
1 0.4583333333333333 0.5963541666666666 0.033854166666666664 0.049479166666666664
1 0.625 0.3411458333333333 0.03125 0.044270833333333336
1 0.35546875 0.14973958333333334 0.036458333333333336 0.0390625
1 0.3541666666666667 0.3841145833333333 0.044270833333333336 0.046875
1 0.5677083333333334 0.6432291666666666 0.052083333333333336 0.049479166666666664
1 0.4700520833333333 0.6341145833333334 0.0390625 0.0546875
1 0.4856770833333333 0.7005208333333334 0.036458333333333336 0.052083333333333336
1 0.421875 0.6067708333333334 0.041666666666666664 0.041666666666666664
1 0.7578125 0.3255208333333333 0.03125 0.026041666666666668
1 0.28515625 0.3919270833333333 0.046875 0.041666666666666664
1 0.015625 0.2864583333333333 0.03125 0.041666666666666664
1 0.7161458333333334 0.31640625 0.033854166666666664 0.028645833333333332
1 0.6145833333333334 0.3880208333333333 0.041666666666666664 0.0390625
1 0.5950520833333334 0.6328125 0.03125 0.046875
1 0.4622395833333333 0.453125 0.041666666666666664 0.052083333333333336
1 0.4921875 0.4440104166666667 0.0390625 0.049479166666666664
1 0.5299479166666666 0.5625 0.044270833333333336 0.041666666666666664
1 0.5364583333333334 0.51953125 0.0390625 0.046875
1 0.6263020833333334 0.4427083333333333 0.033854166666666664 0.033854166666666664
1 0.75 0.3489583333333333 0.0390625 0.041666666666666664
1 0.5325520833333334 0.375 0.049479166666666664 0.052083333333333336
1 0.35546875 0.21354166666666666 0.049479166666666664 0.052083333333333336
1 0.453125 0.3971354166666667 0.028645833333333332 0.046875
1 0.3828125 0.2734375 0.0390625 0.044270833333333336
1 0.3294270833333333 0.4231770833333333 0.036458333333333336 0.041666666666666664
1 0.23828125 0.5559895833333334 0.057291666666666664 0.0546875
1 0.6341145833333334 0.6171875 0.049479166666666664 0.0546875
1 0.7135416666666666 0.4166666666666667 0.033854166666666664 0.044270833333333336
1 0.6497395833333334 0.3802083333333333 0.036458333333333336 0.03125
1 0.5390625 0.54296875 0.044270833333333336 0.052083333333333336
1 0.5078125 0.4986979166666667 0.0390625 0.036458333333333336
1 0.5026041666666666 0.421875 0.0390625 0.044270833333333336
1 0.5130208333333334 0.3802083333333333 0.044270833333333336 0.044270833333333336
1 0.5299479166666666 0.4778645833333333 0.0390625 0.0546875
1 0.48046875 0.5807291666666666 0.044270833333333336 0.033854166666666664
1 0.4375 0.45703125 0.036458333333333336 0.03125
1 0.5572916666666666 0.4088541666666667 0.041666666666666664 0.049479166666666664
1 0.5065104166666666 0.2864583333333333 0.033854166666666664 0.044270833333333336
1 0.4674479166666667 0.3138020833333333 0.0546875 0.041666666666666664
1 0.3606770833333333 0.3580729166666667 0.041666666666666664 0.046875
1 0.4674479166666667 0.6901041666666666 0.0390625 0.057291666666666664