1 0.4583333333333333 0.15104166666666666 0.057291666666666664 0.06770833333333333
1 0.9075520833333334 0.3684895833333333 0.08333333333333333 0.09375
1 0.28125 0.41796875 0.10677083333333333 0.12239583333333333
1 0.3606770833333333 0.6901041666666666 0.09114583333333333 0.0625
1 0.3450520833333333 0.609375 0.057291666666666664 0.10677083333333333
1 0.4231770833333333 0.19270833333333334 0.07291666666666667 0.08333333333333333
1 0.73046875 0.9088541666666666 0.1015625 0.09895833333333333
1 0.47265625 0.57421875 0.09895833333333333 0.07291666666666667
1 0.3671875 0.6041666666666666 0.049479166666666664 0.09114583333333333
1 0.3046875 0.6119791666666666 0.0859375 0.10677083333333333
1 0.2955729166666667 0.5494791666666666 0.06770833333333333 0.09114583333333333
1 0.3424479166666667 0.17447916666666666 0.07291666666666667 0.13802083333333334
1 0.5598958333333334 0.6106770833333334 0.1015625 0.059895833333333336
1 0.4309895833333333 0.46875 0.0625 0.09895833333333333
1 0.37890625 0.3268229166666667 0.11979166666666667 0.09114583333333333
1 0.37890625 0.7395833333333334 0.09635416666666667 0.11979166666666667
1 0.5481770833333334 0.7044270833333334 0.059895833333333336 0.06770833333333333
1 0.5169270833333334 0.6901041666666666 0.0546875 0.09114583333333333
1 0.53515625 0.7825520833333334 0.08854166666666667 0.1328125
1 0.4583333333333333 0.6861979166666666 0.0625 0.13020833333333334
1 0.3255208333333333 0.24739583333333334 0.057291666666666664 0.109375
1 0.68359375 0.8684895833333334 0.10677083333333333 0.078125
1 0.4635416666666667 0.5338541666666666 0.08333333333333333 0.06770833333333333
1 0.3854166666666667 0.4856770833333333 0.09375 0.08333333333333333
1 0.2578125 0.390625 0.0390625 0.08072916666666667
1 0.78125 0.55859375 0.0703125 0.10416666666666667
1 0.4765625 0.18359375 0.06770833333333333 0.046875
1 0.9140625 0.5286458333333334 0.07291666666666667 0.0859375
1 0.54296875 0.5677083333333334 0.09895833333333333 0.09895833333333333
1 0.4596354166666667 0.6171875 0.09114583333333333 0.06510416666666667
1 0.3515625 0.5169270833333334 0.07552083333333333 0.059895833333333336
1 0.5598958333333334 0.8411458333333334 0.0703125 0.08072916666666667