1 0.17578125 0.7265625 0.033854166666666664 0.028645833333333332
1 0.4010416666666667 0.4075520833333333 0.028645833333333332 0.026041666666666668
1 0.3489583333333333 0.5963541666666666 0.0234375 0.028645833333333332
1 0.3763020833333333 0.4466145833333333 0.028645833333333332 0.020833333333333332
1 0.38671875 0.484375 0.020833333333333332 0.0234375
1 0.4466145833333333 0.44140625 0.018229166666666668 0.020833333333333332
1 0.4010416666666667 0.50390625 0.033854166666666664 0.013020833333333334
1 0.3372395833333333 0.6302083333333334 0.059895833333333336 0.041666666666666664
1 0.44140625 0.56640625 0.041666666666666664 0.03125
1 0.3216145833333333 0.5559895833333334 0.0546875 0.03125
1 0.3828125 0.5794270833333334 0.049479166666666664 0.026041666666666668
1 0.40234375 0.5690104166666666 0.044270833333333336 0.028645833333333332
1 0.5104166666666666 0.3854166666666667 0.041666666666666664 0.041666666666666664
1 0.22265625 0.4700520833333333 0.049479166666666664 0.033854166666666664
1 0.4375 0.3971354166666667 0.036458333333333336 0.0234375
1 0.31640625 0.4973958333333333 0.046875 0.026041666666666668
1 0.47265625 0.5677083333333334 0.0234375 0.028645833333333332
1 0.5625 0.6106770833333334 0.057291666666666664 0.044270833333333336
1 0.375 0.5989583333333334 0.044270833333333336 0.036458333333333336
1 0.2708333333333333 0.4296875 0.0390625 0.036458333333333336
1 0.3255208333333333 0.53515625 0.06770833333333333 0.020833333333333332
1 0.3385416666666667 0.5182291666666666 0.057291666666666664 0.026041666666666668
1 0.2994791666666667 0.4713541666666667 0.044270833333333336 0.026041666666666668
1 0.15755208333333334 0.60546875 0.041666666666666664 0.03125
1 0.3111979166666667 0.4283854166666667 0.0234375 0.028645833333333332
1 0.2877604166666667 0.5013020833333334 0.033854166666666664 0.018229166666666668
1 0.4622395833333333 0.5234375 0.033854166666666664 0.018229166666666668
1 0.4622395833333333 0.4765625 0.026041666666666668 0.0234375
1 0.44921875 0.3346354166666667 0.049479166666666664 0.03125
1 0.41015625 0.3932291666666667 0.041666666666666664 0.015625
1 0.26171875 0.5104166666666666 0.0234375 0.028645833333333332
1 0.3619791666666667 0.43359375 0.020833333333333332 0.026041666666666668
1 0.4544270833333333 0.4947916666666667 0.033854166666666664 0.0234375
1 0.4752604166666667 0.4986979166666667 0.013020833333333334 0.018229166666666668
1 0.3736979166666667 0.48046875 0.026041666666666668 0.03125
1 0.29296875 0.375 0.0546875 0.0390625
1 0.4635416666666667 0.6028645833333334 0.020833333333333332 0.0234375
1 0.3372395833333333 0.4388020833333333 0.026041666666666668 0.044270833333333336
1 0.4192708333333333 0.4934895833333333 0.026041666666666668 0.03125
1 0.45703125 0.4270833333333333 0.049479166666666664 0.03125
1 0.4166666666666667 0.46875 0.020833333333333332 0.028645833333333332
1 0.4192708333333333 0.5221354166666666 0.036458333333333336 0.026041666666666668
1 0.4244791666666667 0.6041666666666666 0.046875 0.0390625
1 0.18619791666666666 0.3515625 0.049479166666666664 0.036458333333333336
1 0.4596354166666667 0.44921875 0.044270833333333336 0.03125
1 0.4596354166666667 0.4544270833333333 0.020833333333333332 0.020833333333333332
1 0.4453125 0.52734375 0.044270833333333336 0.036458333333333336