1 0.2760416666666667 0.3606770833333333 0.059895833333333336 0.057291666666666664
1 0.3606770833333333 0.515625 0.041666666666666664 0.041666666666666664
1 0.4036458333333333 0.37109375 0.041666666666666664 0.046875
1 0.3177083333333333 0.609375 0.044270833333333336 0.052083333333333336
1 0.3046875 0.4778645833333333 0.052083333333333336 0.052083333333333336
1 0.4544270833333333 0.4596354166666667 0.0390625 0.057291666666666664
1 0.6653645833333334 0.3138020833333333 0.03125 0.044270833333333336
1 0.3971354166666667 0.6640625 0.046875 0.06510416666666667
1 0.5963541666666666 0.3580729166666667 0.049479166666666664 0.049479166666666664
1 0.5716145833333334 0.3203125 0.0390625 0.0546875
1 0.34765625 0.5963541666666666 0.049479166666666664 0.057291666666666664
1 0.6822916666666666 0.3307291666666667 0.0546875 0.059895833333333336
1 0.28125 0.4270833333333333 0.049479166666666664 0.052083333333333336
1 0.4583333333333333 0.3828125 0.044270833333333336 0.036458333333333336
1 0.4140625 0.453125 0.046875 0.052083333333333336
1 0.22265625 0.3802083333333333 0.044270833333333336 0.0390625
1 0.4270833333333333 0.3098958333333333 0.044270833333333336 0.041666666666666664
1 0.6888020833333334 0.3828125 0.059895833333333336 0.059895833333333336
1 0.5455729166666666 0.3463541666666667 0.041666666666666664 0.03125
1 0.4153645833333333 0.4231770833333333 0.044270833333333336 0.0390625
1 0.2734375 0.5104166666666666 0.0390625 0.049479166666666664
1 0.7252604166666666 0.3802083333333333 0.052083333333333336 0.052083333333333336
1 0.21875 0.55859375 0.046875 0.0625
1 0.5690104166666666 0.4544270833333333 0.044270833333333336 0.036458333333333336
1 0.5885416666666666 0.4375 0.044270833333333336 0.036458333333333336
1 0.58203125 0.3229166666666667 0.0390625 0.0546875
1 0.34375 0.5416666666666666 0.046875 0.041666666666666664
1 0.4830729166666667 0.3723958333333333 0.041666666666666664 0.033854166666666664
1 0.3802083333333333 0.40234375 0.049479166666666664 0.057291666666666664
1 0.4401041666666667 0.4270833333333333 0.046875 0.057291666666666664
1 0.6471354166666666 0.3372395833333333 0.046875 0.059895833333333336
1 0.6067708333333334 0.2994791666666667 0.044270833333333336 0.0703125
1 0.375 0.6067708333333334 0.046875 0.046875
1 0.31640625 0.5325520833333334 0.033854166666666664 0.049479166666666664
1 0.51953125 0.2890625 0.0390625 0.033854166666666664
1 0.3151041666666667 0.5052083333333334 0.036458333333333336 0.049479166666666664
1 0.4908854166666667 0.41796875 0.041666666666666664 0.0546875
1 0.66015625 0.3984375 0.041666666666666664 0.059895833333333336
1 0.3580729166666667 0.43359375 0.044270833333333336 0.041666666666666664
1 0.37109375 0.3424479166666667 0.03125 0.046875
1 0.28125 0.51953125 0.0390625 0.0546875
1 0.4908854166666667 0.3580729166666667 0.046875 0.036458333333333336
1 0.4466145833333333 0.5716145833333334 0.0390625 0.057291666666666664
1 0.3932291666666667 0.6393229166666666 0.041666666666666664 0.059895833333333336
1 0.6315104166666666 0.3177083333333333 0.044270833333333336 0.0546875
1 0.5494791666666666 0.2994791666666667 0.049479166666666664 0.059895833333333336
1 0.578125 0.40625 0.046875 0.06770833333333333
1 0.5013020833333334 0.3450520833333333 0.044270833333333336 0.036458333333333336
1 0.3307291666666667 0.5989583333333334 0.046875 0.0546875
1 0.3541666666666667 0.5 0.046875 0.036458333333333336
1 0.546875 0.4036458333333333 0.041666666666666664 0.0546875
1 0.4244791666666667 0.3385416666666667 0.0390625 0.044270833333333336
1 0.3880208333333333 0.5872395833333334 0.044270833333333336 0.041666666666666664
1 0.3515625 0.3606770833333333 0.052083333333333336 0.059895833333333336
1 0.296875 0.3997395833333333 0.052083333333333336 0.049479166666666664
1 0.24609375 0.4361979166666667 0.046875 0.059895833333333336
1 0.4296875 0.3776041666666667 0.0390625 0.0546875
1 0.27734375 0.5638020833333334 0.044270833333333336 0.049479166666666664
1 0.2421875 0.5533854166666666 0.0546875 0.08072916666666667
1 0.3411458333333333 0.8776041666666666 0.0546875 0.059895833333333336
1 0.3841145833333333 0.3450520833333333 0.0390625 0.0546875
1 0.3294270833333333 0.49609375 0.03125 0.03125
1 0.41015625 0.5989583333333334 0.049479166666666664 0.046875
1 0.3776041666666667 0.5651041666666666 0.044270833333333336 0.03125
1 0.3893229166666667 0.4739583333333333 0.052083333333333336 0.052083333333333336
1 0.3958333333333333 0.41015625 0.044270833333333336 0.052083333333333336
1 0.3580729166666667 0.46875 0.044270833333333336 0.059895833333333336
1 0.3984375 0.4986979166666667 0.049479166666666664 0.041666666666666664
1 0.3828125 0.4427083333333333 0.049479166666666664 0.0390625
1 0.4765625 0.40625 0.036458333333333336 0.052083333333333336
1 0.3658854166666667 0.6184895833333334 0.049479166666666664 0.049479166666666664
1 0.73046875 0.5924479166666666 0.057291666666666664 0.06770833333333333
1 0.5221354166666666 0.41015625 0.046875 0.0625
1 0.5130208333333334 0.3880208333333333 0.0390625 0.044270833333333336
1 0.4661458333333333 0.3502604166666667 0.0390625 0.057291666666666664
1 0.2981770833333333 0.5872395833333334 0.044270833333333336 0.0625
1 0.4635416666666667 0.3255208333333333 0.044270833333333336 0.052083333333333336
1 0.4088541666666667 0.3411458333333333 0.036458333333333336 0.0546875
1 0.4479166666666667 0.2955729166666667 0.041666666666666664 0.03125
1 0.2955729166666667 0.5377604166666666 0.036458333333333336 0.052083333333333336
1 0.4557291666666667 0.4088541666666667 0.046875 0.044270833333333336
1 0.4075520833333333 0.546875 0.052083333333333336 0.0703125
1 0.4375 0.4791666666666667 0.041666666666666664 0.046875
1 0.3359375 0.6302083333333334 0.028645833333333332 0.033854166666666664
1 0.32421875 0.5377604166666666 0.036458333333333336 0.057291666666666664
1 0.5377604166666666 0.3736979166666667 0.046875 0.052083333333333336
1 0.43359375 0.3958333333333333 0.0390625 0.049479166666666664
1 0.27734375 0.33203125 0.052083333333333336 0.041666666666666664
1 0.4427083333333333 0.34765625 0.041666666666666664 0.046875
1 0.5078125 0.3059895833333333 0.046875 0.041666666666666664
1 0.3359375 0.5638020833333334 0.0390625 0.0390625
1 0.3411458333333333 0.44921875 0.046875 0.052083333333333336
1 0.3671875 0.375 0.044270833333333336 0.041666666666666664
1 0.4192708333333333 0.578125 0.0234375 0.0234375
1 0.6901041666666666 0.3580729166666667 0.0546875 0.057291666666666664
1 0.4010416666666667 0.3190104166666667 0.0390625 0.057291666666666664
1 0.51953125 0.3359375 0.046875 0.044270833333333336
1 0.859375 0.20442708333333334 0.028645833333333332 0.033854166666666664
1 0.5052083333333334 0.3841145833333333 0.036458333333333336 0.046875
1 0.3919270833333333 0.4361979166666667 0.041666666666666664 0.03125
1 0.296875 0.5065104166666666 0.044270833333333336 0.06770833333333333
1 0.3815104166666667 0.5403645833333334 0.046875 0.036458333333333336