1 0.7799479166666666 0.703125 0.049479166666666664 0.08333333333333333
1 0.27734375 0.2864583333333333 0.06510416666666667 0.07552083333333333
1 0.19401041666666666 0.3111979166666667 0.057291666666666664 0.0625
1 0.3385416666666667 0.23958333333333334 0.0546875 0.0703125
1 0.67578125 0.33203125 0.049479166666666664 0.041666666666666664
1 0.6458333333333334 0.44140625 0.0390625 0.07291666666666667
1 0.5703125 0.6106770833333334 0.036458333333333336 0.06510416666666667
1 0.4479166666666667 0.4544270833333333 0.0546875 0.06770833333333333
1 0.5104166666666666 0.4518229166666667 0.06510416666666667 0.08072916666666667
1 0.7669270833333334 0.7994791666666666 0.044270833333333336 0.0546875
1 0.7291666666666666 0.5598958333333334 0.0546875 0.057291666666666664
1 0.3190104166666667 0.3463541666666667 0.0703125 0.07291666666666667
1 0.48046875 0.3984375 0.0625 0.09635416666666667
1 0.5130208333333334 0.09505208333333333 0.052083333333333336 0.052083333333333336
1 0.4309895833333333 0.24348958333333334 0.052083333333333336 0.0625
1 0.3033854166666667 0.4388020833333333 0.049479166666666664 0.059895833333333336
1 0.3697916666666667 0.2682291666666667 0.0625 0.057291666666666664