0 0.68359375 0.6510416666666666 0.08072916666666667 0.109375
1 0.46875 0.6953125 0.026041666666666668 0.0390625
1 0.4440104166666667 0.21875 0.026041666666666668 0.044270833333333336
1 0.5091145833333334 0.6692708333333334 0.028645833333333332 0.03125
1 0.4192708333333333 0.4427083333333333 0.020833333333333332 0.03125
1 0.3723958333333333 0.5716145833333334 0.03125 0.026041666666666668
1 0.3802083333333333 0.4440104166666667 0.020833333333333332 0.03125
1 0.45703125 0.4778645833333333 0.041666666666666664 0.044270833333333336
1 0.4505208333333333 0.328125 0.028645833333333332 0.033854166666666664
1 0.4296875 0.5 0.03125 0.049479166666666664
1 0.5651041666666666 0.5638020833333334 0.036458333333333336 0.036458333333333336
1 0.5234375 0.7018229166666666 0.03125 0.03125
1 0.42578125 0.390625 0.03125 0.0390625
1 0.59375 0.3229166666666667 0.041666666666666664 0.046875
1 0.62109375 0.34765625 0.028645833333333332 0.041666666666666664
1 0.3815104166666667 0.5924479166666666 0.036458333333333336 0.03125
1 0.3489583333333333 0.39453125 0.036458333333333336 0.033854166666666664
1 0.4544270833333333 0.3854166666666667 0.028645833333333332 0.0234375
1 0.3528645833333333 0.58203125 0.033854166666666664 0.028645833333333332
1 0.4986979166666667 0.3177083333333333 0.03125 0.049479166666666664
1 0.5494791666666666 0.5546875 0.03125 0.0234375
1 0.546875 0.6171875 0.03125 0.0546875
1 0.51171875 0.5455729166666666 0.020833333333333332 0.03125
1 0.39453125 0.4244791666666667 0.033854166666666664 0.033854166666666664
1 0.4361979166666667 0.5286458333333334 0.026041666666666668 0.0390625
1 0.5065104166666666 0.6901041666666666 0.033854166666666664 0.03125
1 0.4505208333333333 0.5911458333333334 0.03125 0.033854166666666664
1 0.5494791666666666 0.5416666666666666 0.033854166666666664 0.0234375
1 0.3958333333333333 0.4830729166666667 0.028645833333333332 0.044270833333333336
1 0.3736979166666667 0.33203125 0.03125 0.049479166666666664
1 0.4375 0.23697916666666666 0.028645833333333332 0.044270833333333336
1 0.4479166666666667 0.4244791666666667 0.0390625 0.033854166666666664
1 0.4791666666666667 0.640625 0.03125 0.033854166666666664
1 0.5872395833333334 0.55078125 0.026041666666666668 0.018229166666666668
1 0.4973958333333333 0.5065104166666666 0.026041666666666668 0.020833333333333332
1 0.5794270833333334 0.6223958333333334 0.036458333333333336 0.026041666666666668
1 0.53515625 0.68359375 0.03125 0.033854166666666664
1 0.4986979166666667 0.44921875 0.026041666666666668 0.046875
1 0.6236979166666666 0.3828125 0.041666666666666664 0.033854166666666664
1 0.5208333333333334 0.43359375 0.033854166666666664 0.036458333333333336
1 0.5846354166666666 0.4036458333333333 0.03125 0.036458333333333336
1 0.54296875 0.4752604166666667 0.026041666666666668 0.033854166666666664
1 0.4049479166666667 0.5690104166666666 0.03125 0.026041666666666668
1 0.375 0.5325520833333334 0.033854166666666664 0.0234375
1 0.4739583333333333 0.3580729166666667 0.033854166666666664 0.03125
1 0.4583333333333333 0.4466145833333333 0.028645833333333332 0.028645833333333332
1 0.5963541666666666 0.7005208333333334 0.020833333333333332 0.03125
1 0.4036458333333333 0.4453125 0.0234375 0.0234375
1 0.60546875 0.7291666666666666 0.026041666666666668 0.0234375
1 0.3658854166666667 0.3815104166666667 0.020833333333333332 0.0390625
1 0.48046875 0.66796875 0.0234375 0.026041666666666668
1 0.55859375 0.7708333333333334 0.028645833333333332 0.044270833333333336
1 0.4817708333333333 0.5182291666666666 0.018229166666666668 0.020833333333333332
1 0.4270833333333333 0.5651041666666666 0.0234375 0.033854166666666664
1 0.6419270833333334 0.7408854166666666 0.033854166666666664 0.03125
1 0.5416666666666666 0.4140625 0.0234375 0.041666666666666664
1 0.4752604166666667 0.5052083333333334 0.026041666666666668 0.020833333333333332
1 0.3658854166666667 0.4869791666666667 0.033854166666666664 0.028645833333333332
1 0.4427083333333333 0.2747395833333333 0.0234375 0.033854166666666664
1 0.3502604166666667 0.3450520833333333 0.041666666666666664 0.041666666666666664
1 0.5104166666666666 0.4622395833333333 0.033854166666666664 0.052083333333333336
1 0.5924479166666666 0.7122395833333334 0.028645833333333332 0.033854166666666664
1 0.6419270833333334 0.5533854166666666 0.0390625 0.028645833333333332
1 0.5611979166666666 0.6536458333333334 0.028645833333333332 0.0234375
1 0.4140625 0.5338541666666666 0.026041666666666668 0.041666666666666664
1 0.453125 0.5221354166666666 0.033854166666666664 0.033854166666666664
1 0.390625 0.60546875 0.033854166666666664 0.03125
1 0.5 0.62109375 0.026041666666666668 0.036458333333333336
1 0.4049479166666667 0.6458333333333334 0.041666666666666664 0.049479166666666664
1 0.53515625 0.5768229166666666 0.028645833333333332 0.03125
1 0.62109375 0.4244791666666667 0.028645833333333332 0.044270833333333336
1 0.5833333333333334 0.4270833333333333 0.046875 0.033854166666666664
1 0.5651041666666666 0.4544270833333333 0.033854166666666664 0.046875
1 0.421875 0.24348958333333334 0.036458333333333336 0.059895833333333336
1 0.5221354166666666 0.63671875 0.028645833333333332 0.041666666666666664
1 0.6236979166666666 0.71484375 0.036458333333333336 0.028645833333333332
1 0.5 0.3854166666666667 0.020833333333333332 0.036458333333333336
1 0.3385416666666667 0.5377604166666666 0.03125 0.0390625
1 0.41015625 0.3294270833333333 0.026041666666666668 0.033854166666666664
1 0.671875 0.5403645833333334 0.036458333333333336 0.0390625
1 0.46484375 0.25390625 0.033854166666666664 0.0234375
1 0.578125 0.4934895833333333 0.028645833333333332 0.044270833333333336
1 0.40234375 0.3815104166666667 0.03125 0.041666666666666664
1 0.45703125 0.5520833333333334 0.036458333333333336 0.026041666666666668
1 0.49609375 0.5924479166666666 0.0234375 0.026041666666666668
1 0.48828125 0.546875 0.020833333333333332 0.028645833333333332
1 0.4921875 0.4921875 0.026041666666666668 0.0234375
1 0.3841145833333333 0.36328125 0.020833333333333332 0.033854166666666664
1 0.3984375 0.2877604166666667 0.028645833333333332 0.03125
1 0.4505208333333333 0.265625 0.020833333333333332 0.028645833333333332
1 0.45703125 0.46484375 0.03125 0.041666666666666664
1 0.4153645833333333 0.28515625 0.026041666666666668 0.03125
1 0.6315104166666666 0.7369791666666666 0.03125 0.026041666666666668
1 0.46484375 0.2890625 0.033854166666666664 0.028645833333333332
1 0.41796875 0.63671875 0.03125 0.044270833333333336
1 0.6393229166666666 0.51171875 0.028645833333333332 0.052083333333333336
1 0.5325520833333334 0.5130208333333334 0.033854166666666664 0.028645833333333332
1 0.4270833333333333 0.2786458333333333 0.03125 0.0390625
1 0.4361979166666667 0.6197916666666666 0.028645833333333332 0.046875
1 0.5078125 0.64453125 0.0390625 0.049479166666666664
1 0.4921875 0.5716145833333334 0.033854166666666664 0.028645833333333332
1 0.5690104166666666 0.6796875 0.03125 0.036458333333333336
1 0.48828125 0.39453125 0.026041666666666668 0.044270833333333336
1 0.55078125 0.5078125 0.036458333333333336 0.03125
1 0.5442708333333334 0.4388020833333333 0.028645833333333332 0.03125
1 0.4778645833333333 0.46484375 0.0234375 0.03125
1 0.3971354166666667 0.53125 0.020833333333333332 0.046875
1 0.4661458333333333 0.4049479166666667 0.033854166666666664 0.028645833333333332
1 0.6627604166666666 0.8033854166666666 0.0390625 0.0546875
1 0.4348958333333333 0.421875 0.036458333333333336 0.041666666666666664
1 0.39453125 0.3294270833333333 0.028645833333333332 0.036458333333333336
1 0.4700520833333333 0.57421875 0.028645833333333332 0.0234375
1 0.390625 0.2786458333333333 0.036458333333333336 0.044270833333333336
1 0.4765625 0.6028645833333334 0.026041666666666668 0.046875
1 0.3580729166666667 0.5208333333333334 0.03125 0.0234375
1 0.4348958333333333 0.3203125 0.0234375 0.026041666666666668
1 0.4635416666666667 0.3268229166666667 0.0234375 0.0390625
1 0.44140625 0.65625 0.03125 0.049479166666666664
1 0.5638020833333334 0.7096354166666666 0.028645833333333332 0.0390625
1 0.4401041666666667 0.13020833333333334 0.036458333333333336 0.057291666666666664
1 0.4765625 0.4270833333333333 0.026041666666666668 0.041666666666666664
1 0.4739583333333333 0.3932291666666667 0.0234375 0.0390625