1 0.41796875 0.5286458333333334 0.026041666666666668 0.044270833333333336
1 0.5442708333333334 0.3346354166666667 0.033854166666666664 0.044270833333333336
1 0.4348958333333333 0.5234375 0.0234375 0.057291666666666664
1 0.2265625 0.029947916666666668 0.026041666666666668 0.041666666666666664
1 0.2760416666666667 0.010416666666666666 0.03125 0.020833333333333332
1 0.5026041666666666 0.4453125 0.0234375 0.059895833333333336
1 0.3359375 0.020833333333333332 0.041666666666666664 0.0234375
1 0.5169270833333334 0.4973958333333333 0.015625 0.059895833333333336
1 0.5807291666666666 0.4739583333333333 0.0234375 0.06510416666666667
1 0.12760416666666666 0.0625 0.03125 0.049479166666666664
1 0.56640625 0.6861979166666666 0.044270833333333336 0.036458333333333336
1 0.4752604166666667 0.4036458333333333 0.028645833333333332 0.0390625
1 0.4166666666666667 0.3372395833333333 0.0390625 0.052083333333333336
1 0.47265625 0.3645833333333333 0.033854166666666664 0.03125
1 0.609375 0.5169270833333334 0.044270833333333336 0.028645833333333332
1 0.6041666666666666 0.4778645833333333 0.028645833333333332 0.041666666666666664
1 0.4427083333333333 0.4348958333333333 0.046875 0.028645833333333332
1 0.5065104166666666 0.3151041666666667 0.036458333333333336 0.026041666666666668
1 0.4361979166666667 0.3411458333333333 0.020833333333333332 0.028645833333333332
1 0.5481770833333334 0.4453125 0.015625 0.026041666666666668
1 0.5104166666666666 0.3359375 0.044270833333333336 0.015625
1 0.14453125 0.026041666666666668 0.028645833333333332 0.036458333333333336
1 0.1875 0.09635416666666667 0.018229166666666668 0.046875
1 0.4518229166666667 0.3606770833333333 0.026041666666666668 0.026041666666666668
1 0.20182291666666666 0.057291666666666664 0.041666666666666664 0.0390625
1 0.4895833333333333 0.4921875 0.0390625 0.0234375
1 0.58203125 0.5442708333333334 0.015625 0.036458333333333336
1 0.3033854166666667 0.0390625 0.03125 0.044270833333333336
1 0.3033854166666667 0.013020833333333334 0.0234375 0.026041666666666668
1 0.5169270833333334 0.3984375 0.033854166666666664 0.018229166666666668
1 0.3997395833333333 0.4388020833333333 0.033854166666666664 0.03125
1 0.4518229166666667 0.5221354166666666 0.020833333333333332 0.06770833333333333
1 0.3346354166666667 0.09244791666666667 0.0234375 0.041666666666666664
1 0.6263020833333334 0.42578125 0.0390625 0.046875
1 0.4869791666666667 0.5494791666666666 0.046875 0.03125
1 0.2643229166666667 0.07421875 0.026041666666666668 0.036458333333333336
1 0.52734375 0.41796875 0.03125 0.020833333333333332
1 0.55859375 0.5416666666666666 0.033854166666666664 0.049479166666666664
1 0.2578125 0.048177083333333336 0.036458333333333336 0.046875
1 0.296875 0.07552083333333333 0.026041666666666668 0.06510416666666667
1 0.20442708333333334 0.18619791666666666 0.020833333333333332 0.049479166666666664
1 0.6419270833333334 0.3776041666666667 0.0390625 0.041666666666666664
1 0.5872395833333334 0.4153645833333333 0.033854166666666664 0.044270833333333336
1 0.16015625 0.029947916666666668 0.018229166666666668 0.059895833333333336
1 0.5729166666666666 0.39453125 0.03125 0.015625
1 0.5455729166666666 0.37890625 0.033854166666666664 0.028645833333333332
1 0.6341145833333334 0.48828125 0.033854166666666664 0.03125
1 0.3125 0.6549479166666666 0.036458333333333336 0.03125
1 0.5403645833333334 0.4661458333333333 0.020833333333333332 0.036458333333333336
1 0.4440104166666667 0.3776041666666667 0.049479166666666664 0.041666666666666664
1 0.3125 0.09244791666666667 0.020833333333333332 0.06510416666666667
1 0.20572916666666666 0.11328125 0.036458333333333336 0.03125
1 0.46484375 0.4557291666666667 0.028645833333333332 0.057291666666666664
1 0.4518229166666667 0.5924479166666666 0.036458333333333336 0.026041666666666668
1 0.4296875 0.4700520833333333 0.041666666666666664 0.0546875
1 0.5 0.5859375 0.052083333333333336 0.041666666666666664
1 0.5494791666666666 0.5260416666666666 0.026041666666666668 0.044270833333333336
1 0.23046875 0.14453125 0.0234375 0.06510416666666667
1 0.4388020833333333 0.4140625 0.0390625 0.044270833333333336