1 0.4765625 0.6575520833333334 0.026041666666666668 0.0390625
1 0.3763020833333333 0.703125 0.03125 0.036458333333333336
1 0.5403645833333334 0.53125 0.036458333333333336 0.041666666666666664
1 0.40234375 0.7161458333333334 0.033854166666666664 0.026041666666666668
1 0.4088541666666667 0.65625 0.0390625 0.041666666666666664
1 0.5611979166666666 0.49609375 0.028645833333333332 0.041666666666666664
1 0.375 0.7369791666666666 0.044270833333333336 0.028645833333333332
1 0.9375 0.7252604166666666 0.033854166666666664 0.036458333333333336
1 0.3567708333333333 0.7135416666666666 0.03125 0.036458333333333336
1 0.3984375 0.7721354166666666 0.044270833333333336 0.0390625
1 0.4895833333333333 0.6380208333333334 0.049479166666666664 0.036458333333333336
1 0.5247395833333334 0.38671875 0.033854166666666664 0.0234375
1 0.5703125 0.39453125 0.046875 0.049479166666666664
1 0.28515625 0.29296875 0.057291666666666664 0.0546875
1 0.5546875 0.4375 0.036458333333333336 0.041666666666666664
1 0.5364583333333334 0.41015625 0.036458333333333336 0.028645833333333332
1 0.4322916666666667 0.5221354166666666 0.028645833333333332 0.041666666666666664
1 0.4921875 0.5872395833333334 0.041666666666666664 0.03125
1 0.3736979166666667 0.6901041666666666 0.033854166666666664 0.041666666666666664
1 0.51171875 0.6119791666666666 0.0390625 0.0390625
1 0.45703125 0.6666666666666666 0.03125 0.041666666666666664
1 0.7903645833333334 0.6901041666666666 0.059895833333333336 0.049479166666666664
1 0.4453125 0.5091145833333334 0.03125 0.0546875
1 0.3541666666666667 0.3151041666666667 0.044270833333333336 0.046875
1 0.56640625 0.30078125 0.036458333333333336 0.046875
1 0.4401041666666667 0.484375 0.03125 0.049479166666666664
1 0.48046875 0.2994791666666667 0.0703125 0.049479166666666664
1 0.5338541666666666 0.6927083333333334 0.0546875 0.049479166666666664
1 0.3932291666666667 0.7291666666666666 0.041666666666666664 0.028645833333333332
1 0.43359375 0.7447916666666666 0.046875 0.028645833333333332
1 0.3138020833333333 0.4765625 0.046875 0.036458333333333336
1 0.4114583333333333 0.4453125 0.044270833333333336 0.052083333333333336
1 0.8411458333333334 0.6927083333333334 0.046875 0.028645833333333332
1 0.5247395833333334 0.36328125 0.057291666666666664 0.052083333333333336
1 0.5651041666666666 0.5143229166666666 0.0234375 0.028645833333333332
1 0.3515625 0.8528645833333334 0.0390625 0.046875
1 0.4205729166666667 0.7591145833333334 0.044270833333333336 0.033854166666666664
1 0.45703125 0.7278645833333334 0.044270833333333336 0.033854166666666664
1 0.3489583333333333 0.6692708333333334 0.046875 0.046875
1 0.53125 0.5833333333333334 0.033854166666666664 0.044270833333333336
1 0.5091145833333334 0.6302083333333334 0.046875 0.033854166666666664
1 0.3072916666666667 0.6575520833333334 0.049479166666666664 0.0390625
1 0.53515625 0.3411458333333333 0.036458333333333336 0.052083333333333336
1 0.4348958333333333 0.45703125 0.036458333333333336 0.052083333333333336
1 0.4895833333333333 0.6966145833333334 0.041666666666666664 0.049479166666666664
1 0.53125 0.42578125 0.026041666666666668 0.018229166666666668
1 0.4088541666666667 0.69140625 0.033854166666666664 0.03125
1 0.515625 0.4596354166666667 0.0390625 0.041666666666666664
1 0.3802083333333333 0.4479166666666667 0.044270833333333336 0.059895833333333336
1 0.4466145833333333 0.4283854166666667 0.026041666666666668 0.033854166666666664
1 0.4075520833333333 0.703125 0.033854166666666664 0.026041666666666668
1 0.3424479166666667 0.4830729166666667 0.028645833333333332 0.044270833333333336
1 0.2513020833333333 0.7252604166666666 0.0390625 0.046875
1 0.3828125 0.7552083333333334 0.052083333333333336 0.041666666666666664
1 0.546875 0.3919270833333333 0.026041666666666668 0.0390625
1 0.421875 0.61328125 0.036458333333333336 0.0390625
1 0.5091145833333334 0.5651041666666666 0.033854166666666664 0.0390625
1 0.50390625 0.6653645833333334 0.046875 0.036458333333333336
1 0.4231770833333333 0.4830729166666667 0.044270833333333336 0.041666666666666664
1 0.47265625 0.60546875 0.028645833333333332 0.028645833333333332
1 0.4348958333333333 0.4153645833333333 0.026041666666666668 0.03125
1 0.34375 0.4348958333333333 0.041666666666666664 0.03125
1 0.4791666666666667 0.4361979166666667 0.044270833333333336 0.036458333333333336
1 0.53515625 0.46875 0.028645833333333332 0.046875
1 0.5182291666666666 0.51171875 0.044270833333333336 0.057291666666666664
1 0.8424479166666666 0.6744791666666666 0.046875 0.036458333333333336
1 0.3854166666666667 0.6588541666666666 0.036458333333333336 0.036458333333333336
1 0.42578125 0.6744791666666666 0.036458333333333336 0.041666666666666664
1 0.4231770833333333 0.5091145833333334 0.028645833333333332 0.033854166666666664
1 0.23567708333333334 0.1796875 0.0390625 0.049479166666666664
1 0.46875 0.7200520833333334 0.041666666666666664 0.026041666666666668
1 0.4088541666666667 0.625 0.044270833333333336 0.052083333333333336
1 0.4453125 0.7369791666666666 0.020833333333333332 0.018229166666666668
1 0.3723958333333333 0.5052083333333334 0.044270833333333336 0.036458333333333336
1 0.4869791666666667 0.41796875 0.0234375 0.0234375
1 0.8111979166666666 0.58203125 0.0390625 0.044270833333333336
1 0.5481770833333334 0.4700520833333333 0.010416666666666666 0.010416666666666666
1 0.546875 0.5091145833333334 0.046875 0.0546875
1 0.3151041666666667 0.109375 0.057291666666666664 0.041666666666666664
1 0.4466145833333333 0.7044270833333334 0.036458333333333336 0.033854166666666664
1 0.3815104166666667 0.7877604166666666 0.046875 0.041666666666666664
1 0.24869791666666666 0.3684895833333333 0.03125 0.028645833333333332
1 0.5768229166666666 0.5325520833333334 0.033854166666666664 0.044270833333333336
1 0.53125 0.4375 0.033854166666666664 0.020833333333333332
1 0.5091145833333334 0.4309895833333333 0.026041666666666668 0.0390625
1 0.5013020833333334 0.3997395833333333 0.052083333333333336 0.041666666666666664
1 0.5911458333333334 0.2877604166666667 0.03125 0.044270833333333336
1 0.4557291666666667 0.6901041666666666 0.041666666666666664 0.028645833333333332
1 0.4283854166666667 0.7239583333333334 0.033854166666666664 0.03125
1 0.4973958333333333 0.359375 0.041666666666666664 0.033854166666666664
1 0.4947916666666667 0.37890625 0.03125 0.020833333333333332
1 0.5065104166666666 0.4140625 0.033854166666666664 0.036458333333333336
1 0.5026041666666666 0.4830729166666667 0.03125 0.033854166666666664