1 0.25 0.2760416666666667 0.033854166666666664 0.020833333333333332
1 0.6875 0.16536458333333334 0.0390625 0.028645833333333332
1 0.2552083333333333 0.3919270833333333 0.0390625 0.03125
1 0.41015625 0.2513020833333333 0.0234375 0.020833333333333332
1 0.8580729166666666 0.078125 0.046875 0.020833333333333332
1 0.4583333333333333 0.140625 0.044270833333333336 0.028645833333333332
1 0.2838541666666667 0.4986979166666667 0.036458333333333336 0.020833333333333332
1 0.5364583333333334 0.4440104166666667 0.018229166666666668 0.028645833333333332
1 0.65234375 0.48828125 0.044270833333333336 0.026041666666666668
1 0.6471354166666666 0.4752604166666667 0.028645833333333332 0.028645833333333332
1 0.2981770833333333 0.18489583333333334 0.036458333333333336 0.020833333333333332
1 0.5377604166666666 0.15625 0.033854166666666664 0.015625
1 0.5 0.5286458333333334 0.028645833333333332 0.03125
1 0.44140625 0.2942708333333333 0.033854166666666664 0.028645833333333332
1 0.68359375 0.3372395833333333 0.033854166666666664 0.028645833333333332
1 0.609375 0.4466145833333333 0.018229166666666668 0.028645833333333332
1 0.2682291666666667 0.12109375 0.03125 0.028645833333333332
1 0.42578125 0.24348958333333334 0.015625 0.026041666666666668
1 0.51953125 0.2578125 0.036458333333333336 0.028645833333333332
1 0.3111979166666667 0.375 0.026041666666666668 0.036458333333333336
1 0.3294270833333333 0.37109375 0.0234375 0.03125
1 0.3203125 0.4622395833333333 0.036458333333333336 0.03125
1 0.6015625 0.48046875 0.0390625 0.0234375
1 0.5572916666666666 0.5911458333333334 0.0390625 0.020833333333333332
1 0.2942708333333333 0.21484375 0.033854166666666664 0.015625
1 0.67578125 0.7903645833333334 0.033854166666666664 0.0390625
1 0.5598958333333334 0.048177083333333336 0.0390625 0.0234375
1 0.4596354166666667 0.5716145833333334 0.033854166666666664 0.028645833333333332
1 0.5169270833333334 0.58203125 0.020833333333333332 0.036458333333333336
1 0.53515625 0.578125 0.026041666666666668 0.033854166666666664
1 0.66796875 0.036458333333333336 0.0390625 0.018229166666666668
1 0.2643229166666667 0.5130208333333334 0.036458333333333336 0.0234375
1 0.5377604166666666 0.37109375 0.0390625 0.036458333333333336
1 0.76171875 0.6184895833333334 0.028645833333333332 0.033854166666666664
1 0.5794270833333334 0.60546875 0.036458333333333336 0.020833333333333332