1 0.4166666666666667 0.49609375 0.033854166666666664 0.03125
1 0.4401041666666667 0.36328125 0.033854166666666664 0.036458333333333336
1 0.7747395833333334 0.24088541666666666 0.033854166666666664 0.0390625
1 0.4440104166666667 0.5807291666666666 0.036458333333333336 0.036458333333333336
1 0.48046875 0.3658854166666667 0.033854166666666664 0.0390625
1 0.48046875 0.43359375 0.036458333333333336 0.052083333333333336
1 0.5833333333333334 0.5065104166666666 0.036458333333333336 0.041666666666666664
1 0.6953125 0.4765625 0.0390625 0.0546875
1 0.7291666666666666 0.39453125 0.036458333333333336 0.036458333333333336
1 0.4674479166666667 0.3880208333333333 0.026041666666666668 0.033854166666666664
1 0.7578125 0.4401041666666667 0.033854166666666664 0.033854166666666664
1 0.42578125 0.4752604166666667 0.028645833333333332 0.028645833333333332
1 0.69921875 0.3645833333333333 0.03125 0.0390625
1 0.7786458333333334 0.4661458333333333 0.036458333333333336 0.046875
1 0.6744791666666666 0.5989583333333334 0.033854166666666664 0.044270833333333336
1 0.5299479166666666 0.4270833333333333 0.033854166666666664 0.044270833333333336
1 0.4661458333333333 0.5234375 0.0234375 0.0234375
1 0.5403645833333334 0.3385416666666667 0.036458333333333336 0.046875
1 0.5520833333333334 0.6184895833333334 0.028645833333333332 0.028645833333333332
1 0.5221354166666666 0.3841145833333333 0.026041666666666668 0.028645833333333332
1 0.4817708333333333 0.39453125 0.03125 0.033854166666666664
1 0.4309895833333333 0.6354166666666666 0.03125 0.036458333333333336
1 0.3984375 0.5494791666666666 0.033854166666666664 0.0390625
1 0.38671875 0.5091145833333334 0.03125 0.0390625
1 0.6979166666666666 0.2825520833333333 0.0390625 0.041666666666666664
1 0.7734375 0.3411458333333333 0.033854166666666664 0.052083333333333336
1 0.6315104166666666 0.5247395833333334 0.03125 0.036458333333333336
1 0.6041666666666666 0.33984375 0.036458333333333336 0.046875
1 0.4895833333333333 0.4518229166666667 0.0390625 0.052083333333333336
1 0.4322916666666667 0.51953125 0.028645833333333332 0.0390625
1 0.4817708333333333 0.5520833333333334 0.033854166666666664 0.041666666666666664
1 0.6861979166666666 0.4283854166666667 0.036458333333333336 0.049479166666666664
1 0.4765625 0.4192708333333333 0.028645833333333332 0.036458333333333336
1 0.4479166666666667 0.4765625 0.03125 0.041666666666666664
1 0.66796875 0.5130208333333334 0.0234375 0.0234375
1 0.4388020833333333 0.62109375 0.03125 0.03125
1 0.6393229166666666 0.33203125 0.033854166666666664 0.044270833333333336
1 0.64453125 0.3606770833333333 0.0390625 0.044270833333333336
1 0.6276041666666666 0.5403645833333334 0.036458333333333336 0.036458333333333336
1 0.5338541666666666 0.4973958333333333 0.036458333333333336 0.049479166666666664
1 0.7265625 0.3815104166666667 0.036458333333333336 0.041666666666666664
1 0.4361979166666667 0.41015625 0.033854166666666664 0.033854166666666664
1 0.3815104166666667 0.625 0.03125 0.03125
1 0.69921875 0.25390625 0.036458333333333336 0.044270833333333336
1 0.64453125 0.2903645833333333 0.033854166666666664 0.044270833333333336
1 0.578125 0.3841145833333333 0.0390625 0.049479166666666664
1 0.53515625 0.7239583333333334 0.03125 0.044270833333333336
1 0.45703125 0.5625 0.03125 0.036458333333333336
1 0.7018229166666666 0.3984375 0.03125 0.0390625
1 0.3776041666666667 0.5013020833333334 0.03125 0.044270833333333336
1 0.6744791666666666 0.20182291666666666 0.0390625 0.041666666666666664
1 0.65234375 0.3229166666666667 0.033854166666666664 0.046875
1 0.7408854166666666 0.4518229166666667 0.033854166666666664 0.046875
1 0.5989583333333334 0.5572916666666666 0.033854166666666664 0.044270833333333336
1 0.6432291666666666 0.50390625 0.036458333333333336 0.046875
1 0.6197916666666666 0.4388020833333333 0.041666666666666664 0.057291666666666664
1 0.5794270833333334 0.3528645833333333 0.028645833333333332 0.044270833333333336
1 0.4361979166666667 0.53125 0.028645833333333332 0.041666666666666664
1 0.6953125 0.4375 0.036458333333333336 0.052083333333333336
1 0.5065104166666666 0.41796875 0.03125 0.033854166666666664
1 0.515625 0.4049479166666667 0.0234375 0.020833333333333332
1 0.48828125 0.3776041666666667 0.033854166666666664 0.041666666666666664
1 0.4947916666666667 0.6575520833333334 0.03125 0.033854166666666664
1 0.7252604166666666 0.3216145833333333 0.0390625 0.049479166666666664
1 0.42578125 0.55859375 0.033854166666666664 0.036458333333333336
1 0.5013020833333334 0.3997395833333333 0.0234375 0.026041666666666668
1 0.7265625 0.42578125 0.033854166666666664 0.033854166666666664
1 0.6979166666666666 0.4583333333333333 0.03125 0.044270833333333336
1 0.4440104166666667 0.4700520833333333 0.033854166666666664 0.044270833333333336
1 0.58984375 0.35546875 0.033854166666666664 0.0390625
1 0.4205729166666667 0.6796875 0.033854166666666664 0.03125
1 0.3671875 0.5 0.03125 0.044270833333333336
1 0.640625 0.3841145833333333 0.028645833333333332 0.028645833333333332
1 0.4635416666666667 0.4153645833333333 0.036458333333333336 0.044270833333333336
1 0.47265625 0.3359375 0.028645833333333332 0.028645833333333332
1 0.53515625 0.6953125 0.03125 0.028645833333333332
1 0.70703125 0.4010416666666667 0.028645833333333332 0.036458333333333336
1 0.7174479166666666 0.4270833333333333 0.033854166666666664 0.033854166666666664
1 0.4713541666666667 0.53125 0.03125 0.041666666666666664
1 0.5403645833333334 0.4270833333333333 0.0390625 0.044270833333333336