1 0.51953125 0.40234375 0.07291666666666667 0.033854166666666664
1 0.3815104166666667 0.5403645833333334 0.09635416666666667 0.046875
1 0.78515625 0.37109375 0.07552083333333333 0.0390625
1 0.4700520833333333 0.4049479166666667 0.06770833333333333 0.028645833333333332
1 0.4765625 0.7903645833333334 0.0703125 0.0390625
1 0.4856770833333333 0.3919270833333333 0.041666666666666664 0.0234375
1 0.77734375 0.4466145833333333 0.0390625 0.036458333333333336
1 0.61328125 0.5651041666666666 0.059895833333333336 0.0234375
1 0.37109375 0.703125 0.078125 0.041666666666666664
1 0.13671875 0.4739583333333333 0.0546875 0.020833333333333332
1 0.50390625 0.7356770833333334 0.08072916666666667 0.044270833333333336