1 0.6080729166666666 0.2799479166666667 0.046875 0.041666666666666664
1 0.50390625 0.57421875 0.044270833333333336 0.0859375
1 0.3893229166666667 0.6536458333333334 0.059895833333333336 0.0546875
1 0.6770833333333334 0.40625 0.049479166666666664 0.06510416666666667
1 0.6184895833333334 0.4466145833333333 0.057291666666666664 0.0546875
1 0.53515625 0.453125 0.059895833333333336 0.0546875
1 0.671875 0.2916666666666667 0.0546875 0.059895833333333336
1 0.7799479166666666 0.6354166666666666 0.041666666666666664 0.03125
1 0.6653645833333334 0.58203125 0.0390625 0.026041666666666668
1 0.8046875 0.484375 0.0546875 0.041666666666666664
1 0.5963541666666666 0.19140625 0.0703125 0.057291666666666664
1 0.6458333333333334 0.7434895833333334 0.046875 0.052083333333333336
1 0.6106770833333334 0.375 0.0546875 0.036458333333333336
1 0.3229166666666667 0.5078125 0.028645833333333332 0.057291666666666664
1 0.5677083333333334 0.23958333333333334 0.057291666666666664 0.052083333333333336
1 0.66796875 0.73828125 0.033854166666666664 0.026041666666666668
1 0.4322916666666667 0.6263020833333334 0.057291666666666664 0.046875
1 0.7096354166666666 0.2669270833333333 0.0546875 0.0546875
1 0.54296875 0.3098958333333333 0.044270833333333336 0.06510416666666667
1 0.76171875 0.3841145833333333 0.046875 0.0546875
1 0.5924479166666666 0.234375 0.06510416666666667 0.059895833333333336