1 0.17578125 0.2734375 0.033854166666666664 0.028645833333333332
1 0.4010416666666667 0.5924479166666666 0.028645833333333332 0.026041666666666668
1 0.3489583333333333 0.4036458333333333 0.0234375 0.028645833333333332
1 0.3763020833333333 0.5533854166666666 0.028645833333333332 0.020833333333333332
1 0.38671875 0.515625 0.020833333333333332 0.0234375
1 0.4466145833333333 0.55859375 0.018229166666666668 0.020833333333333332
1 0.4010416666666667 0.49609375 0.033854166666666664 0.013020833333333334
1 0.3372395833333333 0.3697916666666667 0.059895833333333336 0.041666666666666664
1 0.44140625 0.43359375 0.041666666666666664 0.03125
1 0.3216145833333333 0.4440104166666667 0.0546875 0.03125
1 0.3828125 0.4205729166666667 0.049479166666666664 0.026041666666666668
1 0.40234375 0.4309895833333333 0.044270833333333336 0.028645833333333332
1 0.5104166666666666 0.6145833333333334 0.041666666666666664 0.041666666666666664
1 0.22265625 0.5299479166666666 0.049479166666666664 0.033854166666666664
1 0.4375 0.6028645833333334 0.036458333333333336 0.0234375
1 0.31640625 0.5026041666666666 0.046875 0.026041666666666668
1 0.47265625 0.4322916666666667 0.0234375 0.028645833333333332
1 0.5625 0.3893229166666667 0.057291666666666664 0.044270833333333336
1 0.375 0.4010416666666667 0.044270833333333336 0.036458333333333336
1 0.2708333333333333 0.5703125 0.0390625 0.036458333333333336
1 0.3255208333333333 0.46484375 0.06770833333333333 0.020833333333333332
1 0.3385416666666667 0.4817708333333333 0.057291666666666664 0.026041666666666668
1 0.2994791666666667 0.5286458333333334 0.044270833333333336 0.026041666666666668
1 0.15755208333333334 0.39453125 0.041666666666666664 0.03125
1 0.3111979166666667 0.5716145833333334 0.0234375 0.028645833333333332
1 0.2877604166666667 0.4986979166666667 0.033854166666666664 0.018229166666666668
1 0.4622395833333333 0.4765625 0.033854166666666664 0.018229166666666668
1 0.4622395833333333 0.5234375 0.026041666666666668 0.0234375
1 0.44921875 0.6653645833333334 0.049479166666666664 0.03125
1 0.41015625 0.6067708333333334 0.041666666666666664 0.015625
1 0.26171875 0.4895833333333333 0.0234375 0.028645833333333332
1 0.3619791666666667 0.56640625 0.020833333333333332 0.026041666666666668
1 0.4544270833333333 0.5052083333333334 0.033854166666666664 0.0234375
1 0.4752604166666667 0.5013020833333334 0.013020833333333334 0.018229166666666668
1 0.3736979166666667 0.51953125 0.026041666666666668 0.03125
1 0.29296875 0.625 0.0546875 0.0390625
1 0.4635416666666667 0.3971354166666667 0.020833333333333332 0.0234375
1 0.3372395833333333 0.5611979166666666 0.026041666666666668 0.044270833333333336
1 0.4192708333333333 0.5065104166666666 0.026041666666666668 0.03125
1 0.45703125 0.5729166666666666 0.049479166666666664 0.03125
1 0.4166666666666667 0.53125 0.020833333333333332 0.028645833333333332
1 0.4192708333333333 0.4778645833333333 0.036458333333333336 0.026041666666666668
1 0.4244791666666667 0.3958333333333333 0.046875 0.0390625
1 0.18619791666666666 0.6484375 0.049479166666666664 0.036458333333333336
1 0.4596354166666667 0.55078125 0.044270833333333336 0.03125
1 0.4596354166666667 0.5455729166666666 0.020833333333333332 0.020833333333333332
1 0.4453125 0.47265625 0.044270833333333336 0.036458333333333336