1 0.3932291666666667 0.49609375 0.0390625 0.046875
1 0.58984375 0.20963541666666666 0.041666666666666664 0.033854166666666664
1 0.6809895833333334 0.421875 0.044270833333333336 0.0390625
1 0.7096354166666666 0.4596354166666667 0.0390625 0.0546875
1 0.62109375 0.4557291666666667 0.041666666666666664 0.046875
1 0.6510416666666666 0.6145833333333334 0.036458333333333336 0.049479166666666664
1 0.5794270833333334 0.69140625 0.0546875 0.0390625
1 0.2825520833333333 0.5065104166666666 0.041666666666666664 0.036458333333333336
1 0.26953125 0.5260416666666666 0.041666666666666664 0.033854166666666664
1 0.3346354166666667 0.48828125 0.033854166666666664 0.041666666666666664
1 0.4322916666666667 0.484375 0.036458333333333336 0.057291666666666664
1 0.36328125 0.4505208333333333 0.041666666666666664 0.046875
1 0.6575520833333334 0.23697916666666666 0.046875 0.0390625
1 0.6197916666666666 0.16796875 0.041666666666666664 0.041666666666666664
1 0.6458333333333334 0.2916666666666667 0.0390625 0.049479166666666664
1 0.5416666666666666 0.390625 0.057291666666666664 0.0390625
1 0.6184895833333334 0.42578125 0.041666666666666664 0.0390625
1 0.6471354166666666 0.3697916666666667 0.044270833333333336 0.03125
1 0.7604166666666666 0.4453125 0.026041666666666668 0.028645833333333332
1 0.6901041666666666 0.515625 0.033854166666666664 0.049479166666666664
1 0.54296875 0.4622395833333333 0.044270833333333336 0.044270833333333336
1 0.5768229166666666 0.47265625 0.033854166666666664 0.041666666666666664
1 0.58203125 0.5143229166666666 0.03125 0.049479166666666664
1 0.4309895833333333 0.59765625 0.0390625 0.0546875
1 0.5859375 0.6171875 0.0390625 0.033854166666666664
1 0.5911458333333334 0.6861979166666666 0.041666666666666664 0.033854166666666664
1 0.4596354166666667 0.8229166666666666 0.044270833333333336 0.041666666666666664
1 0.34765625 0.609375 0.033854166666666664 0.049479166666666664
1 0.40234375 0.4127604166666667 0.046875 0.046875
1 0.6106770833333334 0.2630208333333333 0.03125 0.0390625
1 0.6653645833333334 0.31640625 0.0390625 0.03125
1 0.6640625 0.4986979166666667 0.046875 0.036458333333333336
1 0.4830729166666667 0.4934895833333333 0.033854166666666664 0.041666666666666664
1 0.5052083333333334 0.6184895833333334 0.028645833333333332 0.049479166666666664
1 0.5182291666666666 0.7239583333333334 0.0390625 0.026041666666666668
1 0.5677083333333334 0.7643229166666666 0.0390625 0.046875
1 0.37890625 0.6510416666666666 0.0390625 0.049479166666666664
1 0.4205729166666667 0.4609375 0.03125 0.046875
1 0.4518229166666667 0.34765625 0.033854166666666664 0.046875
1 0.671875 0.2682291666666667 0.036458333333333336 0.059895833333333336
1 0.5182291666666666 0.40234375 0.052083333333333336 0.041666666666666664
1 0.5130208333333334 0.3736979166666667 0.046875 0.036458333333333336
1 0.6263020833333334 0.3203125 0.0390625 0.028645833333333332
1 0.7239583333333334 0.3346354166666667 0.028645833333333332 0.041666666666666664
1 0.703125 0.40625 0.044270833333333336 0.036458333333333336
1 0.7356770833333334 0.4921875 0.03125 0.052083333333333336
1 0.7109375 0.5052083333333334 0.041666666666666664 0.046875
1 0.609375 0.5833333333333334 0.028645833333333332 0.026041666666666668
1 0.62890625 0.5924479166666666 0.033854166666666664 0.052083333333333336
1 0.5716145833333334 0.63671875 0.0390625 0.0390625
1 0.5911458333333334 0.6627604166666666 0.044270833333333336 0.036458333333333336
1 0.6145833333333334 0.6744791666666666 0.03125 0.044270833333333336
1 0.4127604166666667 0.5 0.036458333333333336 0.044270833333333336
1 0.6171875 0.22265625 0.041666666666666664 0.041666666666666664
1 0.6549479166666666 0.2721354166666667 0.041666666666666664 0.0546875
1 0.7330729166666666 0.4518229166666667 0.049479166666666664 0.046875
1 0.5559895833333334 0.5403645833333334 0.033854166666666664 0.059895833333333336
1 0.5989583333333334 0.6080729166666666 0.033854166666666664 0.0234375
1 0.5338541666666666 0.6236979166666666 0.0390625 0.041666666666666664
1 0.3893229166666667 0.6119791666666666 0.03125 0.052083333333333336
1 0.3177083333333333 0.5716145833333334 0.044270833333333336 0.057291666666666664
1 0.4075520833333333 0.3333333333333333 0.046875 0.0390625
1 0.4466145833333333 0.3828125 0.041666666666666664 0.052083333333333336
1 0.60546875 0.296875 0.041666666666666664 0.052083333333333336
1 0.56640625 0.4166666666666667 0.041666666666666664 0.0546875
1 0.5950520833333334 0.4296875 0.033854166666666664 0.0546875
1 0.4739583333333333 0.4817708333333333 0.041666666666666664 0.0390625
1 0.53515625 0.53125 0.033854166666666664 0.052083333333333336
1 0.6067708333333334 0.6276041666666666 0.044270833333333336 0.0546875
1 0.6497395833333334 0.6731770833333334 0.033854166666666664 0.052083333333333336
1 0.36328125 0.5794270833333334 0.046875 0.059895833333333336
1 0.2903645833333333 0.5546875 0.049479166666666664 0.057291666666666664
1 0.2877604166666667 0.5924479166666666 0.033854166666666664 0.052083333333333336
1 0.3020833333333333 0.6002604166666666 0.026041666666666668 0.041666666666666664
1 0.2760416666666667 0.6276041666666666 0.041666666666666664 0.03125
1 0.3346354166666667 0.5260416666666666 0.044270833333333336 0.0390625
1 0.6966145833333334 0.34765625 0.041666666666666664 0.046875
1 0.6861979166666666 0.3723958333333333 0.033854166666666664 0.026041666666666668
1 0.6783854166666666 0.4466145833333333 0.046875 0.033854166666666664
1 0.6796875 0.4739583333333333 0.049479166666666664 0.041666666666666664
1 0.6223958333333334 0.5533854166666666 0.044270833333333336 0.036458333333333336
1 0.3815104166666667 0.6002604166666666 0.033854166666666664 0.057291666666666664
1 0.3828125 0.3763020833333333 0.046875 0.0390625
1 0.4036458333333333 0.3098958333333333 0.041666666666666664 0.033854166666666664
1 0.6315104166666666 0.2682291666666667 0.033854166666666664 0.0546875
1 0.6796875 0.19140625 0.0390625 0.033854166666666664
1 0.6796875 0.22005208333333334 0.03125 0.0390625
1 0.5651041666666666 0.828125 0.033854166666666664 0.0546875