1 0.5703125 0.4622395833333333 0.06770833333333333 0.059895833333333336
1 0.5247395833333334 0.4817708333333333 0.041666666666666664 0.06770833333333333
1 0.6067708333333334 0.890625 0.057291666666666664 0.046875
1 0.37109375 0.73046875 0.0390625 0.0703125
1 0.4192708333333333 0.5651041666666666 0.046875 0.059895833333333336
1 0.4440104166666667 0.8424479166666666 0.0546875 0.052083333333333336
1 0.5703125 0.31640625 0.049479166666666664 0.0625
1 0.3489583333333333 0.5208333333333334 0.057291666666666664 0.044270833333333336
1 0.7955729166666666 0.4934895833333333 0.06770833333333333 0.049479166666666664
1 0.5677083333333334 0.7434895833333334 0.0625 0.049479166666666664
1 0.4518229166666667 0.76953125 0.06510416666666667 0.052083333333333336
1 0.4635416666666667 0.7239583333333334 0.044270833333333336 0.07552083333333333
1 0.4270833333333333 0.421875 0.059895833333333336 0.08072916666666667
1 0.2786458333333333 0.6458333333333334 0.046875 0.07552083333333333
1 0.6028645833333334 0.7239583333333334 0.041666666666666664 0.0625
1 0.3203125 0.7044270833333334 0.0625 0.049479166666666664
1 0.73046875 0.4791666666666667 0.06510416666666667 0.08072916666666667
1 0.6875 0.3932291666666667 0.052083333333333336 0.059895833333333336
1 0.5703125 0.4856770833333333 0.06510416666666667 0.052083333333333336
1 0.50390625 0.4401041666666667 0.07291666666666667 0.059895833333333336
1 0.70703125 0.765625 0.0546875 0.078125
1 0.38671875 0.6393229166666666 0.052083333333333336 0.07291666666666667
1 0.4348958333333333 0.5286458333333334 0.057291666666666664 0.046875
1 0.5533854166666666 0.6380208333333334 0.049479166666666664 0.0625
1 0.6184895833333334 0.54296875 0.049479166666666664 0.0546875
1 0.38671875 0.3671875 0.049479166666666664 0.059895833333333336
1 0.7330729166666666 0.703125 0.06770833333333333 0.0625
1 0.3802083333333333 0.5234375 0.052083333333333336 0.078125
1 0.5950520833333334 0.4036458333333333 0.046875 0.044270833333333336
1 0.45703125 0.5208333333333334 0.049479166666666664 0.057291666666666664
1 0.3502604166666667 0.7526041666666666 0.049479166666666664 0.0703125
1 0.45703125 0.3359375 0.046875 0.044270833333333336