1 0.5677083333333334 0.3880208333333333 0.049479166666666664 0.046875
1 0.4778645833333333 0.4700520833333333 0.07291666666666667 0.09114583333333333
1 0.328125 0.4635416666666667 0.0625 0.052083333333333336
1 0.5924479166666666 0.5013020833333334 0.06770833333333333 0.06510416666666667
1 0.4453125 0.5052083333333334 0.044270833333333336 0.0625
1 0.625 0.2838541666666667 0.052083333333333336 0.07552083333333333
1 0.5455729166666666 0.3919270833333333 0.052083333333333336 0.041666666666666664
1 0.6705729166666666 0.3997395833333333 0.0546875 0.07291666666666667
1 0.6145833333333334 0.3203125 0.057291666666666664 0.049479166666666664
1 0.578125 0.33203125 0.052083333333333336 0.057291666666666664
1 0.3919270833333333 0.578125 0.052083333333333336 0.06770833333333333
1 0.5716145833333334 0.4192708333333333 0.06770833333333333 0.0625
1 0.4049479166666667 0.4583333333333333 0.0703125 0.07291666666666667
1 0.44921875 0.4283854166666667 0.049479166666666664 0.0390625
1 0.5755208333333334 0.28515625 0.07552083333333333 0.07291666666666667
1 0.5911458333333334 0.3763020833333333 0.041666666666666664 0.0625