1 0.37890625 0.3997395833333333 0.033854166666666664 0.046875
1 0.4791666666666667 0.3307291666666667 0.033854166666666664 0.036458333333333336
1 0.4479166666666667 0.3151041666666667 0.0390625 0.046875
1 0.4309895833333333 0.4049479166666667 0.0390625 0.044270833333333336
1 0.4908854166666667 0.34765625 0.033854166666666664 0.033854166666666664
1 0.4661458333333333 0.48828125 0.026041666666666668 0.044270833333333336
1 0.4075520833333333 0.44921875 0.049479166666666664 0.033854166666666664
1 0.5104166666666666 0.5208333333333334 0.0390625 0.052083333333333336
1 0.4934895833333333 0.44921875 0.036458333333333336 0.0390625
1 0.4622395833333333 0.3046875 0.036458333333333336 0.041666666666666664
1 0.5234375 0.3841145833333333 0.041666666666666664 0.052083333333333336
1 0.3919270833333333 0.46484375 0.036458333333333336 0.028645833333333332
1 0.484375 0.5104166666666666 0.033854166666666664 0.059895833333333336
1 0.4752604166666667 0.4609375 0.0234375 0.0390625
1 0.453125 0.3567708333333333 0.03125 0.052083333333333336
1 0.4622395833333333 0.4114583333333333 0.033854166666666664 0.057291666666666664
1 0.359375 0.47265625 0.046875 0.03125
1 0.4283854166666667 0.4830729166666667 0.0390625 0.049479166666666664
1 0.40625 0.47265625 0.041666666666666664 0.028645833333333332
1 0.37109375 0.3411458333333333 0.036458333333333336 0.049479166666666664
1 0.4921875 0.4713541666666667 0.026041666666666668 0.046875
1 0.3489583333333333 0.4427083333333333 0.036458333333333336 0.033854166666666664
1 0.4739583333333333 0.5364583333333334 0.033854166666666664 0.057291666666666664
1 0.4010416666666667 0.3815104166666667 0.03125 0.046875
1 0.3619791666666667 0.4075520833333333 0.028645833333333332 0.059895833333333336
1 0.5533854166666666 0.4244791666666667 0.0390625 0.028645833333333332
1 0.3684895833333333 0.4466145833333333 0.03125 0.041666666666666664
1 0.43359375 0.3567708333333333 0.036458333333333336 0.046875
1 0.3580729166666667 0.35546875 0.028645833333333332 0.0390625
1 0.4869791666666667 0.4127604166666667 0.026041666666666668 0.046875
1 0.47265625 0.359375 0.028645833333333332 0.057291666666666664
1 0.40234375 0.421875 0.0390625 0.033854166666666664
1 0.3463541666666667 0.4075520833333333 0.026041666666666668 0.0546875
1 0.3658854166666667 0.4869791666666667 0.0390625 0.028645833333333332
1 0.3177083333333333 0.47265625 0.0390625 0.044270833333333336
1 0.5 0.3723958333333333 0.0390625 0.0703125
1 0.43359375 0.4453125 0.03125 0.041666666666666664
1 0.46484375 0.5885416666666666 0.03125 0.059895833333333336
1 0.578125 0.38671875 0.0390625 0.046875
1 0.421875 0.2734375 0.0390625 0.03125
1 0.4114583333333333 0.3151041666666667 0.033854166666666664 0.046875