1 0.5716145833333334 0.3020833333333333 0.028645833333333332 0.07291666666666667
1 0.5091145833333334 0.4153645833333333 0.044270833333333336 0.07552083333333333
1 0.5533854166666666 0.5807291666666666 0.028645833333333332 0.06510416666666667
1 0.5598958333333334 0.23046875 0.0390625 0.046875
1 0.5703125 0.028645833333333332 0.026041666666666668 0.041666666666666664
1 0.5403645833333334 0.8776041666666666 0.028645833333333332 0.06510416666666667
1 0.24479166666666666 0.8190104166666666 0.033854166666666664 0.078125
1 0.5520833333333334 0.2578125 0.036458333333333336 0.028645833333333332
1 0.5716145833333334 0.20572916666666666 0.036458333333333336 0.06510416666666667
1 0.55078125 0.7408854166666666 0.041666666666666664 0.0546875
1 0.5559895833333334 0.12239583333333333 0.044270833333333336 0.06510416666666667
1 0.5533854166666666 0.0234375 0.018229166666666668 0.036458333333333336
1 0.34765625 0.9401041666666666 0.026041666666666668 0.03125
1 0.55859375 0.08723958333333333 0.03125 0.057291666666666664