1 0.3359375 0.2747395833333333 0.08854166666666667 0.14583333333333334
1 0.21614583333333334 0.51953125 0.125 0.16927083333333334
1 0.59765625 0.3880208333333333 0.1015625 0.15104166666666666
1 0.3151041666666667 0.3463541666666667 0.09635416666666667 0.12239583333333333
1 0.4375 0.2708333333333333 0.1171875 0.14322916666666666
1 0.515625 0.59765625 0.0859375 0.13541666666666666
1 0.4192708333333333 0.17708333333333334 0.1171875 0.125
1 0.24348958333333334 0.4518229166666667 0.11979166666666667 0.15364583333333334
1 0.2825520833333333 0.5234375 0.11979166666666667 0.08333333333333333
1 0.47265625 0.5794270833333334 0.09635416666666667 0.15364583333333334
1 0.3059895833333333 0.5481770833333334 0.057291666666666664 0.049479166666666664
1 0.4791666666666667 0.4947916666666667 0.11197916666666667 0.08333333333333333
1 0.3802083333333333 0.2565104166666667 0.0859375 0.11979166666666667
1 0.34375 0.5325520833333334 0.14583333333333334 0.16145833333333334
1 0.5221354166666666 0.3776041666666667 0.1171875 0.09635416666666667
1 0.2786458333333333 0.328125 0.11197916666666667 0.17708333333333334
1 0.4192708333333333 0.5625 0.09895833333333333 0.12760416666666666
1 0.2994791666666667 0.4700520833333333 0.1171875 0.09375
1 0.54296875 0.4401041666666667 0.13020833333333334 0.09895833333333333
1 0.4583333333333333 0.1484375 0.1328125 0.16145833333333334
1 0.359375 0.3802083333333333 0.09895833333333333 0.14322916666666666
1 0.421875 0.4401041666666667 0.13802083333333334 0.12760416666666666
1 0.4036458333333333 0.3125 0.11197916666666667 0.11458333333333333
1 0.4205729166666667 0.08072916666666667 0.14322916666666666 0.14322916666666666
1 0.5286458333333334 0.5065104166666666 0.11197916666666667 0.07291666666666667
1 0.5546875 0.5364583333333334 0.11458333333333333 0.11458333333333333
1 0.3046875 0.4270833333333333 0.09635416666666667 0.06510416666666667
1 0.4635416666666667 0.3528645833333333 0.13541666666666666 0.09114583333333333
1 0.4713541666666667 0.2265625 0.13802083333333334 0.12760416666666666
1 0.4596354166666667 0.4401041666666667 0.1171875 0.10677083333333333
1 0.6380208333333334 0.3919270833333333 0.08854166666666667 0.13802083333333334
1 0.3854166666666667 0.3997395833333333 0.1015625 0.13020833333333334
1 0.20442708333333334 0.4114583333333333 0.10677083333333333 0.1015625
1 0.3346354166666667 0.17057291666666666 0.11458333333333333 0.15104166666666666