1 0.421875 0.5078125 0.078125 0.057291666666666664
1 0.4440104166666667 0.2994791666666667 0.07291666666666667 0.046875
1 0.62109375 0.6341145833333334 0.078125 0.052083333333333336
1 0.484375 0.7265625 0.09895833333333333 0.0625
1 0.3971354166666667 0.14713541666666666 0.08333333333333333 0.0625
1 0.6653645833333334 0.3216145833333333 0.046875 0.052083333333333336
1 0.5091145833333334 0.6705729166666666 0.07291666666666667 0.0703125
1 0.41796875 0.2552083333333333 0.08333333333333333 0.0546875
1 0.6927083333333334 0.057291666666666664 0.07291666666666667 0.06510416666666667
1 0.28125 0.4466145833333333 0.08333333333333333 0.0703125
1 0.6341145833333334 0.4895833333333333 0.08072916666666667 0.078125
1 0.359375 0.07942708333333333 0.06770833333333333 0.052083333333333336