1 0.51953125 0.4973958333333333 0.0625 0.028645833333333332
1 0.5546875 0.5716145833333334 0.046875 0.0390625
1 0.3971354166666667 0.5481770833333334 0.057291666666666664 0.033854166666666664
1 0.51953125 0.5611979166666666 0.0390625 0.036458333333333336
1 0.58203125 0.5403645833333334 0.0625 0.041666666666666664
1 0.14192708333333334 0.4817708333333333 0.052083333333333336 0.036458333333333336
1 0.17578125 0.36328125 0.059895833333333336 0.044270833333333336
1 0.3619791666666667 0.54296875 0.06510416666666667 0.059895833333333336
1 0.6328125 0.4479166666666667 0.046875 0.041666666666666664
1 0.5026041666666666 0.5013020833333334 0.052083333333333336 0.0234375
1 0.73046875 0.51953125 0.07552083333333333 0.033854166666666664
1 0.3776041666666667 0.4921875 0.0390625 0.028645833333333332