1 0.5052083333333334 0.4453125 0.028645833333333332 0.046875
1 0.35546875 0.6692708333333334 0.0234375 0.0390625
1 0.6432291666666666 0.5390625 0.0390625 0.0390625
1 0.7083333333333334 0.5052083333333334 0.03125 0.057291666666666664
1 0.3177083333333333 0.32421875 0.041666666666666664 0.033854166666666664
1 0.4739583333333333 0.734375 0.0234375 0.044270833333333336
1 0.55078125 0.7044270833333334 0.041666666666666664 0.041666666666666664
1 0.66796875 0.60546875 0.033854166666666664 0.052083333333333336
1 0.5859375 0.59375 0.028645833333333332 0.049479166666666664
1 0.4986979166666667 0.3307291666666667 0.0390625 0.033854166666666664
1 0.3502604166666667 0.4479166666666667 0.028645833333333332 0.041666666666666664
1 0.4153645833333333 0.5963541666666666 0.036458333333333336 0.028645833333333332
1 0.515625 0.5690104166666666 0.0390625 0.033854166666666664
1 0.6028645833333334 0.4296875 0.0390625 0.026041666666666668
1 0.4895833333333333 0.5182291666666666 0.028645833333333332 0.036458333333333336
1 0.51953125 0.4114583333333333 0.028645833333333332 0.026041666666666668
1 0.4322916666666667 0.42578125 0.033854166666666664 0.033854166666666664
1 0.3307291666666667 0.5247395833333334 0.028645833333333332 0.044270833333333336