1 0.5872395833333334 0.5338541666666666 0.059895833333333336 0.052083333333333336
1 0.5 0.4244791666666667 0.0546875 0.049479166666666664
1 0.23697916666666666 0.4270833333333333 0.0703125 0.046875
1 0.5950520833333334 0.6015625 0.09895833333333333 0.0625
0 0.2760416666666667 0.4934895833333333 0.15104166666666666 0.1328125
0 0.7747395833333334 0.6354166666666666 0.203125 0.13541666666666666
0 0.6588541666666666 0.6419270833333334 0.15364583333333334 0.11979166666666667
0 0.453125 0.4856770833333333 0.125 0.08854166666666667
0 0.66015625 0.45703125 0.13020833333333334 0.11979166666666667
0 0.63671875 0.3802083333333333 0.15885416666666666 0.10416666666666667
0 0.43359375 0.40234375 0.125 0.10416666666666667
0 0.5234375 0.30078125 0.16666666666666666 0.109375