1 0.4466145833333333 0.4635416666666667 0.0390625 0.033854166666666664
1 0.5 0.4583333333333333 0.046875 0.044270833333333336
1 0.3802083333333333 0.5247395833333334 0.041666666666666664 0.049479166666666664
1 0.4075520833333333 0.63671875 0.041666666666666664 0.036458333333333336
1 0.8072916666666666 0.51953125 0.046875 0.036458333333333336
1 0.4231770833333333 0.5338541666666666 0.044270833333333336 0.0390625
1 0.3502604166666667 0.5208333333333334 0.046875 0.046875
1 0.34765625 0.5638020833333334 0.044270833333333336 0.036458333333333336
1 0.4622395833333333 0.3697916666666667 0.052083333333333336 0.028645833333333332
1 0.5182291666666666 0.7200520833333334 0.041666666666666664 0.026041666666666668
1 0.5442708333333334 0.5026041666666666 0.052083333333333336 0.03125
1 0.4752604166666667 0.6419270833333334 0.036458333333333336 0.0234375
1 0.33984375 0.48828125 0.041666666666666664 0.026041666666666668
1 0.4388020833333333 0.4010416666666667 0.036458333333333336 0.0390625
1 0.5377604166666666 0.3229166666666667 0.036458333333333336 0.03125
1 0.4153645833333333 0.5598958333333334 0.049479166666666664 0.036458333333333336
1 0.4283854166666667 0.4440104166666667 0.036458333333333336 0.0390625
1 0.5846354166666666 0.5494791666666666 0.049479166666666664 0.0390625
1 0.5755208333333334 0.4192708333333333 0.046875 0.033854166666666664
1 0.5078125 0.39453125 0.036458333333333336 0.028645833333333332
1 0.4986979166666667 0.5247395833333334 0.046875 0.028645833333333332
1 0.5208333333333334 0.5494791666666666 0.041666666666666664 0.036458333333333336
1 0.68359375 0.43359375 0.049479166666666664 0.03125
1 0.6015625 0.73046875 0.049479166666666664 0.03125
1 0.6497395833333334 0.72265625 0.033854166666666664 0.033854166666666664
1 0.48046875 0.5520833333333334 0.036458333333333336 0.026041666666666668
1 0.4622395833333333 0.4440104166666667 0.033854166666666664 0.0390625
1 0.3932291666666667 0.5638020833333334 0.0390625 0.036458333333333336
1 0.78125 0.54296875 0.041666666666666664 0.0390625
1 0.6458333333333334 0.40625 0.044270833333333336 0.041666666666666664
1 0.5494791666666666 0.4075520833333333 0.036458333333333336 0.028645833333333332
1 0.6015625 0.4583333333333333 0.041666666666666664 0.03125
1 0.5768229166666666 0.4622395833333333 0.036458333333333336 0.026041666666666668
1 0.6158854166666666 0.7096354166666666 0.0390625 0.0234375
1 0.4856770833333333 0.6575520833333334 0.0546875 0.041666666666666664
1 0.70703125 0.7278645833333334 0.03125 0.0390625
1 0.5481770833333334 0.3372395833333333 0.036458333333333336 0.036458333333333336
1 0.3971354166666667 0.4700520833333333 0.049479166666666664 0.057291666666666664
1 0.5234375 0.69140625 0.03125 0.033854166666666664
1 0.609375 0.50390625 0.046875 0.033854166666666664
1 0.4231770833333333 0.6041666666666666 0.0390625 0.03125
1 0.7799479166666666 0.57421875 0.044270833333333336 0.028645833333333332
1 0.9036458333333334 0.4427083333333333 0.0390625 0.03125
1 0.3723958333333333 0.5013020833333334 0.0625 0.041666666666666664
1 0.8645833333333334 0.4908854166666667 0.044270833333333336 0.041666666666666664
1 0.4049479166666667 0.5234375 0.0390625 0.044270833333333336
1 0.7317708333333334 0.5833333333333334 0.049479166666666664 0.028645833333333332
1 0.4895833333333333 0.57421875 0.033854166666666664 0.033854166666666664
1 0.4869791666666667 0.4700520833333333 0.046875 0.0390625
1 0.3971354166666667 0.41796875 0.059895833333333336 0.041666666666666664
1 0.5963541666666666 0.625 0.044270833333333336 0.0390625
1 0.453125 0.57421875 0.026041666666666668 0.018229166666666668