1 0.3619791666666667 0.5885416666666666 0.049479166666666664 0.03125
1 0.4869791666666667 0.8645833333333334 0.046875 0.059895833333333336
1 0.4830729166666667 0.6080729166666666 0.028645833333333332 0.0625
1 0.4166666666666667 0.5885416666666666 0.0390625 0.03125
1 0.4973958333333333 0.6549479166666666 0.044270833333333336 0.041666666666666664
1 0.4375 0.60546875 0.026041666666666668 0.0625
1 0.3658854166666667 0.62890625 0.03125 0.0546875
1 0.4700520833333333 0.74609375 0.041666666666666664 0.059895833333333336
1 0.47265625 0.8125 0.036458333333333336 0.0625
1 0.5169270833333334 0.2721354166666667 0.036458333333333336 0.036458333333333336
1 0.4388020833333333 0.359375 0.03125 0.046875
1 0.4348958333333333 0.28125 0.041666666666666664 0.0546875
1 0.6028645833333334 0.35546875 0.028645833333333332 0.06770833333333333
1 0.47265625 0.3346354166666667 0.036458333333333336 0.059895833333333336
1 0.3684895833333333 0.609375 0.041666666666666664 0.0390625
1 0.4622395833333333 0.5885416666666666 0.03125 0.0703125
1 0.7682291666666666 0.59765625 0.0390625 0.08072916666666667
1 0.4466145833333333 0.5924479166666666 0.028645833333333332 0.0546875
1 0.5442708333333334 0.5143229166666666 0.0390625 0.044270833333333336
1 0.4622395833333333 0.64453125 0.028645833333333332 0.057291666666666664