1 0.2682291666666667 0.4361979166666667 0.033854166666666664 0.033854166666666664
1 0.35546875 0.6002604166666666 0.028645833333333332 0.033854166666666664
1 0.35546875 0.5533854166666666 0.026041666666666668 0.0390625
1 0.4505208333333333 0.6510416666666666 0.028645833333333332 0.044270833333333336
1 0.62890625 0.7291666666666666 0.026041666666666668 0.044270833333333336
1 0.5208333333333334 0.49609375 0.03125 0.033854166666666664
1 0.4856770833333333 0.4752604166666667 0.0234375 0.033854166666666664
1 0.4947916666666667 0.4700520833333333 0.020833333333333332 0.026041666666666668
1 0.4557291666666667 0.484375 0.0234375 0.0390625
1 0.4322916666666667 0.5013020833333334 0.028645833333333332 0.03125
1 0.4466145833333333 0.3697916666666667 0.028645833333333332 0.03125
1 0.7200520833333334 0.3229166666666667 0.020833333333333332 0.036458333333333336
1 0.32421875 0.40625 0.028645833333333332 0.026041666666666668
1 0.3385416666666667 0.3723958333333333 0.028645833333333332 0.0390625
1 0.46875 0.5950520833333334 0.020833333333333332 0.0390625
1 0.4609375 0.5989583333333334 0.026041666666666668 0.044270833333333336
1 0.5390625 0.7395833333333334 0.03125 0.041666666666666664
1 0.73046875 0.5846354166666666 0.028645833333333332 0.036458333333333336
1 0.6966145833333334 0.6158854166666666 0.036458333333333336 0.03125
1 0.7864583333333334 0.5078125 0.026041666666666668 0.0234375
1 0.75 0.4986979166666667 0.026041666666666668 0.036458333333333336
1 0.6328125 0.671875 0.026041666666666668 0.033854166666666664
1 0.578125 0.6328125 0.026041666666666668 0.033854166666666664
1 0.5859375 0.6315104166666666 0.0234375 0.041666666666666664
1 0.5234375 0.6080729166666666 0.026041666666666668 0.041666666666666664
1 0.53515625 0.5924479166666666 0.028645833333333332 0.041666666666666664
1 0.609375 0.5143229166666666 0.033854166666666664 0.028645833333333332
1 0.5 0.3671875 0.026041666666666668 0.026041666666666668
1 0.7395833333333334 0.31640625 0.020833333333333332 0.0390625
1 0.6106770833333334 0.73046875 0.028645833333333332 0.041666666666666664
1 0.8606770833333334 0.4635416666666667 0.0234375 0.036458333333333336
1 0.8424479166666666 0.46484375 0.028645833333333332 0.026041666666666668
1 0.6458333333333334 0.6640625 0.03125 0.0390625
1 0.6328125 0.54296875 0.036458333333333336 0.028645833333333332
1 0.4609375 0.3424479166666667 0.03125 0.026041666666666668
1 0.4765625 0.3684895833333333 0.0234375 0.026041666666666668
1 0.4986979166666667 0.3359375 0.020833333333333332 0.028645833333333332
1 0.7682291666666666 0.4153645833333333 0.026041666666666668 0.036458333333333336
1 0.8268229166666666 0.3828125 0.03125 0.026041666666666668
1 0.8684895833333334 0.2942708333333333 0.028645833333333332 0.036458333333333336
1 0.86328125 0.3046875 0.03125 0.036458333333333336
1 0.69140625 0.16927083333333334 0.036458333333333336 0.03125
1 0.4830729166666667 0.5 0.0234375 0.036458333333333336
1 0.3854166666666667 0.5325520833333334 0.026041666666666668 0.033854166666666664
1 0.4973958333333333 0.65234375 0.033854166666666664 0.03125
1 0.6497395833333334 0.5716145833333334 0.028645833333333332 0.0390625
1 0.6302083333333334 0.5169270833333334 0.03125 0.041666666666666664
1 0.57421875 0.5182291666666666 0.026041666666666668 0.041666666666666664
1 0.5416666666666666 0.4309895833333333 0.03125 0.03125
1 0.5143229166666666 0.4348958333333333 0.033854166666666664 0.033854166666666664
1 0.5182291666666666 0.4427083333333333 0.026041666666666668 0.026041666666666668
1 0.4921875 0.44140625 0.026041666666666668 0.026041666666666668
1 0.4817708333333333 0.4440104166666667 0.026041666666666668 0.026041666666666668
1 0.3828125 0.38671875 0.033854166666666664 0.026041666666666668
1 0.4583333333333333 0.37890625 0.018229166666666668 0.03125
1 0.4830729166666667 0.33203125 0.028645833333333332 0.026041666666666668
1 0.7252604166666666 0.3177083333333333 0.0234375 0.028645833333333332
1 0.7734375 0.3268229166666667 0.03125 0.028645833333333332
1 0.7721354166666666 0.34375 0.028645833333333332 0.026041666666666668
1 0.7408854166666666 0.4114583333333333 0.028645833333333332 0.0390625
1 0.3619791666666667 0.6354166666666666 0.03125 0.0390625
1 0.3841145833333333 0.5677083333333334 0.033854166666666664 0.033854166666666664
1 0.4752604166666667 0.6393229166666666 0.0234375 0.03125
1 0.4583333333333333 0.6419270833333334 0.03125 0.049479166666666664
1 0.515625 0.75 0.03125 0.0390625
1 0.6393229166666666 0.7252604166666666 0.03125 0.041666666666666664
1 0.6979166666666666 0.6302083333333334 0.028645833333333332 0.03125
1 0.70703125 0.5169270833333334 0.03125 0.026041666666666668
1 0.59765625 0.6354166666666666 0.026041666666666668 0.036458333333333336
1 0.5651041666666666 0.5768229166666666 0.033854166666666664 0.028645833333333332
1 0.5625 0.4153645833333333 0.033854166666666664 0.028645833333333332
1 0.4739583333333333 0.4752604166666667 0.0234375 0.0390625
1 0.41796875 0.4947916666666667 0.026041666666666668 0.0390625
1 0.4283854166666667 0.3828125 0.033854166666666664 0.028645833333333332
1 0.4283854166666667 0.3971354166666667 0.033854166666666664 0.03125
1 0.5416666666666666 0.3411458333333333 0.033854166666666664 0.026041666666666668
1 0.5078125 0.3307291666666667 0.020833333333333332 0.033854166666666664
1 0.4661458333333333 0.3776041666666667 0.020833333333333332 0.03125
1 0.7473958333333334 0.3841145833333333 0.03125 0.0390625
1 0.7578125 0.4140625 0.026041666666666668 0.03125
1 0.40234375 0.52734375 0.036458333333333336 0.028645833333333332
1 0.421875 0.5338541666666666 0.026041666666666668 0.046875
1 0.7395833333333334 0.6028645833333334 0.033854166666666664 0.036458333333333336
1 0.61328125 0.6497395833333334 0.028645833333333332 0.0234375
1 0.53515625 0.5651041666666666 0.033854166666666664 0.033854166666666664
1 0.5794270833333334 0.4869791666666667 0.028645833333333332 0.046875
1 0.5807291666666666 0.4609375 0.026041666666666668 0.036458333333333336
1 0.59765625 0.4583333333333333 0.026041666666666668 0.0390625
1 0.5104166666666666 0.4609375 0.028645833333333332 0.033854166666666664
1 0.4466145833333333 0.48828125 0.020833333333333332 0.0390625
1 0.4127604166666667 0.37109375 0.036458333333333336 0.03125
1 0.6106770833333334 0.4947916666666667 0.033854166666666664 0.028645833333333332
1 0.4869791666666667 0.3515625 0.026041666666666668 0.026041666666666668
1 0.62109375 0.3541666666666667 0.028645833333333332 0.026041666666666668
1 0.8541666666666666 0.359375 0.028645833333333332 0.028645833333333332
1 0.8645833333333334 0.3671875 0.028645833333333332 0.033854166666666664
1 0.328125 0.4309895833333333 0.03125 0.028645833333333332
1 0.4010416666666667 0.67578125 0.036458333333333336 0.03125
1 0.3671875 0.6028645833333334 0.0390625 0.036458333333333336
1 0.40234375 0.5091145833333334 0.028645833333333332 0.026041666666666668
1 0.4348958333333333 0.6041666666666666 0.036458333333333336 0.041666666666666664
1 0.5520833333333334 0.7317708333333334 0.033854166666666664 0.028645833333333332
1 0.7447916666666666 0.5130208333333334 0.0234375 0.033854166666666664
1 0.546875 0.58203125 0.03125 0.028645833333333332
1 0.53125 0.4453125 0.026041666666666668 0.0390625
1 0.5 0.49609375 0.033854166666666664 0.033854166666666664
1 0.4309895833333333 0.4856770833333333 0.03125 0.046875
1 0.3958333333333333 0.3971354166666667 0.026041666666666668 0.033854166666666664
1 0.4713541666666667 0.359375 0.020833333333333332 0.028645833333333332
1 0.6067708333333334 0.3567708333333333 0.03125 0.028645833333333332
1 0.7903645833333334 0.33203125 0.0234375 0.028645833333333332
1 0.8177083333333334 0.29296875 0.028645833333333332 0.036458333333333336
1 0.8697916666666666 0.328125 0.033854166666666664 0.028645833333333332
1 0.3033854166666667 0.4479166666666667 0.0390625 0.036458333333333336
1 0.37109375 0.5638020833333334 0.026041666666666668 0.033854166666666664
1 0.48046875 0.66015625 0.03125 0.028645833333333332
1 0.7994791666666666 0.4856770833333333 0.028645833333333332 0.03125
1 0.54296875 0.53515625 0.033854166666666664 0.026041666666666668
1 0.5846354166666666 0.5065104166666666 0.03125 0.03125
1 0.4609375 0.44921875 0.028645833333333332 0.036458333333333336
1 0.46484375 0.4856770833333333 0.0234375 0.0390625
1 0.4309895833333333 0.4127604166666667 0.03125 0.036458333333333336
1 0.4674479166666667 0.3307291666666667 0.03125 0.03125
1 0.5169270833333334 0.3580729166666667 0.026041666666666668 0.03125
1 0.5911458333333334 0.484375 0.044270833333333336 0.03125
1 0.6002604166666666 0.5065104166666666 0.03125 0.026041666666666668
1 0.5247395833333334 0.3372395833333333 0.0234375 0.03125
1 0.61328125 0.3697916666666667 0.03125 0.020833333333333332
1 0.7018229166666666 0.328125 0.028645833333333332 0.026041666666666668
1 0.828125 0.2916666666666667 0.028645833333333332 0.03125
1 0.4830729166666667 0.3723958333333333 0.026041666666666668 0.028645833333333332
1 0.4765625 0.4986979166666667 0.018229166666666668 0.033854166666666664
1 0.3606770833333333 0.6145833333333334 0.033854166666666664 0.0390625