1 0.44140625 0.6080729166666666 0.028645833333333332 0.015625
1 0.4244791666666667 0.578125 0.018229166666666668 0.033854166666666664
1 0.4817708333333333 0.5208333333333334 0.020833333333333332 0.015625
1 0.4192708333333333 0.765625 0.018229166666666668 0.033854166666666664
1 0.5260416666666666 0.66015625 0.026041666666666668 0.036458333333333336
1 0.4869791666666667 0.6614583333333334 0.015625 0.0390625
1 0.3997395833333333 0.6536458333333334 0.026041666666666668 0.020833333333333332
1 0.46875 0.6015625 0.018229166666666668 0.013020833333333334
1 0.4518229166666667 0.5924479166666666 0.013020833333333334 0.028645833333333332
1 0.46484375 0.5716145833333334 0.0234375 0.020833333333333332
1 0.4153645833333333 0.5286458333333334 0.015625 0.033854166666666664
1 0.33984375 0.5481770833333334 0.020833333333333332 0.015625
1 0.41015625 0.5065104166666666 0.013020833333333334 0.028645833333333332
1 0.5065104166666666 0.4700520833333333 0.028645833333333332 0.018229166666666668
1 0.4231770833333333 0.6979166666666666 0.020833333333333332 0.033854166666666664
1 0.4453125 0.6653645833333334 0.018229166666666668 0.0390625
1 0.3997395833333333 0.4973958333333333 0.018229166666666668 0.0390625
1 0.4505208333333333 0.4817708333333333 0.026041666666666668 0.020833333333333332
1 0.3736979166666667 0.4869791666666667 0.028645833333333332 0.036458333333333336
1 0.4049479166666667 0.6106770833333334 0.026041666666666668 0.018229166666666668
1 0.4908854166666667 0.5221354166666666 0.013020833333333334 0.033854166666666664
1 0.2526041666666667 0.35546875 0.036458333333333336 0.036458333333333336
1 0.5338541666666666 0.5989583333333334 0.026041666666666668 0.018229166666666668
1 0.4869791666666667 0.6484375 0.0234375 0.03125
1 0.44140625 0.46484375 0.020833333333333332 0.03125
1 0.4518229166666667 0.4973958333333333 0.020833333333333332 0.0234375
1 0.4544270833333333 0.40625 0.028645833333333332 0.018229166666666668
1 0.4427083333333333 0.3619791666666667 0.028645833333333332 0.036458333333333336
1 0.4557291666666667 0.3372395833333333 0.018229166666666668 0.036458333333333336
1 0.2630208333333333 0.48828125 0.018229166666666668 0.0390625
1 0.4895833333333333 0.6067708333333334 0.026041666666666668 0.033854166666666664
1 0.4270833333333333 0.6575520833333334 0.0234375 0.018229166666666668
1 0.4231770833333333 0.6393229166666666 0.020833333333333332 0.020833333333333332
1 0.45703125 0.6145833333333334 0.020833333333333332 0.018229166666666668
1 0.4791666666666667 0.6197916666666666 0.026041666666666668 0.020833333333333332
1 0.4244791666666667 0.6119791666666666 0.018229166666666668 0.044270833333333336
1 0.39453125 0.5520833333333334 0.020833333333333332 0.020833333333333332
1 0.421875 0.5703125 0.0234375 0.033854166666666664
1 0.4075520833333333 0.5364583333333334 0.020833333333333332 0.036458333333333336
1 0.4140625 0.453125 0.018229166666666668 0.041666666666666664
1 0.34765625 0.3385416666666667 0.028645833333333332 0.033854166666666664
1 0.2721354166666667 0.45703125 0.03125 0.03125
1 0.11588541666666667 0.3984375 0.03125 0.028645833333333332
1 0.515625 0.8125 0.018229166666666668 0.036458333333333336
1 0.5286458333333334 0.55859375 0.026041666666666668 0.020833333333333332
1 0.4791666666666667 0.5833333333333334 0.020833333333333332 0.020833333333333332
1 0.5091145833333334 0.55859375 0.020833333333333332 0.046875
1 0.4401041666666667 0.5494791666666666 0.026041666666666668 0.026041666666666668
1 0.2513020833333333 0.43359375 0.036458333333333336 0.033854166666666664
1 0.5533854166666666 0.6067708333333334 0.015625 0.033854166666666664
1 0.5234375 0.58203125 0.028645833333333332 0.018229166666666668
1 0.4453125 0.6354166666666666 0.015625 0.03125
1 0.4088541666666667 0.59765625 0.028645833333333332 0.015625
1 0.4036458333333333 0.5729166666666666 0.018229166666666668 0.03125
1 0.41796875 0.49609375 0.026041666666666668 0.033854166666666664
1 0.34765625 0.4973958333333333 0.03125 0.03125
1 0.5208333333333334 0.57421875 0.015625 0.018229166666666668
1 0.5611979166666666 0.61328125 0.013020833333333334 0.028645833333333332
1 0.5416666666666666 0.62109375 0.018229166666666668 0.03125
1 0.51953125 0.6197916666666666 0.028645833333333332 0.0234375
1 0.4596354166666667 0.5872395833333334 0.0234375 0.0234375
1 0.4283854166666667 0.6731770833333334 0.026041666666666668 0.028645833333333332
1 0.4544270833333333 0.53125 0.026041666666666668 0.018229166666666668
1 0.4453125 0.51171875 0.028645833333333332 0.020833333333333332
1 0.4479166666666667 0.3190104166666667 0.0234375 0.033854166666666664
1 0.3528645833333333 0.40625 0.018229166666666668 0.018229166666666668
1 0.3190104166666667 0.45703125 0.03125 0.03125
1 0.49609375 0.546875 0.0234375 0.044270833333333336
1 0.49609375 0.5755208333333334 0.026041666666666668 0.03125
1 0.4388020833333333 0.6302083333333334 0.020833333333333332 0.036458333333333336
1 0.4388020833333333 0.5768229166666666 0.020833333333333332 0.028645833333333332
1 0.43359375 0.48046875 0.020833333333333332 0.03125
1 0.42578125 0.5364583333333334 0.015625 0.033854166666666664
1 0.37890625 0.51953125 0.033854166666666664 0.026041666666666668
1 0.453125 0.4296875 0.020833333333333332 0.036458333333333336
1 0.3489583333333333 0.4557291666666667 0.028645833333333332 0.020833333333333332