1 0.6236979166666666 0.44921875 0.044270833333333336 0.046875
1 0.5169270833333334 0.4440104166666667 0.052083333333333336 0.041666666666666664
1 0.4270833333333333 0.4075520833333333 0.036458333333333336 0.07291666666666667
1 0.5872395833333334 0.4479166666666667 0.052083333333333336 0.0546875
1 0.4791666666666667 0.5143229166666666 0.036458333333333336 0.028645833333333332
1 0.4544270833333333 0.4361979166666667 0.041666666666666664 0.078125
1 0.5377604166666666 0.4114583333333333 0.03125 0.028645833333333332
1 0.46875 0.48828125 0.059895833333333336 0.06770833333333333
1 0.5520833333333334 0.4479166666666667 0.044270833333333336 0.044270833333333336
1 0.5872395833333334 0.4947916666666667 0.036458333333333336 0.049479166666666664
1 0.5078125 0.4114583333333333 0.0390625 0.057291666666666664
1 0.5286458333333334 0.4765625 0.036458333333333336 0.0390625
1 0.5729166666666666 0.5234375 0.03125 0.033854166666666664