1 0.5221354166666666 0.5494791666666666 0.033854166666666664 0.046875
1 0.5403645833333334 0.28125 0.026041666666666668 0.041666666666666664
1 0.3567708333333333 0.5390625 0.044270833333333336 0.044270833333333336
1 0.31640625 0.6002604166666666 0.036458333333333336 0.057291666666666664
1 0.74609375 0.5611979166666666 0.044270833333333336 0.0390625
1 0.4049479166666667 0.28515625 0.028645833333333332 0.044270833333333336
1 0.3541666666666667 0.34765625 0.046875 0.046875
1 0.3020833333333333 0.4921875 0.0390625 0.0546875
1 0.3776041666666667 0.4622395833333333 0.033854166666666664 0.049479166666666664
1 0.5859375 0.6458333333333334 0.041666666666666664 0.036458333333333336
1 0.6549479166666666 0.4700520833333333 0.03125 0.044270833333333336
1 0.5260416666666666 0.3736979166666667 0.0390625 0.03125
1 0.4518229166666667 0.4479166666666667 0.041666666666666664 0.036458333333333336
1 0.4466145833333333 0.6119791666666666 0.0390625 0.03125
1 0.5 0.4791666666666667 0.03125 0.0390625
1 0.52734375 0.5872395833333334 0.03125 0.028645833333333332
1 0.5963541666666666 0.5299479166666666 0.0390625 0.0390625
1 0.6341145833333334 0.39453125 0.033854166666666664 0.046875