1 0.4075520833333333 0.3736979166666667 0.06770833333333333 0.109375
1 0.484375 0.5416666666666666 0.0703125 0.078125
1 0.3072916666666667 0.5794270833333334 0.06510416666666667 0.0703125
1 0.3424479166666667 0.5377604166666666 0.049479166666666664 0.078125
1 0.5416666666666666 0.4596354166666667 0.057291666666666664 0.0703125
1 0.2942708333333333 0.53125 0.078125 0.09375
1 0.5716145833333334 0.3346354166666667 0.09114583333333333 0.12760416666666666
1 0.4440104166666667 0.4127604166666667 0.07291666666666667 0.125
1 0.52734375 0.58203125 0.057291666666666664 0.0859375
1 0.5325520833333334 0.5104166666666666 0.06510416666666667 0.078125
1 0.3841145833333333 0.5403645833333334 0.0625 0.0546875