0 0.6888020833333334 0.40625 0.1953125 0.11979166666666667
0 0.8619791666666666 0.6809895833333334 0.24739583333333334 0.22916666666666666
1 0.6236979166666666 0.6302083333333334 0.07552083333333333 0.07552083333333333
1 0.3020833333333333 0.5872395833333334 0.07552083333333333 0.08072916666666667
1 0.5794270833333334 0.6106770833333334 0.09114583333333333 0.06510416666666667
1 0.4440104166666667 0.52734375 0.08333333333333333 0.08854166666666667
1 0.20182291666666666 0.5651041666666666 0.078125 0.08333333333333333
1 0.5638020833333334 0.578125 0.08072916666666667 0.049479166666666664
1 0.3111979166666667 0.5208333333333334 0.08333333333333333 0.09114583333333333
1 0.5078125 0.5924479166666666 0.0625 0.10677083333333333
1 0.3671875 0.5716145833333334 0.09114583333333333 0.0546875
1 0.5677083333333334 0.5390625 0.08333333333333333 0.06770833333333333
1 0.4088541666666667 0.5924479166666666 0.08333333333333333 0.057291666666666664
1 0.6510416666666666 0.48046875 0.08333333333333333 0.057291666666666664
1 0.4661458333333333 0.4908854166666667 0.06510416666666667 0.0625
1 0.4140625 0.5377604166666666 0.06510416666666667 0.07291666666666667