1 0.4114583333333333 0.7291666666666666 0.044270833333333336 0.0390625
1 0.4895833333333333 0.4270833333333333 0.0390625 0.08333333333333333
1 0.5963541666666666 0.3372395833333333 0.057291666666666664 0.049479166666666664
1 0.33203125 0.609375 0.044270833333333336 0.0625
1 0.38671875 0.5638020833333334 0.0546875 0.049479166666666664
1 0.46875 0.55078125 0.057291666666666664 0.049479166666666664
1 0.34765625 0.72265625 0.052083333333333336 0.0546875
1 0.20963541666666666 0.3893229166666667 0.041666666666666664 0.028645833333333332
1 0.328125 0.4322916666666667 0.0390625 0.0234375
1 0.19791666666666666 0.5416666666666666 0.052083333333333336 0.0390625
1 0.4309895833333333 0.81640625 0.06770833333333333 0.052083333333333336
1 0.3333333333333333 0.2708333333333333 0.041666666666666664 0.049479166666666664
1 0.4010416666666667 0.6341145833333334 0.052083333333333336 0.033854166666666664
1 0.67578125 0.4765625 0.0234375 0.057291666666666664
1 0.4557291666666667 0.765625 0.0546875 0.049479166666666664
1 0.3111979166666667 0.27734375 0.033854166666666664 0.0234375
1 0.5572916666666666 0.3684895833333333 0.0546875 0.041666666666666664
1 0.3111979166666667 0.75 0.052083333333333336 0.049479166666666664
1 0.4739583333333333 0.6940104166666666 0.0390625 0.06510416666666667
1 0.25 0.6380208333333334 0.044270833333333336 0.052083333333333336
1 0.4309895833333333 0.7734375 0.059895833333333336 0.0546875