1 0.6341145833333334 0.4583333333333333 0.026041666666666668 0.03125
1 0.3333333333333333 0.2552083333333333 0.036458333333333336 0.041666666666666664
1 0.69140625 0.49609375 0.028645833333333332 0.03125
1 0.7083333333333334 0.4869791666666667 0.026041666666666668 0.0234375
1 0.5390625 0.3463541666666667 0.033854166666666664 0.033854166666666664
1 0.4752604166666667 0.3450520833333333 0.03125 0.044270833333333336
1 0.3919270833333333 0.2864583333333333 0.033854166666666664 0.03125
1 0.5520833333333334 0.4114583333333333 0.028645833333333332 0.033854166666666664
1 0.3932291666666667 0.4270833333333333 0.03125 0.036458333333333336
1 0.6497395833333334 0.5598958333333334 0.028645833333333332 0.033854166666666664
1 0.62109375 0.6341145833333334 0.03125 0.0390625
1 0.6354166666666666 0.609375 0.03125 0.03125
1 0.5494791666666666 0.4947916666666667 0.033854166666666664 0.028645833333333332
1 0.4947916666666667 0.5677083333333334 0.036458333333333336 0.03125
1 0.7018229166666666 0.5846354166666666 0.0234375 0.033854166666666664
1 0.3854166666666667 0.4830729166666667 0.028645833333333332 0.026041666666666668
1 0.609375 0.546875 0.028645833333333332 0.026041666666666668
1 0.4270833333333333 0.4908854166666667 0.028645833333333332 0.0234375
1 0.3984375 0.5169270833333334 0.036458333333333336 0.036458333333333336
1 0.48046875 0.5377604166666666 0.033854166666666664 0.033854166666666664
1 0.40234375 0.4700520833333333 0.026041666666666668 0.0234375
1 0.6666666666666666 0.5924479166666666 0.020833333333333332 0.03125
1 0.67578125 0.4830729166666667 0.026041666666666668 0.033854166666666664
1 0.7213541666666666 0.5182291666666666 0.026041666666666668 0.036458333333333336
1 0.6627604166666666 0.5377604166666666 0.03125 0.026041666666666668
1 0.6197916666666666 0.33203125 0.03125 0.044270833333333336
1 0.296875 0.19921875 0.036458333333333336 0.036458333333333336
1 0.6171875 0.3567708333333333 0.033854166666666664 0.028645833333333332
1 0.3684895833333333 0.3307291666666667 0.033854166666666664 0.028645833333333332
1 0.5677083333333334 0.3307291666666667 0.026041666666666668 0.033854166666666664
1 0.6158854166666666 0.4388020833333333 0.015625 0.015625
1 0.515625 0.3736979166666667 0.03125 0.028645833333333332
1 0.6809895833333334 0.5403645833333334 0.028645833333333332 0.0390625
1 0.45703125 0.40234375 0.036458333333333336 0.044270833333333336
1 0.5559895833333334 0.2630208333333333 0.033854166666666664 0.0390625
1 0.62890625 0.3984375 0.0234375 0.020833333333333332
1 0.58984375 0.5598958333333334 0.03125 0.03125
1 0.5247395833333334 0.4921875 0.028645833333333332 0.041666666666666664
1 0.3580729166666667 0.4596354166666667 0.033854166666666664 0.026041666666666668
1 0.546875 0.5403645833333334 0.0234375 0.033854166666666664
1 0.5794270833333334 0.6106770833333334 0.0234375 0.033854166666666664
1 0.7109375 0.55078125 0.03125 0.041666666666666664
1 0.7122395833333334 0.3919270833333333 0.026041666666666668 0.0390625
1 0.6119791666666666 0.4036458333333333 0.028645833333333332 0.0390625
1 0.58203125 0.4010416666666667 0.03125 0.028645833333333332
1 0.6184895833333334 0.2903645833333333 0.03125 0.036458333333333336
1 0.6927083333333334 0.47265625 0.028645833333333332 0.026041666666666668
1 0.7213541666666666 0.54296875 0.03125 0.0390625
1 0.6302083333333334 0.5065104166666666 0.036458333333333336 0.036458333333333336
1 0.6236979166666666 0.3776041666666667 0.020833333333333332 0.028645833333333332
1 0.5677083333333334 0.4153645833333333 0.026041666666666668 0.028645833333333332
1 0.7122395833333334 0.515625 0.026041666666666668 0.036458333333333336
1 0.52734375 0.5416666666666666 0.026041666666666668 0.026041666666666668
1 0.5625 0.45703125 0.033854166666666664 0.028645833333333332
1 0.5559895833333334 0.48046875 0.020833333333333332 0.026041666666666668
1 0.62890625 0.6705729166666666 0.020833333333333332 0.033854166666666664
1 0.5533854166666666 0.6041666666666666 0.028645833333333332 0.0234375
1 0.6223958333333334 0.52734375 0.028645833333333332 0.036458333333333336
1 0.6705729166666666 0.4453125 0.018229166666666668 0.020833333333333332
1 0.5520833333333334 0.3229166666666667 0.028645833333333332 0.0390625
1 0.6041666666666666 0.4895833333333333 0.020833333333333332 0.028645833333333332
1 0.5 0.25390625 0.028645833333333332 0.044270833333333336
1 0.5598958333333334 0.3190104166666667 0.0234375 0.03125
1 0.6575520833333334 0.44921875 0.0234375 0.033854166666666664
1 0.2877604166666667 0.17838541666666666 0.026041666666666668 0.036458333333333336
1 0.6614583333333334 0.4127604166666667 0.028645833333333332 0.0234375
1 0.74609375 0.23177083333333334 0.036458333333333336 0.028645833333333332
1 0.5716145833333334 0.3059895833333333 0.028645833333333332 0.03125
1 0.3515625 0.4244791666666667 0.026041666666666668 0.03125
1 0.5208333333333334 0.28125 0.015625 0.0234375
1 0.546875 0.5104166666666666 0.041666666666666664 0.036458333333333336
1 0.5546875 0.546875 0.028645833333333332 0.0390625
1 0.5494791666666666 0.46875 0.026041666666666668 0.036458333333333336
1 0.5416666666666666 0.2526041666666667 0.03125 0.044270833333333336
1 0.625 0.26953125 0.028645833333333332 0.026041666666666668
1 0.7005208333333334 0.4244791666666667 0.026041666666666668 0.033854166666666664
1 0.71484375 0.4674479166666667 0.026041666666666668 0.0234375
1 0.5716145833333334 0.3841145833333333 0.033854166666666664 0.028645833333333332
1 0.7473958333333334 0.3919270833333333 0.0390625 0.041666666666666664
1 0.5924479166666666 0.421875 0.028645833333333332 0.028645833333333332
1 0.5182291666666666 0.3528645833333333 0.03125 0.0390625
1 0.5338541666666666 0.3138020833333333 0.036458333333333336 0.036458333333333336
1 0.6796875 0.4427083333333333 0.0234375 0.028645833333333332
1 0.5416666666666666 0.4635416666666667 0.020833333333333332 0.033854166666666664
1 0.6341145833333334 0.4817708333333333 0.0234375 0.033854166666666664
1 0.55859375 0.41796875 0.028645833333333332 0.036458333333333336
1 0.5963541666666666 0.4466145833333333 0.026041666666666668 0.0234375
1 0.52734375 0.2864583333333333 0.026041666666666668 0.036458333333333336
1 0.3541666666666667 0.4752604166666667 0.044270833333333336 0.03125
1 0.6067708333333334 0.5625 0.026041666666666668 0.026041666666666668
1 0.44921875 0.4947916666666667 0.026041666666666668 0.026041666666666668
1 0.3424479166666667 0.5533854166666666 0.0390625 0.036458333333333336
1 0.6966145833333334 0.5598958333333334 0.028645833333333332 0.033854166666666664
1 0.4895833333333333 0.5052083333333334 0.036458333333333336 0.044270833333333336
1 0.4934895833333333 0.5481770833333334 0.03125 0.028645833333333332
1 0.5872395833333334 0.78125 0.033854166666666664 0.03125
1 0.5833333333333334 0.5052083333333334 0.036458333333333336 0.033854166666666664
1 0.3125 0.6302083333333334 0.03125 0.041666666666666664
1 0.5247395833333334 0.3190104166666667 0.028645833333333332 0.033854166666666664
1 0.6822916666666666 0.4192708333333333 0.028645833333333332 0.028645833333333332
1 0.5885416666666666 0.3151041666666667 0.03125 0.026041666666666668
1 0.6184895833333334 0.48828125 0.026041666666666668 0.03125
1 0.5533854166666666 0.3515625 0.033854166666666664 0.044270833333333336
1 0.69140625 0.53125 0.020833333333333332 0.03125
1 0.6809895833333334 0.51171875 0.028645833333333332 0.028645833333333332
1 0.5807291666666666 0.3489583333333333 0.03125 0.033854166666666664
1 0.515625 0.3216145833333333 0.03125 0.033854166666666664
1 0.5963541666666666 0.296875 0.028645833333333332 0.026041666666666668
1 0.7096354166666666 0.4440104166666667 0.028645833333333332 0.036458333333333336
1 0.7330729166666666 0.4388020833333333 0.026041666666666668 0.0390625
1 0.6015625 0.37890625 0.033854166666666664 0.03125
1 0.5130208333333334 0.2942708333333333 0.026041666666666668 0.033854166666666664
1 0.5807291666666666 0.57421875 0.03125 0.026041666666666668
1 0.6497395833333334 0.6015625 0.03125 0.0390625
1 0.3815104166666667 0.4557291666666667 0.026041666666666668 0.036458333333333336
1 0.4674479166666667 0.5625 0.03125 0.03125
1 0.5143229166666666 0.5325520833333334 0.028645833333333332 0.033854166666666664
1 0.6145833333333334 0.6223958333333334 0.026041666666666668 0.033854166666666664
1 0.609375 0.6067708333333334 0.033854166666666664 0.028645833333333332
1 0.6627604166666666 0.5651041666666666 0.0234375 0.026041666666666668
1 0.5364583333333334 0.5299479166666666 0.028645833333333332 0.03125
1 0.5716145833333334 0.7369791666666666 0.03125 0.041666666666666664
1 0.6575520833333334 0.5885416666666666 0.0234375 0.028645833333333332
1 0.7018229166666666 0.5052083333333334 0.028645833333333332 0.033854166666666664
1 0.6263020833333334 0.41796875 0.026041666666666668 0.028645833333333332
1 0.5390625 0.41015625 0.028645833333333332 0.036458333333333336
1 0.5846354166666666 0.2838541666666667 0.020833333333333332 0.03125
1 0.6197916666666666 0.5091145833333334 0.033854166666666664 0.026041666666666668
1 0.6692708333333334 0.4283854166666667 0.0234375 0.026041666666666668
1 0.65234375 0.5 0.028645833333333332 0.020833333333333332
1 0.5703125 0.359375 0.03125 0.03125
1 0.484375 0.4140625 0.028645833333333332 0.03125
1 0.53515625 0.4518229166666667 0.028645833333333332 0.036458333333333336
1 0.7317708333333334 0.53515625 0.03125 0.036458333333333336
1 0.390625 0.4010416666666667 0.03125 0.033854166666666664
1 0.4817708333333333 0.3763020833333333 0.03125 0.03125
1 0.5403645833333334 0.58984375 0.03125 0.036458333333333336
1 0.6236979166666666 0.5833333333333334 0.033854166666666664 0.0390625
1 0.5703125 0.5963541666666666 0.028645833333333332 0.033854166666666664
1 0.5716145833333334 0.4869791666666667 0.028645833333333332 0.03125
1 0.6328125 0.5638020833333334 0.026041666666666668 0.036458333333333336
1 0.41796875 0.5065104166666666 0.036458333333333336 0.036458333333333336
1 0.51953125 0.70703125 0.028645833333333332 0.028645833333333332
1 0.7252604166666666 0.484375 0.028645833333333332 0.036458333333333336
1 0.5338541666666666 0.5625 0.03125 0.03125
1 0.6796875 0.5703125 0.028645833333333332 0.026041666666666668
1 0.6549479166666666 0.4674479166666667 0.028645833333333332 0.028645833333333332
1 0.5963541666666666 0.4622395833333333 0.0234375 0.0234375
1 0.4348958333333333 0.4283854166666667 0.028645833333333332 0.028645833333333332
1 0.5520833333333334 0.2903645833333333 0.03125 0.028645833333333332
1 0.5247395833333334 0.4205729166666667 0.03125 0.036458333333333336
1 0.7174479166666666 0.4479166666666667 0.026041666666666668 0.0390625
1 0.6015625 0.3424479166666667 0.028645833333333332 0.026041666666666668
1 0.6510416666666666 0.5286458333333334 0.0234375 0.033854166666666664
1 0.5963541666666666 0.41015625 0.026041666666666668 0.033854166666666664
1 0.6640625 0.5143229166666666 0.020833333333333332 0.028645833333333332
1 0.5494791666666666 0.5703125 0.03125 0.033854166666666664
1 0.5807291666666666 0.5494791666666666 0.03125 0.03125
1 0.4700520833333333 0.5234375 0.028645833333333332 0.026041666666666668
1 0.421875 0.4765625 0.03125 0.0234375
1 0.4309895833333333 0.4739583333333333 0.028645833333333332 0.0234375