1 0.5377604166666666 0.4947916666666667 0.041666666666666664 0.046875
1 0.6536458333333334 0.3815104166666667 0.0234375 0.041666666666666664
1 0.4700520833333333 0.5833333333333334 0.033854166666666664 0.03125
1 0.4986979166666667 0.4088541666666667 0.026041666666666668 0.015625
1 0.4596354166666667 0.3489583333333333 0.033854166666666664 0.046875
1 0.5221354166666666 0.2955729166666667 0.0390625 0.036458333333333336
1 0.4739583333333333 0.3072916666666667 0.033854166666666664 0.0390625
1 0.578125 0.2265625 0.046875 0.0390625
1 0.5078125 0.40625 0.03125 0.0234375
1 0.7955729166666666 0.3958333333333333 0.036458333333333336 0.033854166666666664
1 0.6197916666666666 0.5052083333333334 0.046875 0.036458333333333336
1 0.59375 0.36328125 0.044270833333333336 0.033854166666666664