1 0.43359375 0.5494791666666666 0.03125 0.026041666666666668
1 0.3658854166666667 0.43359375 0.028645833333333332 0.03125
1 0.5442708333333334 0.125 0.026041666666666668 0.0390625
1 0.5091145833333334 0.59765625 0.03125 0.03125
1 0.3984375 0.41015625 0.028645833333333332 0.036458333333333336
1 0.4427083333333333 0.4622395833333333 0.026041666666666668 0.052083333333333336
1 0.5677083333333334 0.4505208333333333 0.028645833333333332 0.0390625
1 0.6341145833333334 0.3567708333333333 0.028645833333333332 0.0546875
1 0.6080729166666666 0.2721354166666667 0.03125 0.03125
1 0.4036458333333333 0.4348958333333333 0.018229166666666668 0.033854166666666664
1 0.6588541666666666 0.2890625 0.028645833333333332 0.03125
1 0.4270833333333333 0.5286458333333334 0.026041666666666668 0.026041666666666668
1 0.5651041666666666 0.2682291666666667 0.020833333333333332 0.0390625
1 0.69140625 0.2942708333333333 0.026041666666666668 0.046875
1 0.6966145833333334 0.4635416666666667 0.026041666666666668 0.044270833333333336
1 0.4765625 0.42578125 0.026041666666666668 0.044270833333333336
1 0.4895833333333333 0.5390625 0.018229166666666668 0.020833333333333332
1 0.4270833333333333 0.3502604166666667 0.026041666666666668 0.046875
1 0.6158854166666666 0.5572916666666666 0.026041666666666668 0.026041666666666668
1 0.4427083333333333 0.3971354166666667 0.0234375 0.0234375
1 0.4192708333333333 0.4309895833333333 0.026041666666666668 0.03125
1 0.5338541666666666 0.6484375 0.026041666666666668 0.033854166666666664
1 0.4544270833333333 0.6028645833333334 0.026041666666666668 0.036458333333333336
1 0.41796875 0.5794270833333334 0.0234375 0.036458333333333336
1 0.51171875 0.20572916666666666 0.033854166666666664 0.036458333333333336
1 0.6067708333333334 0.203125 0.020833333333333332 0.0546875
1 0.6158854166666666 0.43359375 0.026041666666666668 0.033854166666666664
1 0.4765625 0.3098958333333333 0.028645833333333332 0.044270833333333336
1 0.4609375 0.4700520833333333 0.026041666666666668 0.052083333333333336
1 0.4609375 0.55859375 0.020833333333333332 0.0390625
1 0.5208333333333334 0.5520833333333334 0.026041666666666668 0.0390625
1 0.5963541666666666 0.3255208333333333 0.026041666666666668 0.049479166666666664
1 0.4296875 0.453125 0.0234375 0.033854166666666664
1 0.4453125 0.515625 0.0234375 0.041666666666666664
1 0.6380208333333334 0.4010416666666667 0.020833333333333332 0.020833333333333332
1 0.53125 0.6315104166666666 0.028645833333333332 0.026041666666666668
1 0.4986979166666667 0.2825520833333333 0.0234375 0.044270833333333336
1 0.5208333333333334 0.2994791666666667 0.03125 0.041666666666666664
1 0.6236979166666666 0.4479166666666667 0.03125 0.03125
1 0.5247395833333334 0.4765625 0.0234375 0.052083333333333336
1 0.59765625 0.2630208333333333 0.03125 0.0390625
1 0.3932291666666667 0.47265625 0.03125 0.028645833333333332
1 0.4895833333333333 0.671875 0.026041666666666668 0.028645833333333332
1 0.4934895833333333 0.18359375 0.026041666666666668 0.041666666666666664
1 0.4752604166666667 0.24739583333333334 0.0234375 0.041666666666666664
1 0.4856770833333333 0.3606770833333333 0.028645833333333332 0.046875
1 0.671875 0.6484375 0.020833333333333332 0.046875
1 0.5065104166666666 0.5755208333333334 0.0234375 0.036458333333333336
1 0.5885416666666666 0.2916666666666667 0.0234375 0.0390625
1 0.40625 0.5794270833333334 0.018229166666666668 0.044270833333333336
1 0.4427083333333333 0.16015625 0.03125 0.0390625
1 0.50390625 0.2669270833333333 0.0234375 0.046875
1 0.6536458333333334 0.3072916666666667 0.0234375 0.046875
1 0.61328125 0.48046875 0.0234375 0.044270833333333336
1 0.6119791666666666 0.4114583333333333 0.026041666666666668 0.046875
1 0.5520833333333334 0.3763020833333333 0.028645833333333332 0.057291666666666664
1 0.4661458333333333 0.3372395833333333 0.018229166666666668 0.046875
1 0.4713541666666667 0.5651041666666666 0.018229166666666668 0.041666666666666664
1 0.609375 0.3268229166666667 0.0234375 0.052083333333333336
1 0.4518229166666667 0.4322916666666667 0.026041666666666668 0.03125
1 0.4505208333333333 0.41796875 0.020833333333333332 0.018229166666666668
1 0.4127604166666667 0.4140625 0.026041666666666668 0.0390625
1 0.59765625 0.625 0.026041666666666668 0.03125
1 0.5572916666666666 0.21875 0.028645833333333332 0.049479166666666664
1 0.48046875 0.5924479166666666 0.028645833333333332 0.033854166666666664
1 0.4361979166666667 0.421875 0.020833333333333332 0.026041666666666668
1 0.6263020833333334 0.296875 0.03125 0.028645833333333332
1 0.625 0.33984375 0.020833333333333332 0.044270833333333336
1 0.4375 0.5130208333333334 0.0234375 0.044270833333333336
1 0.4765625 0.33203125 0.028645833333333332 0.036458333333333336
1 0.5546875 0.6888020833333334 0.03125 0.026041666666666668
1 0.3984375 0.5859375 0.0234375 0.044270833333333336
1 0.5338541666666666 0.3216145833333333 0.026041666666666668 0.0234375
1 0.41796875 0.4583333333333333 0.028645833333333332 0.041666666666666664
1 0.3736979166666667 0.3919270833333333 0.026041666666666668 0.026041666666666668
1 0.65234375 0.6276041666666666 0.028645833333333332 0.0234375
1 0.5950520833333334 0.2903645833333333 0.0234375 0.036458333333333336
1 0.6197916666666666 0.3046875 0.028645833333333332 0.03125
1 0.4986979166666667 0.5416666666666666 0.0234375 0.041666666666666664
1 0.484375 0.41796875 0.03125 0.041666666666666664