1 0.16927083333333334 0.61328125 0.125 0.12760416666666666
1 0.6197916666666666 0.3111979166666667 0.059895833333333336 0.049479166666666664
1 0.37109375 0.3307291666666667 0.11979166666666667 0.07291666666666667
1 0.11458333333333333 0.3372395833333333 0.07552083333333333 0.08072916666666667
1 0.02734375 0.43359375 0.049479166666666664 0.041666666666666664
1 0.6588541666666666 0.5260416666666666 0.140625 0.052083333333333336
1 0.8528645833333334 0.43359375 0.13802083333333334 0.10677083333333333
1 0.7513020833333334 0.6822916666666666 0.11197916666666667 0.13541666666666666
1 0.6341145833333334 0.13802083333333334 0.033854166666666664 0.049479166666666664
1 0.6744791666666666 0.6940104166666666 0.09114583333333333 0.08854166666666667
1 0.4986979166666667 0.13411458333333334 0.09635416666666667 0.09375
1 0.38671875 0.59765625 0.13020833333333334 0.10677083333333333
1 0.4778645833333333 0.4947916666666667 0.140625 0.09895833333333333
1 0.2682291666666667 0.04296875 0.08854166666666667 0.06770833333333333