1 0.12109375 0.7591145833333334 0.1171875 0.1015625
1 0.3502604166666667 0.2890625 0.08333333333333333 0.1171875
1 0.3111979166666667 0.3177083333333333 0.11458333333333333 0.10677083333333333
1 0.2578125 0.3567708333333333 0.15625 0.09895833333333333
1 0.5182291666666666 0.78125 0.18229166666666666 0.09635416666666667
1 0.5638020833333334 0.4244791666666667 0.08072916666666667 0.109375
1 0.5677083333333334 0.3046875 0.12239583333333333 0.1015625
1 0.3580729166666667 0.375 0.12239583333333333 0.09114583333333333
1 0.3020833333333333 0.13802083333333334 0.1484375 0.09375
1 0.6067708333333334 0.5859375 0.08333333333333333 0.140625
1 0.4088541666666667 0.08854166666666667 0.09114583333333333 0.12760416666666666
1 0.5598958333333334 0.3528645833333333 0.15104166666666666 0.07291666666666667
1 0.6236979166666666 0.3190104166666667 0.14583333333333334 0.078125
1 0.2825520833333333 0.26953125 0.08333333333333333 0.11458333333333333
1 0.1328125 0.17708333333333334 0.14583333333333334 0.1328125
1 0.44140625 0.06640625 0.09635416666666667 0.1328125
1 0.22786458333333334 0.18229166666666666 0.12239583333333333 0.1171875
1 0.3567708333333333 0.18489583333333334 0.10677083333333333 0.10677083333333333