1 0.4674479166666667 0.5455729166666666 0.0390625 0.033854166666666664
1 0.5338541666666666 0.5794270833333334 0.036458333333333336 0.044270833333333336
1 0.5 0.6002604166666666 0.0234375 0.0390625
1 0.46484375 0.5807291666666666 0.0234375 0.057291666666666664
1 0.3489583333333333 0.64453125 0.033854166666666664 0.036458333333333336
1 0.55078125 0.609375 0.020833333333333332 0.03125
1 0.66796875 0.58203125 0.033854166666666664 0.03125
1 0.4934895833333333 0.5598958333333334 0.026041666666666668 0.046875
1 0.5182291666666666 0.5364583333333334 0.03125 0.041666666666666664
1 0.3229166666666667 0.5911458333333334 0.028645833333333332 0.052083333333333336
1 0.43359375 0.5390625 0.033854166666666664 0.036458333333333336
1 0.265625 0.59375 0.028645833333333332 0.0390625
1 0.5572916666666666 0.5716145833333334 0.03125 0.03125
1 0.3502604166666667 0.5989583333333334 0.033854166666666664 0.059895833333333336
1 0.3528645833333333 0.5520833333333334 0.0390625 0.041666666666666664
1 0.41015625 0.6328125 0.036458333333333336 0.052083333333333336
1 0.2864583333333333 0.6028645833333334 0.03125 0.057291666666666664
1 0.5143229166666666 0.5520833333333334 0.03125 0.03125
1 0.6393229166666666 0.53515625 0.033854166666666664 0.0234375
1 0.3046875 0.5989583333333334 0.026041666666666668 0.0625
1 0.53125 0.5286458333333334 0.028645833333333332 0.057291666666666664
1 0.4622395833333333 0.6236979166666666 0.026041666666666668 0.0546875
1 0.4205729166666667 0.5846354166666666 0.015625 0.036458333333333336
1 0.5677083333333334 0.5911458333333334 0.026041666666666668 0.041666666666666664
1 0.4518229166666667 0.5794270833333334 0.03125 0.052083333333333336
1 0.3958333333333333 0.5572916666666666 0.028645833333333332 0.0546875
1 0.3736979166666667 0.58203125 0.026041666666666668 0.052083333333333336
1 0.4791666666666667 0.5234375 0.03125 0.020833333333333332
1 0.57421875 0.62109375 0.028645833333333332 0.026041666666666668
1 0.5559895833333334 0.5442708333333334 0.028645833333333332 0.0234375
1 0.4361979166666667 0.5533854166666666 0.036458333333333336 0.0390625
1 0.4375 0.5872395833333334 0.028645833333333332 0.0390625
1 0.33203125 0.6223958333333334 0.028645833333333332 0.036458333333333336
1 0.359375 0.6341145833333334 0.03125 0.0390625
1 0.4791666666666667 0.5807291666666666 0.020833333333333332 0.044270833333333336
1 0.4166666666666667 0.6041666666666666 0.033854166666666664 0.026041666666666668
1 0.3841145833333333 0.61328125 0.036458333333333336 0.036458333333333336
1 0.51171875 0.56640625 0.028645833333333332 0.033854166666666664
1 0.4231770833333333 0.5611979166666666 0.026041666666666668 0.049479166666666664