1 0.578125 0.5 0.06770833333333333 0.07291666666666667
1 0.5924479166666666 0.7278645833333334 0.052083333333333336 0.109375
1 0.43359375 0.6276041666666666 0.036458333333333336 0.052083333333333336
1 0.5377604166666666 0.46875 0.03125 0.044270833333333336
1 0.6119791666666666 0.703125 0.041666666666666664 0.08854166666666667
1 0.5221354166666666 0.6627604166666666 0.041666666666666664 0.044270833333333336
1 0.5052083333333334 0.6354166666666666 0.033854166666666664 0.052083333333333336
1 0.5651041666666666 0.4505208333333333 0.052083333333333336 0.0390625
1 0.41015625 0.671875 0.036458333333333336 0.078125
1 0.3502604166666667 0.44140625 0.046875 0.09635416666666667
1 0.4479166666666667 0.5377604166666666 0.041666666666666664 0.052083333333333336
1 0.5182291666666666 0.515625 0.0390625 0.0390625
1 0.515625 0.6015625 0.059895833333333336 0.0859375
1 0.5091145833333334 0.4127604166666667 0.046875 0.044270833333333336
1 0.3307291666666667 0.37109375 0.057291666666666664 0.0703125
1 0.4127604166666667 0.4557291666666667 0.03125 0.041666666666666664