1 0.5598958333333334 0.83984375 0.041666666666666664 0.044270833333333336
1 0.6953125 0.03515625 0.041666666666666664 0.0546875
1 0.6458333333333334 0.8333333333333334 0.049479166666666664 0.036458333333333336
1 0.7734375 0.4010416666666667 0.028645833333333332 0.0625
1 0.27734375 0.14192708333333334 0.049479166666666664 0.0234375
1 0.3658854166666667 0.4505208333333333 0.044270833333333336 0.057291666666666664
1 0.4635416666666667 0.21223958333333334 0.028645833333333332 0.052083333333333336
1 0.5625 0.21614583333333334 0.0234375 0.06510416666666667
1 0.4908854166666667 0.5338541666666666 0.052083333333333336 0.033854166666666664
1 0.6705729166666666 0.6588541666666666 0.046875 0.0390625
1 0.5065104166666666 0.5065104166666666 0.057291666666666664 0.03125
1 0.6315104166666666 0.6875 0.036458333333333336 0.06770833333333333
1 0.3736979166666667 0.21744791666666666 0.0390625 0.0546875
1 0.6888020833333334 0.2890625 0.036458333333333336 0.03125
1 0.6393229166666666 0.71875 0.03125 0.0703125
1 0.5703125 0.7643229166666666 0.046875 0.049479166666666664
1 0.5377604166666666 0.7760416666666666 0.044270833333333336 0.036458333333333336
1 0.7291666666666666 0.4166666666666667 0.0546875 0.041666666666666664
1 0.3151041666666667 0.2877604166666667 0.044270833333333336 0.041666666666666664
1 0.4934895833333333 0.37109375 0.03125 0.046875
1 0.60546875 0.7083333333333334 0.0234375 0.0703125
1 0.40234375 0.16015625 0.033854166666666664 0.026041666666666668
1 0.7291666666666666 0.16536458333333334 0.026041666666666668 0.059895833333333336
1 0.63671875 0.7825520833333334 0.036458333333333336 0.0546875
1 0.68359375 0.25390625 0.041666666666666664 0.026041666666666668
1 0.5807291666666666 0.7096354166666666 0.033854166666666664 0.057291666666666664
1 0.6614583333333334 0.5846354166666666 0.059895833333333336 0.026041666666666668
1 0.8229166666666666 0.4505208333333333 0.0234375 0.06770833333333333
1 0.7330729166666666 0.4934895833333333 0.057291666666666664 0.028645833333333332
1 0.75 0.5559895833333334 0.049479166666666664 0.036458333333333336
1 0.23567708333333334 0.26953125 0.046875 0.028645833333333332
1 0.7734375 0.17838541666666666 0.026041666666666668 0.06510416666666667
1 0.328125 0.3932291666666667 0.0390625 0.046875
1 0.3255208333333333 0.4973958333333333 0.049479166666666664 0.028645833333333332
1 0.5559895833333334 0.4283854166666667 0.041666666666666664 0.046875
1 0.6458333333333334 0.4986979166666667 0.046875 0.041666666666666664
1 0.4244791666666667 0.3671875 0.020833333333333332 0.07291666666666667
1 0.7265625 0.5247395833333334 0.049479166666666664 0.0390625
1 0.30859375 0.22005208333333334 0.0390625 0.059895833333333336
1 0.3854166666666667 0.3424479166666667 0.03125 0.044270833333333336
1 0.6796875 0.13541666666666666 0.052083333333333336 0.033854166666666664
1 0.66796875 0.23567708333333334 0.046875 0.033854166666666664
1 0.3984375 0.203125 0.03125 0.059895833333333336
1 0.36328125 0.18229166666666666 0.028645833333333332 0.059895833333333336
1 0.7018229166666666 0.14322916666666666 0.046875 0.033854166666666664
1 0.65625 0.20572916666666666 0.044270833333333336 0.046875
1 0.6901041666666666 0.17578125 0.046875 0.033854166666666664
1 0.6015625 0.21354166666666666 0.041666666666666664 0.041666666666666664
1 0.5716145833333334 0.3359375 0.03125 0.06770833333333333
1 0.5416666666666666 0.5221354166666666 0.049479166666666664 0.036458333333333336
1 0.7239583333333334 0.6302083333333334 0.036458333333333336 0.0546875
1 0.8111979166666666 0.5078125 0.0546875 0.0390625
1 0.57421875 0.49609375 0.036458333333333336 0.06510416666666667
1 0.7161458333333334 0.5950520833333334 0.041666666666666664 0.0234375
1 0.77734375 0.484375 0.026041666666666668 0.0703125
1 0.2786458333333333 0.18489583333333334 0.026041666666666668 0.049479166666666664
1 0.24609375 0.2942708333333333 0.0390625 0.036458333333333336
1 0.3450520833333333 0.5546875 0.052083333333333336 0.0390625
1 0.3072916666666667 0.3372395833333333 0.033854166666666664 0.049479166666666664
1 0.6940104166666666 0.3333333333333333 0.049479166666666664 0.041666666666666664
1 0.7565104166666666 0.2604166666666667 0.028645833333333332 0.06510416666666667
1 0.4778645833333333 0.3880208333333333 0.041666666666666664 0.041666666666666664
1 0.7161458333333334 0.2825520833333333 0.026041666666666668 0.06510416666666667
1 0.6015625 0.3294270833333333 0.018229166666666668 0.0703125
1 0.625 0.3736979166666667 0.0234375 0.0625
1 0.60546875 0.42578125 0.0390625 0.044270833333333336
1 0.62890625 0.765625 0.046875 0.026041666666666668
1 0.5846354166666666 0.6640625 0.0390625 0.059895833333333336
1 0.6627604166666666 0.7265625 0.028645833333333332 0.078125
1 0.6979166666666666 0.22786458333333334 0.041666666666666664 0.059895833333333336
1 0.4140625 0.19401041666666666 0.018229166666666668 0.0625
1 0.61328125 0.07682291666666667 0.049479166666666664 0.0234375
1 0.65625 0.4609375 0.046875 0.0625
1 0.7981770833333334 0.4231770833333333 0.041666666666666664 0.052083333333333336
1 0.26953125 0.234375 0.041666666666666664 0.057291666666666664
1 0.2994791666666667 0.18489583333333334 0.0234375 0.0546875
1 0.40625 0.54296875 0.028645833333333332 0.0546875
1 0.4088541666666667 0.5026041666666666 0.036458333333333336 0.057291666666666664
1 0.4049479166666667 0.33984375 0.028645833333333332 0.059895833333333336
1 0.5859375 0.7630208333333334 0.046875 0.03125
1 0.4088541666666667 0.13802083333333334 0.0390625 0.049479166666666664
1 0.65234375 0.796875 0.0390625 0.052083333333333336
1 0.6106770833333334 0.4908854166666667 0.028645833333333332 0.06770833333333333
1 0.7421875 0.45703125 0.0625 0.036458333333333336
1 0.3294270833333333 0.5846354166666666 0.049479166666666664 0.026041666666666668
1 0.6184895833333334 0.6393229166666666 0.049479166666666664 0.026041666666666668
1 0.75390625 0.6549479166666666 0.028645833333333332 0.052083333333333336
1 0.5716145833333334 0.6796875 0.044270833333333336 0.057291666666666664
1 0.40234375 0.3958333333333333 0.0234375 0.059895833333333336