1 0.5286458333333334 0.5091145833333334 0.033854166666666664 0.036458333333333336
1 0.50390625 0.3802083333333333 0.033854166666666664 0.0390625
1 0.578125 0.4661458333333333 0.013020833333333334 0.028645833333333332
1 0.4296875 0.4609375 0.015625 0.03125
1 0.5260416666666666 0.4140625 0.03125 0.033854166666666664
1 0.5091145833333334 0.5052083333333334 0.026041666666666668 0.020833333333333332
1 0.5078125 0.3346354166666667 0.0390625 0.033854166666666664
1 0.4283854166666667 0.4296875 0.010416666666666666 0.036458333333333336
1 0.54296875 0.5546875 0.015625 0.046875
1 0.515625 0.6015625 0.0234375 0.041666666666666664
1 0.4453125 0.4466145833333333 0.020833333333333332 0.046875
1 0.5885416666666666 0.4973958333333333 0.0234375 0.033854166666666664
1 0.5247395833333334 0.5390625 0.026041666666666668 0.028645833333333332
1 0.4778645833333333 0.50390625 0.041666666666666664 0.0234375
1 0.5768229166666666 0.4440104166666667 0.044270833333333336 0.028645833333333332
1 0.49609375 0.6263020833333334 0.0234375 0.044270833333333336
1 0.53515625 0.45703125 0.018229166666666668 0.036458333333333336
1 0.47265625 0.4322916666666667 0.033854166666666664 0.028645833333333332
1 0.4817708333333333 0.4700520833333333 0.020833333333333332 0.046875
1 0.5026041666666666 0.5572916666666666 0.020833333333333332 0.046875
1 0.5703125 0.4934895833333333 0.028645833333333332 0.033854166666666664
1 0.45703125 0.3919270833333333 0.020833333333333332 0.044270833333333336
1 0.4609375 0.4609375 0.033854166666666664 0.044270833333333336
1 0.4401041666666667 0.4244791666666667 0.015625 0.041666666666666664
1 0.5625 0.4791666666666667 0.028645833333333332 0.044270833333333336
1 0.4921875 0.390625 0.0234375 0.036458333333333336
1 0.5533854166666666 0.55078125 0.020833333333333332 0.052083333333333336
1 0.5208333333333334 0.5768229166666666 0.028645833333333332 0.041666666666666664
1 0.5559895833333334 0.5169270833333334 0.036458333333333336 0.0234375
1 0.5169270833333334 0.4713541666666667 0.026041666666666668 0.036458333333333336
1 0.4153645833333333 0.41796875 0.020833333333333332 0.036458333333333336
1 0.4986979166666667 0.4661458333333333 0.018229166666666668 0.046875
1 0.53515625 0.578125 0.015625 0.033854166666666664
1 0.5494791666666666 0.4700520833333333 0.026041666666666668 0.046875
1 0.5169270833333334 0.3658854166666667 0.033854166666666664 0.020833333333333332
1 0.4778645833333333 0.40234375 0.033854166666666664 0.020833333333333332
1 0.4440104166666667 0.4908854166666667 0.036458333333333336 0.028645833333333332
1 0.5143229166666666 0.4869791666666667 0.03125 0.026041666666666668
1 0.5690104166666666 0.5234375 0.020833333333333332 0.044270833333333336
1 0.4973958333333333 0.4375 0.0234375 0.0546875