1 0.5989583333333334 0.6223958333333334 0.06510416666666667 0.10677083333333333
1 0.5130208333333334 0.4583333333333333 0.06770833333333333 0.07552083333333333
1 0.6888020833333334 0.41015625 0.0625 0.0703125
1 0.6549479166666666 0.4544270833333333 0.046875 0.078125
1 0.4609375 0.54296875 0.0546875 0.06770833333333333
1 0.7044270833333334 0.4583333333333333 0.07552083333333333 0.09375
1 0.4361979166666667 0.6692708333333334 0.0859375 0.125
1 0.5598958333333334 0.5833333333333334 0.06770833333333333 0.125
1 0.46875 0.4192708333333333 0.052083333333333336 0.0859375
1 0.4674479166666667 0.4921875 0.0625 0.078125
1 0.61328125 0.4544270833333333 0.059895833333333336 0.0546875