1 0.5065104166666666 0.3346354166666667 0.06770833333333333 0.1015625
1 0.3463541666666667 0.5703125 0.08333333333333333 0.059895833333333336
1 0.359375 0.4401041666666667 0.0703125 0.09375
1 0.4869791666666667 0.7174479166666666 0.07291666666666667 0.13020833333333334
1 0.43359375 0.3997395833333333 0.07291666666666667 0.11458333333333333
1 0.3919270833333333 0.4231770833333333 0.06770833333333333 0.12239583333333333
1 0.5638020833333334 0.7421875 0.09375 0.13802083333333334
1 0.3919270833333333 0.6471354166666666 0.09635416666666667 0.078125
1 0.5416666666666666 0.3450520833333333 0.0546875 0.08072916666666667
1 0.4309895833333333 0.8723958333333334 0.09895833333333333 0.08072916666666667
1 0.4166666666666667 0.6158854166666666 0.08854166666666667 0.09895833333333333
1 0.3736979166666667 0.39453125 0.08072916666666667 0.09114583333333333
1 0.3072916666666667 0.3828125 0.06510416666666667 0.0703125
1 0.2799479166666667 0.265625 0.09114583333333333 0.07291666666666667
1 0.6432291666666666 0.5677083333333334 0.0859375 0.1171875
1 0.045572916666666664 0.4674479166666667 0.07552083333333333 0.08072916666666667
1 0.55078125 0.6315104166666666 0.0859375 0.10677083333333333
1 0.3372395833333333 0.33203125 0.07552083333333333 0.10677083333333333
1 0.69140625 0.65234375 0.09635416666666667 0.10677083333333333
1 0.2721354166666667 0.3723958333333333 0.0859375 0.09635416666666667
1 0.44140625 0.5325520833333334 0.078125 0.078125
1 0.2591145833333333 0.08203125 0.0546875 0.08854166666666667
1 0.4075520833333333 0.4375 0.07552083333333333 0.1171875