1 0.4010416666666667 0.5078125 0.0390625 0.052083333333333336
1 0.6575520833333334 0.61328125 0.033854166666666664 0.049479166666666664
1 0.8294270833333334 0.14583333333333334 0.046875 0.036458333333333336
1 0.7486979166666666 0.15625 0.036458333333333336 0.036458333333333336
1 0.5455729166666666 0.018229166666666668 0.0390625 0.036458333333333336
1 0.8385416666666666 0.203125 0.059895833333333336 0.044270833333333336
1 0.6158854166666666 0.53125 0.0390625 0.044270833333333336
1 0.4752604166666667 0.0026041666666666665 0.033854166666666664 0.005208333333333333
1 0.8854166666666666 0.13151041666666666 0.036458333333333336 0.044270833333333336
1 0.3619791666666667 0.005208333333333333 0.03125 0.010416666666666666
1 0.4856770833333333 0.014322916666666666 0.0390625 0.028645833333333332
1 0.4973958333333333 0.045572916666666664 0.0390625 0.026041666666666668
1 0.55859375 0.05859375 0.049479166666666664 0.036458333333333336
1 0.69921875 0.08333333333333333 0.041666666666666664 0.028645833333333332
1 0.58984375 0.09244791666666667 0.044270833333333336 0.036458333333333336
1 0.515625 0.515625 0.036458333333333336 0.046875
1 0.5078125 0.028645833333333332 0.049479166666666664 0.028645833333333332
1 0.4466145833333333 0.06770833333333333 0.049479166666666664 0.0546875
1 0.95703125 0.16536458333333334 0.033854166666666664 0.0234375
1 0.4986979166666667 0.5416666666666666 0.026041666666666668 0.044270833333333336
1 0.94140625 0.14973958333333334 0.041666666666666664 0.026041666666666668
1 0.5442708333333334 0.5377604166666666 0.041666666666666664 0.049479166666666664
1 0.7200520833333334 0.10807291666666667 0.03125 0.03125
1 0.5611979166666666 0.4466145833333333 0.033854166666666664 0.046875
1 0.53125 0.07421875 0.028645833333333332 0.0390625
1 0.6028645833333334 0.4049479166666667 0.044270833333333336 0.026041666666666668
1 0.62109375 0.4986979166666667 0.0234375 0.033854166666666664
1 0.9205729166666666 0.16666666666666666 0.036458333333333336 0.036458333333333336
1 0.53125 0.5651041666666666 0.049479166666666664 0.046875
1 0.515625 0.014322916666666666 0.036458333333333336 0.028645833333333332
1 0.5729166666666666 0.40234375 0.0390625 0.046875
1 0.6614583333333334 0.5221354166666666 0.033854166666666664 0.049479166666666664
1 0.8411458333333334 0.171875 0.020833333333333332 0.033854166666666664
1 0.8919270833333334 0.16276041666666666 0.026041666666666668 0.0234375