1 0.3033854166666667 0.5559895833333334 0.08333333333333333 0.0625
1 0.3072916666666667 0.5234375 0.06510416666666667 0.052083333333333336
1 0.4114583333333333 0.5013020833333334 0.046875 0.0546875
1 0.3880208333333333 0.6432291666666666 0.078125 0.0625
1 0.16015625 0.66015625 0.07291666666666667 0.057291666666666664
1 0.5091145833333334 0.5260416666666666 0.07552083333333333 0.07291666666666667
1 0.4010416666666667 0.5390625 0.0546875 0.059895833333333336
1 0.55078125 0.5807291666666666 0.052083333333333336 0.057291666666666664
1 0.2265625 0.67578125 0.078125 0.057291666666666664
1 0.3046875 0.5924479166666666 0.0703125 0.06770833333333333
1 0.8125 0.3138020833333333 0.08333333333333333 0.078125
1 0.2591145833333333 0.6901041666666666 0.07552083333333333 0.059895833333333336
1 0.3489583333333333 0.5390625 0.08333333333333333 0.059895833333333336