1 0.5260416666666666 0.4778645833333333 0.0546875 0.046875
1 0.3815104166666667 0.08072916666666667 0.08854166666666667 0.078125
1 0.75390625 0.7916666666666666 0.078125 0.1015625
1 0.3190104166666667 0.3893229166666667 0.057291666666666664 0.08333333333333333
1 0.3893229166666667 0.5455729166666666 0.08072916666666667 0.07291666666666667
1 0.7265625 0.61328125 0.0703125 0.078125
1 0.515625 0.5846354166666666 0.057291666666666664 0.046875
1 0.5963541666666666 0.60546875 0.057291666666666664 0.08072916666666667
1 0.46875 0.6692708333333334 0.0703125 0.09375
1 0.6432291666666666 0.4322916666666667 0.059895833333333336 0.08854166666666667
1 0.6731770833333334 0.4401041666666667 0.06510416666666667 0.09375
1 0.7747395833333334 0.5247395833333334 0.078125 0.08072916666666667
1 0.6549479166666666 0.3919270833333333 0.06510416666666667 0.06510416666666667
1 0.3932291666666667 0.3203125 0.07291666666666667 0.09375
1 0.3528645833333333 0.3333333333333333 0.06510416666666667 0.0859375
1 0.40625 0.5859375 0.078125 0.07291666666666667
1 0.4453125 0.4557291666666667 0.06770833333333333 0.08072916666666667
1 0.7330729166666666 0.5677083333333334 0.052083333333333336 0.08072916666666667
1 0.6653645833333334 0.6458333333333334 0.08072916666666667 0.09635416666666667
1 0.6158854166666666 0.5234375 0.0625 0.07552083333333333
1 0.6822916666666666 0.5221354166666666 0.052083333333333336 0.078125
1 0.8684895833333334 0.6822916666666666 0.08072916666666667 0.0859375
1 0.7005208333333334 0.53515625 0.044270833333333336 0.0625
1 0.5234375 0.6432291666666666 0.0625 0.06770833333333333
1 0.5546875 0.5130208333333334 0.0625 0.08854166666666667
1 0.69140625 0.4830729166666667 0.052083333333333336 0.0625
1 0.578125 0.453125 0.0703125 0.057291666666666664
1 0.7513020833333334 0.4713541666666667 0.06510416666666667 0.08072916666666667
1 0.7291666666666666 0.3828125 0.08072916666666667 0.08072916666666667
1 0.6106770833333334 0.4270833333333333 0.0703125 0.10416666666666667
1 0.40234375 0.5169270833333334 0.041666666666666664 0.059895833333333336
1 0.7005208333333334 0.5807291666666666 0.0625 0.0625
1 0.6276041666666666 0.5729166666666666 0.057291666666666664 0.07291666666666667
1 0.5208333333333334 0.51953125 0.07552083333333333 0.07291666666666667
1 0.60546875 0.4908854166666667 0.059895833333333336 0.0625
1 0.6197916666666666 0.3033854166666667 0.0859375 0.08854166666666667
1 0.3619791666666667 0.44140625 0.08072916666666667 0.078125
1 0.4296875 0.34375 0.0625 0.08072916666666667
1 0.3958333333333333 0.5638020833333334 0.07552083333333333 0.06510416666666667
1 0.3736979166666667 0.4973958333333333 0.078125 0.0859375
1 0.50390625 0.6627604166666666 0.07552083333333333 0.06510416666666667
1 0.4361979166666667 0.62890625 0.08333333333333333 0.09375
1 0.5794270833333334 0.5638020833333334 0.0625 0.049479166666666664
1 0.47265625 0.5091145833333334 0.059895833333333336 0.0859375
1 0.6432291666666666 0.5 0.0625 0.078125
1 0.6028645833333334 0.37109375 0.08072916666666667 0.06770833333333333
1 0.5677083333333334 0.33984375 0.0859375 0.06770833333333333
1 0.3984375 0.3723958333333333 0.0546875 0.08333333333333333
1 0.4270833333333333 0.4192708333333333 0.0546875 0.07552083333333333
1 0.4166666666666667 0.4817708333333333 0.059895833333333336 0.049479166666666664
1 0.6588541666666666 0.578125 0.0625 0.0859375
1 0.7721354166666666 0.5859375 0.07291666666666667 0.09375
1 0.52734375 0.62109375 0.059895833333333336 0.06770833333333333
1 0.46875 0.5716145833333334 0.0703125 0.057291666666666664
1 0.5794270833333334 0.6393229166666666 0.0703125 0.057291666666666664
1 0.7200520833333334 0.4921875 0.07291666666666667 0.0859375
1 0.6276041666666666 0.3645833333333333 0.078125 0.0703125
1 0.2916666666666667 0.40625 0.0703125 0.08333333333333333
1 0.49609375 0.3450520833333333 0.08854166666666667 0.09375
1 0.41015625 0.4296875 0.049479166666666664 0.0703125
1 0.5716145833333334 0.3619791666666667 0.06510416666666667 0.052083333333333336
1 0.4830729166666667 0.5950520833333334 0.057291666666666664 0.0546875
1 0.7018229166666666 0.6354166666666666 0.06770833333333333 0.08072916666666667
1 0.5533854166666666 0.5833333333333334 0.057291666666666664 0.078125
1 0.5455729166666666 0.6927083333333334 0.07291666666666667 0.07552083333333333
1 0.7083333333333334 0.3971354166666667 0.08333333333333333 0.08854166666666667
1 0.3658854166666667 0.390625 0.08072916666666667 0.07291666666666667
1 0.2890625 0.3294270833333333 0.08333333333333333 0.078125