1 0.6354166666666666 0.2890625 0.0625 0.052083333333333336
1 0.6184895833333334 0.4973958333333333 0.0625 0.041666666666666664
1 0.4869791666666667 0.13020833333333334 0.0546875 0.06770833333333333
1 0.40234375 0.38671875 0.046875 0.07552083333333333
1 0.5690104166666666 0.4713541666666667 0.057291666666666664 0.059895833333333336
1 0.4453125 0.15625 0.0546875 0.044270833333333336
1 0.45703125 0.5520833333333334 0.06510416666666667 0.052083333333333336
1 0.5846354166666666 0.2734375 0.036458333333333336 0.07291666666666667
1 0.3346354166666667 0.6875 0.06510416666666667 0.052083333333333336
1 0.55078125 0.11067708333333333 0.0390625 0.07291666666666667
1 0.4153645833333333 0.10677083333333333 0.044270833333333336 0.057291666666666664
1 0.4114583333333333 0.6497395833333334 0.0546875 0.0703125
1 0.32421875 0.5638020833333334 0.026041666666666668 0.044270833333333336
1 0.2981770833333333 0.13932291666666666 0.059895833333333336 0.044270833333333336
1 0.21744791666666666 0.55078125 0.0546875 0.07291666666666667
1 0.4153645833333333 0.5598958333333334 0.049479166666666664 0.0625
1 0.515625 0.17057291666666666 0.046875 0.08854166666666667
1 0.11979166666666667 0.17838541666666666 0.049479166666666664 0.07552083333333333
1 0.3450520833333333 0.16536458333333334 0.049479166666666664 0.052083333333333336
1 0.56640625 0.6315104166666666 0.044270833333333336 0.07552083333333333
1 0.64453125 0.23567708333333334 0.052083333333333336 0.0625
1 0.3802083333333333 0.15885416666666666 0.046875 0.049479166666666664