1 0.546875 0.15755208333333334 0.041666666666666664 0.044270833333333336
1 0.7109375 0.95703125 0.041666666666666664 0.0546875
1 0.6341145833333334 0.16145833333333334 0.049479166666666664 0.036458333333333336
1 0.7760416666666666 0.5885416666666666 0.028645833333333332 0.0625
1 0.2903645833333333 0.8658854166666666 0.049479166666666664 0.0234375
1 0.3684895833333333 0.5546875 0.044270833333333336 0.057291666666666664
1 0.4739583333333333 0.7877604166666666 0.028645833333333332 0.052083333333333336
1 0.5729166666666666 0.78125 0.0234375 0.06510416666666667
1 0.4908854166666667 0.4661458333333333 0.052083333333333336 0.033854166666666664
1 0.6653645833333334 0.3359375 0.046875 0.0390625
1 0.5065104166666666 0.4934895833333333 0.057291666666666664 0.03125
1 0.6236979166666666 0.3072916666666667 0.036458333333333336 0.06770833333333333
1 0.3841145833333333 0.7877604166666666 0.0390625 0.0546875
1 0.6966145833333334 0.703125 0.036458333333333336 0.03125
1 0.6315104166666666 0.2760416666666667 0.03125 0.0703125
1 0.5598958333333334 0.23307291666666666 0.046875 0.049479166666666664
1 0.52734375 0.22395833333333334 0.044270833333333336 0.036458333333333336
1 0.7317708333333334 0.5755208333333334 0.0546875 0.041666666666666664
1 0.3229166666666667 0.7174479166666666 0.044270833333333336 0.041666666666666664
1 0.4986979166666667 0.62890625 0.03125 0.046875
1 0.59765625 0.2890625 0.0234375 0.0703125
1 0.4153645833333333 0.8424479166666666 0.033854166666666664 0.026041666666666668
1 0.7395833333333334 0.8268229166666666 0.026041666666666668 0.059895833333333336
1 0.6263020833333334 0.21223958333333334 0.036458333333333336 0.0546875
1 0.69140625 0.7395833333333334 0.041666666666666664 0.026041666666666668
1 0.5729166666666666 0.2877604166666667 0.033854166666666664 0.057291666666666664
1 0.6588541666666666 0.41015625 0.059895833333333336 0.026041666666666668
1 0.8255208333333334 0.5390625 0.0234375 0.06770833333333333
1 0.7330729166666666 0.4986979166666667 0.057291666666666664 0.028645833333333332
1 0.7473958333333334 0.4361979166666667 0.049479166666666664 0.036458333333333336
1 0.24348958333333334 0.7395833333333334 0.046875 0.028645833333333332
1 0.7838541666666666 0.8111979166666666 0.026041666666666668 0.06510416666666667
1 0.3307291666666667 0.6119791666666666 0.0390625 0.046875
1 0.3255208333333333 0.5078125 0.049479166666666664 0.028645833333333332
1 0.55859375 0.5690104166666666 0.041666666666666664 0.046875
1 0.6458333333333334 0.49609375 0.046875 0.041666666666666664
1 0.4296875 0.6354166666666666 0.020833333333333332 0.07291666666666667
1 0.7265625 0.4674479166666667 0.049479166666666664 0.0390625
1 0.3190104166666667 0.7864583333333334 0.0390625 0.059895833333333336
1 0.390625 0.6614583333333334 0.03125 0.044270833333333336
1 0.6927083333333334 0.8580729166666666 0.052083333333333336 0.033854166666666664
1 0.6770833333333334 0.7591145833333334 0.046875 0.033854166666666664
1 0.4088541666666667 0.7994791666666666 0.03125 0.059895833333333336
1 0.3736979166666667 0.8229166666666666 0.028645833333333332 0.059895833333333336
1 0.71484375 0.8489583333333334 0.046875 0.033854166666666664
1 0.6666666666666666 0.7890625 0.044270833333333336 0.046875
1 0.7005208333333334 0.81640625 0.046875 0.033854166666666664
1 0.6119791666666666 0.7838541666666666 0.041666666666666664 0.041666666666666664
1 0.5768229166666666 0.6614583333333334 0.03125 0.06770833333333333
1 0.5416666666666666 0.4752604166666667 0.049479166666666664 0.036458333333333336
1 0.71875 0.3619791666666667 0.036458333333333336 0.0546875
1 0.8111979166666666 0.4817708333333333 0.0546875 0.0390625
1 0.57421875 0.5013020833333334 0.036458333333333336 0.06510416666666667
1 0.7135416666666666 0.3971354166666667 0.041666666666666664 0.0234375
1 0.77734375 0.5052083333333334 0.026041666666666668 0.0703125
1 0.2890625 0.8229166666666666 0.026041666666666668 0.049479166666666664
1 0.25390625 0.7135416666666666 0.0390625 0.036458333333333336
1 0.3424479166666667 0.4505208333333333 0.052083333333333336 0.0390625
1 0.3125 0.6705729166666666 0.033854166666666664 0.049479166666666664
1 0.69921875 0.6588541666666666 0.049479166666666664 0.041666666666666664
1 0.7643229166666666 0.73046875 0.028645833333333332 0.06510416666666667
1 0.4817708333333333 0.6119791666666666 0.041666666666666664 0.041666666666666664
1 0.7239583333333334 0.7096354166666666 0.026041666666666668 0.06510416666666667
1 0.6067708333333334 0.66796875 0.018229166666666668 0.0703125
1 0.6302083333333334 0.62109375 0.0234375 0.0625
1 0.6080729166666666 0.5716145833333334 0.0390625 0.044270833333333336
1 0.6184895833333334 0.22916666666666666 0.046875 0.026041666666666668
1 0.5794270833333334 0.3333333333333333 0.0390625 0.059895833333333336
1 0.6549479166666666 0.2682291666666667 0.028645833333333332 0.078125
1 0.7083333333333334 0.7643229166666666 0.041666666666666664 0.059895833333333336
1 0.4244791666666667 0.80859375 0.018229166666666668 0.0625
1 0.62890625 0.91796875 0.049479166666666664 0.0234375
1 0.6575520833333334 0.5338541666666666 0.046875 0.0625
1 0.80078125 0.56640625 0.041666666666666664 0.052083333333333336
1 0.2799479166666667 0.7734375 0.041666666666666664 0.057291666666666664
1 0.3098958333333333 0.8229166666666666 0.0234375 0.0546875
1 0.4036458333333333 0.4596354166666667 0.028645833333333332 0.0546875
1 0.4088541666666667 0.5 0.036458333333333336 0.057291666666666664
1 0.41015625 0.6627604166666666 0.028645833333333332 0.059895833333333336
1 0.5755208333333334 0.234375 0.046875 0.03125
1 0.421875 0.8645833333333334 0.0390625 0.049479166666666664
1 0.6419270833333334 0.19791666666666666 0.0390625 0.052083333333333336
1 0.6106770833333334 0.5065104166666666 0.028645833333333332 0.06770833333333333
1 0.7434895833333334 0.53515625 0.0625 0.036458333333333336
1 0.3268229166666667 0.4205729166666667 0.049479166666666664 0.026041666666666668
1 0.61328125 0.35546875 0.049479166666666664 0.026041666666666668
1 0.7486979166666666 0.3372395833333333 0.028645833333333332 0.052083333333333336
1 0.56640625 0.3177083333333333 0.044270833333333336 0.057291666666666664
1 0.4049479166666667 0.6067708333333334 0.0234375 0.059895833333333336