1 0.19791666666666666 0.7526041666666666 0.028645833333333332 0.052083333333333336
1 0.34375 0.3125 0.044270833333333336 0.0546875
1 0.7825520833333334 0.5481770833333334 0.0546875 0.052083333333333336
1 0.64453125 0.6432291666666666 0.0625 0.049479166666666664
1 0.3372395833333333 0.4479166666666667 0.08854166666666667 0.049479166666666664
1 0.7317708333333334 0.4635416666666667 0.041666666666666664 0.052083333333333336
1 0.33203125 0.3684895833333333 0.026041666666666668 0.0546875
1 0.83203125 0.22135416666666666 0.046875 0.052083333333333336
1 0.3059895833333333 0.3528645833333333 0.03125 0.041666666666666664
1 0.8203125 0.15755208333333334 0.0234375 0.0625
1 0.3307291666666667 0.9270833333333334 0.052083333333333336 0.03125
1 0.2760416666666667 0.27734375 0.026041666666666668 0.052083333333333336
1 0.3385416666666667 0.6328125 0.033854166666666664 0.057291666666666664
1 0.23567708333333334 0.3528645833333333 0.026041666666666668 0.052083333333333336
1 0.16927083333333334 0.3385416666666667 0.041666666666666664 0.03125
1 0.3294270833333333 0.4713541666666667 0.0625 0.049479166666666664