1 0.09635416666666667 0.54296875 0.06510416666666667 0.049479166666666664
1 0.50390625 0.2890625 0.049479166666666664 0.06770833333333333
1 0.3333333333333333 0.4309895833333333 0.057291666666666664 0.06770833333333333
1 0.13932291666666666 0.3893229166666667 0.0625 0.049479166666666664
1 0.3046875 0.4661458333333333 0.046875 0.06770833333333333
1 0.296875 0.3385416666666667 0.044270833333333336 0.0546875
1 0.16927083333333334 0.484375 0.0703125 0.06510416666666667
1 0.359375 0.46875 0.052083333333333336 0.052083333333333336
1 0.421875 0.4479166666666667 0.057291666666666664 0.0546875
1 0.171875 0.3828125 0.0546875 0.0703125
1 0.80859375 0.13671875 0.06510416666666667 0.0703125