1 0.4231770833333333 0.58203125 0.03125 0.026041666666666668
1 0.5234375 0.3932291666666667 0.015625 0.013020833333333334
1 0.5247395833333334 0.109375 0.026041666666666668 0.028645833333333332
1 0.3359375 0.4348958333333333 0.033854166666666664 0.026041666666666668
1 0.45703125 0.19661458333333334 0.044270833333333336 0.0234375
1 0.2721354166666667 0.63671875 0.020833333333333332 0.046875
1 0.3776041666666667 0.4114583333333333 0.0390625 0.0234375
1 0.4166666666666667 0.34375 0.015625 0.0390625
1 0.5169270833333334 0.28125 0.03125 0.0234375
1 0.35546875 0.5638020833333334 0.03125 0.03125
1 0.3255208333333333 0.625 0.0234375 0.03125
1 0.23177083333333334 0.23046875 0.0234375 0.0390625
1 0.6028645833333334 0.3567708333333333 0.036458333333333336 0.018229166666666668
1 0.453125 0.30078125 0.0234375 0.028645833333333332
1 0.3098958333333333 0.28125 0.020833333333333332 0.036458333333333336
1 0.3372395833333333 0.6783854166666666 0.026041666666666668 0.0625
1 0.546875 0.51171875 0.033854166666666664 0.0390625
1 0.4036458333333333 0.5234375 0.044270833333333336 0.026041666666666668
1 0.3229166666666667 0.5833333333333334 0.028645833333333332 0.033854166666666664
1 0.3190104166666667 0.5559895833333334 0.020833333333333332 0.0390625
1 0.6848958333333334 0.12630208333333334 0.0234375 0.052083333333333336
1 0.46484375 0.4244791666666667 0.03125 0.020833333333333332
1 0.4427083333333333 0.6106770833333334 0.033854166666666664 0.0390625
1 0.5572916666666666 0.2565104166666667 0.010416666666666666 0.041666666666666664
1 0.5260416666666666 0.484375 0.0390625 0.028645833333333332
1 0.5729166666666666 0.2890625 0.028645833333333332 0.044270833333333336
1 0.3697916666666667 0.4765625 0.026041666666666668 0.03125
1 0.4661458333333333 0.11848958333333333 0.0390625 0.036458333333333336
1 0.6276041666666666 0.22005208333333334 0.0234375 0.046875
1 0.3502604166666667 0.6458333333333334 0.041666666666666664 0.0234375
1 0.3046875 0.31640625 0.020833333333333332 0.020833333333333332
1 0.4270833333333333 0.21875 0.020833333333333332 0.028645833333333332
1 0.5950520833333334 0.3307291666666667 0.03125 0.020833333333333332
1 0.3723958333333333 0.3359375 0.020833333333333332 0.026041666666666668
1 0.6692708333333334 0.3203125 0.03125 0.049479166666666664
1 0.4609375 0.22916666666666666 0.028645833333333332 0.0390625
1 0.50390625 0.23307291666666666 0.013020833333333334 0.03125
1 0.4088541666666667 0.3919270833333333 0.028645833333333332 0.018229166666666668
1 0.5377604166666666 0.3541666666666667 0.020833333333333332 0.044270833333333336
1 0.3658854166666667 0.3203125 0.028645833333333332 0.036458333333333336
1 0.4244791666666667 0.62890625 0.036458333333333336 0.046875
1 0.3411458333333333 0.4609375 0.036458333333333336 0.033854166666666664
1 0.3372395833333333 0.5416666666666666 0.026041666666666668 0.041666666666666664
1 0.49609375 0.56640625 0.028645833333333332 0.033854166666666664
1 0.3072916666666667 0.6744791666666666 0.0390625 0.044270833333333336
1 0.3854166666666667 0.4869791666666667 0.03125 0.033854166666666664
1 0.3411458333333333 0.421875 0.026041666666666668 0.041666666666666664
1 0.3763020833333333 0.5169270833333334 0.0390625 0.026041666666666668
1 0.37109375 0.4401041666666667 0.026041666666666668 0.046875
1 0.5182291666666666 0.15885416666666666 0.026041666666666668 0.028645833333333332
1 0.4557291666666667 0.5182291666666666 0.0234375 0.036458333333333336
1 0.3815104166666667 0.6419270833333334 0.026041666666666668 0.0390625
1 0.44140625 0.515625 0.0234375 0.036458333333333336
1 0.5481770833333334 0.390625 0.018229166666666668 0.041666666666666664
1 0.359375 0.5325520833333334 0.036458333333333336 0.020833333333333332
1 0.453125 0.4348958333333333 0.033854166666666664 0.03125
1 0.5091145833333334 0.3020833333333333 0.0234375 0.036458333333333336
1 0.53515625 0.4166666666666667 0.015625 0.041666666666666664
1 0.43359375 0.3033854166666667 0.020833333333333332 0.044270833333333336
1 0.44140625 0.4765625 0.026041666666666668 0.036458333333333336
1 0.5130208333333334 0.1796875 0.015625 0.03125
1 0.5104166666666666 0.13541666666666666 0.015625 0.044270833333333336
1 0.3684895833333333 0.2604166666666667 0.015625 0.036458333333333336
1 0.4947916666666667 0.16145833333333334 0.015625 0.036458333333333336
1 0.2838541666666667 0.2760416666666667 0.028645833333333332 0.033854166666666664
1 0.3997395833333333 0.453125 0.015625 0.033854166666666664
1 0.2994791666666667 0.60546875 0.028645833333333332 0.036458333333333336
1 0.4114583333333333 0.5546875 0.041666666666666664 0.036458333333333336
1 0.52734375 0.21744791666666666 0.015625 0.033854166666666664
1 0.61328125 0.22265625 0.015625 0.041666666666666664
1 0.5755208333333334 0.47265625 0.03125 0.028645833333333332
1 0.55078125 0.2747395833333333 0.0234375 0.041666666666666664
1 0.4479166666666667 0.5651041666666666 0.026041666666666668 0.057291666666666664
1 0.3541666666666667 0.6276041666666666 0.026041666666666668 0.0234375
1 0.6497395833333334 0.15885416666666666 0.036458333333333336 0.033854166666666664
1 0.4036458333333333 0.2799479166666667 0.03125 0.0390625
1 0.6158854166666666 0.15755208333333334 0.028645833333333332 0.044270833333333336
1 0.4283854166666667 0.5286458333333334 0.0234375 0.046875
1 0.4427083333333333 0.3984375 0.028645833333333332 0.041666666666666664
1 0.4309895833333333 0.25390625 0.028645833333333332 0.026041666666666668
1 0.48046875 0.4036458333333333 0.026041666666666668 0.041666666666666664
1 0.4739583333333333 0.3515625 0.020833333333333332 0.052083333333333336
1 0.3450520833333333 0.6080729166666666 0.03125 0.020833333333333332
1 0.3359375 0.4895833333333333 0.036458333333333336 0.0546875
1 0.38671875 0.6171875 0.0234375 0.06770833333333333
1 0.3919270833333333 0.22135416666666666 0.03125 0.0390625
1 0.35546875 0.6575520833333334 0.028645833333333332 0.020833333333333332
1 0.4661458333333333 0.5182291666666666 0.028645833333333332 0.049479166666666664
1 0.5481770833333334 0.4635416666666667 0.010416666666666666 0.033854166666666664
1 0.49609375 0.5247395833333334 0.0234375 0.0390625
1 0.5143229166666666 0.4114583333333333 0.0234375 0.026041666666666668
1 0.4856770833333333 0.2721354166666667 0.015625 0.0390625
1 0.46875 0.28515625 0.018229166666666668 0.0390625
1 0.6770833333333334 0.18619791666666666 0.033854166666666664 0.0546875
1 0.5703125 0.4908854166666667 0.026041666666666668 0.049479166666666664
1 0.4140625 0.4661458333333333 0.028645833333333332 0.036458333333333336
1 0.44921875 0.3359375 0.018229166666666668 0.0390625
1 0.64453125 0.2747395833333333 0.0234375 0.041666666666666664
1 0.4401041666666667 0.3541666666666667 0.03125 0.036458333333333336
1 0.52734375 0.44921875 0.03125 0.036458333333333336
1 0.3619791666666667 0.5963541666666666 0.020833333333333332 0.028645833333333332
1 0.46484375 0.484375 0.018229166666666668 0.041666666666666664
1 0.4010416666666667 0.6145833333333334 0.018229166666666668 0.049479166666666664
1 0.5377604166666666 0.21484375 0.026041666666666668 0.041666666666666664
1 0.6106770833333334 0.3020833333333333 0.028645833333333332 0.028645833333333332
1 0.5729166666666666 0.4348958333333333 0.015625 0.044270833333333336
1 0.6276041666666666 0.2903645833333333 0.026041666666666668 0.057291666666666664
1 0.25390625 0.1796875 0.046875 0.036458333333333336
1 0.5130208333333334 0.3515625 0.018229166666666668 0.044270833333333336
1 0.6510416666666666 0.3229166666666667 0.015625 0.052083333333333336
1 0.4049479166666667 0.3059895833333333 0.033854166666666664 0.026041666666666668
1 0.4088541666666667 0.4153645833333333 0.018229166666666668 0.036458333333333336
1 0.5872395833333334 0.4361979166666667 0.020833333333333332 0.041666666666666664
1 0.3763020833333333 0.5572916666666666 0.028645833333333332 0.028645833333333332
1 0.2903645833333333 0.6458333333333334 0.026041666666666668 0.020833333333333332
1 0.421875 0.5 0.028645833333333332 0.028645833333333332
1 0.67578125 0.22916666666666666 0.0390625 0.036458333333333336
1 0.35546875 0.2903645833333333 0.026041666666666668 0.0390625
1 0.4205729166666667 0.4088541666666667 0.018229166666666668 0.049479166666666664
1 0.3307291666666667 0.3203125 0.028645833333333332 0.036458333333333336
1 0.4010416666666667 0.11067708333333333 0.015625 0.03125
1 0.6458333333333334 0.19401041666666666 0.020833333333333332 0.0390625
1 0.5559895833333334 0.4322916666666667 0.015625 0.0390625
1 0.50390625 0.38671875 0.0234375 0.036458333333333336
1 0.4986979166666667 0.2604166666666667 0.026041666666666668 0.03125
1 0.4895833333333333 0.5065104166666666 0.036458333333333336 0.0546875
1 0.3854166666666667 0.3463541666666667 0.044270833333333336 0.041666666666666664
1 0.3971354166666667 0.3671875 0.028645833333333332 0.026041666666666668
1 0.3880208333333333 0.578125 0.03125 0.020833333333333332
1 0.3385416666666667 0.3528645833333333 0.018229166666666668 0.036458333333333336
1 0.3098958333333333 0.5794270833333334 0.028645833333333332 0.059895833333333336
1 0.53515625 0.14322916666666666 0.018229166666666668 0.044270833333333336
1 0.48046875 0.4479166666666667 0.026041666666666668 0.049479166666666664
1 0.3515625 0.5859375 0.028645833333333332 0.036458333333333336
1 0.4739583333333333 0.16796875 0.018229166666666668 0.0390625
1 0.6380208333333334 0.3580729166666667 0.03125 0.020833333333333332
1 0.5611979166666666 0.38671875 0.020833333333333332 0.052083333333333336
1 0.4739583333333333 0.5611979166666666 0.033854166666666664 0.0390625
1 0.6171875 0.3307291666666667 0.03125 0.0234375
1 0.5625 0.3203125 0.0234375 0.015625
1 0.5833333333333334 0.4114583333333333 0.028645833333333332 0.0546875
1 0.5260416666666666 0.5130208333333334 0.028645833333333332 0.0234375
1 0.6432291666666666 0.3229166666666667 0.015625 0.046875
1 0.4075520833333333 0.22786458333333334 0.015625 0.0390625
1 0.3359375 0.57421875 0.0234375 0.028645833333333332
1 0.3841145833333333 0.39453125 0.0234375 0.028645833333333332
1 0.546875 0.4283854166666667 0.015625 0.0390625
1 0.4830729166666667 0.16927083333333334 0.013020833333333334 0.03125
1 0.5598958333333334 0.1484375 0.0234375 0.052083333333333336
1 0.6184895833333334 0.3151041666666667 0.028645833333333332 0.018229166666666668
1 0.3203125 0.65625 0.03125 0.0390625
1 0.2981770833333333 0.6354166666666666 0.026041666666666668 0.026041666666666668
1 0.4479166666666667 0.3619791666666667 0.020833333333333332 0.0234375
1 0.55859375 0.4934895833333333 0.020833333333333332 0.041666666666666664
1 0.4166666666666667 0.4401041666666667 0.020833333333333332 0.0234375
1 0.66015625 0.17447916666666666 0.03125 0.026041666666666668
1 0.4986979166666667 0.3723958333333333 0.020833333333333332 0.033854166666666664
1 0.4674479166666667 0.3450520833333333 0.015625 0.046875
1 0.3268229166666667 0.2955729166666667 0.03125 0.036458333333333336
1 0.4739583333333333 0.26953125 0.018229166666666668 0.036458333333333336
1 0.48828125 0.3645833333333333 0.020833333333333332 0.0390625
1 0.39453125 0.3346354166666667 0.028645833333333332 0.036458333333333336
1 0.5494791666666666 0.3072916666666667 0.028645833333333332 0.020833333333333332
1 0.5260416666666666 0.2604166666666667 0.026041666666666668 0.03125
1 0.48046875 0.3177083333333333 0.03125 0.03125
1 0.3984375 0.5625 0.018229166666666668 0.03125
1 0.4205729166666667 0.6041666666666666 0.018229166666666668 0.028645833333333332
1 0.6302083333333334 0.3802083333333333 0.033854166666666664 0.036458333333333336
1 0.6471354166666666 0.10807291666666667 0.033854166666666664 0.046875
1 0.4869791666666667 0.09114583333333333 0.020833333333333332 0.052083333333333336
1 0.44140625 0.19661458333333334 0.028645833333333332 0.049479166666666664
1 0.3958333333333333 0.28515625 0.026041666666666668 0.028645833333333332
1 0.3567708333333333 0.2682291666666667 0.0390625 0.046875
1 0.3528645833333333 0.4049479166666667 0.028645833333333332 0.018229166666666668
1 0.3971354166666667 0.5872395833333334 0.03125 0.018229166666666668
1 0.6106770833333334 0.3463541666666667 0.036458333333333336 0.018229166666666668
1 0.3828125 0.3723958333333333 0.0234375 0.020833333333333332
1 0.5247395833333334 0.3098958333333333 0.026041666666666668 0.0390625
1 0.5859375 0.07291666666666667 0.033854166666666664 0.0390625
1 0.5013020833333334 0.46875 0.036458333333333336 0.028645833333333332
1 0.4348958333333333 0.3372395833333333 0.0234375 0.033854166666666664
1 0.55078125 0.14322916666666666 0.0234375 0.049479166666666664
1 0.484375 0.1875 0.028645833333333332 0.026041666666666668
1 0.3658854166666667 0.2890625 0.026041666666666668 0.033854166666666664
1 0.578125 0.3567708333333333 0.026041666666666668 0.03125
1 0.6276041666666666 0.12109375 0.0234375 0.03125
1 0.47265625 0.38671875 0.028645833333333332 0.0234375
1 0.6276041666666666 0.10026041666666667 0.033854166666666664 0.0234375
1 0.3229166666666667 0.2708333333333333 0.018229166666666668 0.036458333333333336
1 0.3359375 0.3828125 0.018229166666666668 0.0234375
1 0.3125 0.6302083333333334 0.026041666666666668 0.033854166666666664
1 0.3619791666666667 0.15364583333333334 0.015625 0.028645833333333332
1 0.4453125 0.26953125 0.020833333333333332 0.044270833333333336
1 0.4973958333333333 0.13932291666666666 0.020833333333333332 0.018229166666666668
1 0.6067708333333334 0.12630208333333334 0.0234375 0.033854166666666664
1 0.3736979166666667 0.35546875 0.03125 0.03125
1 0.54296875 0.2890625 0.026041666666666668 0.03125
1 0.4622395833333333 0.5755208333333334 0.026041666666666668 0.0390625
1 0.66015625 0.11979166666666667 0.0234375 0.033854166666666664
1 0.4075520833333333 0.62109375 0.026041666666666668 0.057291666666666664
1 0.5924479166666666 0.16015625 0.020833333333333332 0.033854166666666664
1 0.33203125 0.4036458333333333 0.015625 0.0390625
1 0.4114583333333333 0.2682291666666667 0.020833333333333332 0.03125
1 0.53515625 0.47265625 0.028645833333333332 0.028645833333333332
1 0.4791666666666667 0.14322916666666666 0.0234375 0.028645833333333332
1 0.50390625 0.16536458333333334 0.015625 0.036458333333333336
1 0.5 0.19791666666666666 0.028645833333333332 0.0234375
1 0.3828125 0.21354166666666666 0.013020833333333334 0.036458333333333336
1 0.4440104166666667 0.375 0.026041666666666668 0.020833333333333332
1 0.38671875 0.30859375 0.026041666666666668 0.033854166666666664
1 0.43359375 0.58203125 0.0234375 0.041666666666666664
1 0.59375 0.05078125 0.028645833333333332 0.020833333333333332
1 0.4244791666666667 0.23046875 0.0234375 0.028645833333333332
1 0.4622395833333333 0.2578125 0.0234375 0.03125
1 0.33203125 0.44140625 0.028645833333333332 0.018229166666666668
1 0.39453125 0.625 0.020833333333333332 0.049479166666666664
1 0.3776041666666667 0.6184895833333334 0.015625 0.036458333333333336
1 0.4479166666666667 0.5364583333333334 0.028645833333333332 0.020833333333333332
1 0.6067708333333334 0.1796875 0.03125 0.018229166666666668
1 0.4622395833333333 0.0546875 0.026041666666666668 0.028645833333333332