1 0.4479166666666667 0.7291666666666666 0.033854166666666664 0.026041666666666668
1 0.5611979166666666 0.34765625 0.0234375 0.041666666666666664
1 0.6041666666666666 0.56640625 0.03125 0.0390625
1 0.4765625 0.640625 0.015625 0.046875
1 0.3841145833333333 0.5729166666666666 0.03125 0.036458333333333336
1 0.6236979166666666 0.4518229166666667 0.020833333333333332 0.0390625
1 0.3958333333333333 0.3984375 0.03125 0.026041666666666668
1 0.6106770833333334 0.50390625 0.03125 0.036458333333333336
1 0.4309895833333333 0.3723958333333333 0.0234375 0.020833333333333332
1 0.4479166666666667 0.38671875 0.026041666666666668 0.0234375
1 0.41796875 0.4388020833333333 0.026041666666666668 0.028645833333333332