1 0.6106770833333334 0.5703125 0.044270833333333336 0.06510416666666667
1 0.296875 0.5260416666666666 0.044270833333333336 0.036458333333333336
1 0.3932291666666667 0.71484375 0.049479166666666664 0.0625
1 0.23307291666666666 0.6002604166666666 0.036458333333333336 0.0546875
1 0.6744791666666666 0.50390625 0.0390625 0.059895833333333336
1 0.3125 0.3763020833333333 0.044270833333333336 0.033854166666666664
1 0.26953125 0.3411458333333333 0.041666666666666664 0.057291666666666664
1 0.5 0.6145833333333334 0.041666666666666664 0.059895833333333336
1 0.2734375 0.6028645833333334 0.049479166666666664 0.06510416666666667
1 0.4427083333333333 0.7604166666666666 0.0390625 0.057291666666666664
1 0.26171875 0.4947916666666667 0.0546875 0.0546875