1 0.6731770833333334 0.4765625 0.06510416666666667 0.125
1 0.7083333333333334 0.3580729166666667 0.06770833333333333 0.08333333333333333
1 0.57421875 0.2643229166666667 0.041666666666666664 0.109375
1 0.4270833333333333 0.140625 0.0546875 0.14322916666666666
1 0.90625 0.3294270833333333 0.041666666666666664 0.14583333333333334
1 0.7252604166666666 0.8619791666666666 0.049479166666666664 0.125
1 0.69140625 0.8489583333333334 0.08072916666666667 0.09895833333333333
1 0.44921875 0.4518229166666667 0.041666666666666664 0.125
1 0.87109375 0.4348958333333333 0.078125 0.13020833333333334
1 0.8919270833333334 0.6640625 0.0390625 0.1484375
1 0.7161458333333334 0.07682291666666667 0.0390625 0.13020833333333334