1 0.3125 0.22135416666666666 0.03125 0.015625
1 0.76171875 0.22135416666666666 0.036458333333333336 0.0234375
1 0.2877604166666667 0.3359375 0.0390625 0.026041666666666668
1 0.47265625 0.23697916666666666 0.0234375 0.018229166666666668
1 0.94921875 0.17708333333333334 0.044270833333333336 0.015625
1 0.5455729166666666 0.14192708333333334 0.044270833333333336 0.0234375
1 0.2903645833333333 0.4466145833333333 0.036458333333333336 0.015625
1 0.5481770833333334 0.4557291666666667 0.015625 0.026041666666666668
1 0.6510416666666666 0.5247395833333334 0.041666666666666664 0.020833333333333332
1 0.6497395833333334 0.51171875 0.028645833333333332 0.026041666666666668
1 0.3802083333333333 0.14583333333333334 0.036458333333333336 0.015625
1 0.6197916666666666 0.17578125 0.033854166666666664 0.013020833333333334
1 0.4921875 0.5286458333333334 0.026041666666666668 0.028645833333333332
1 0.4921875 0.2864583333333333 0.03125 0.026041666666666668
1 0.71875 0.3854166666666667 0.033854166666666664 0.026041666666666668
1 0.6197916666666666 0.4739583333333333 0.015625 0.026041666666666668
1 0.3658854166666667 0.07552083333333333 0.028645833333333332 0.026041666666666668
1 0.4895833333333333 0.23307291666666666 0.013020833333333334 0.026041666666666668
1 0.578125 0.26953125 0.033854166666666664 0.026041666666666668
1 0.34765625 0.3333333333333333 0.0234375 0.033854166666666664
1 0.3658854166666667 0.3333333333333333 0.020833333333333332 0.028645833333333332
1 0.3346354166666667 0.4192708333333333 0.033854166666666664 0.028645833333333332
1 0.6028645833333334 0.5065104166666666 0.036458333333333336 0.020833333333333332
1 0.5338541666666666 0.6028645833333334 0.036458333333333336 0.018229166666666668
1 0.3684895833333333 0.17317708333333334 0.033854166666666664 0.013020833333333334
1 0.6002604166666666 0.82421875 0.03125 0.036458333333333336
1 0.66796875 0.07552083333333333 0.036458333333333336 0.020833333333333332
1 0.4440104166666667 0.5598958333333334 0.033854166666666664 0.026041666666666668
1 0.4973958333333333 0.5833333333333334 0.018229166666666668 0.033854166666666664
1 0.5143229166666666 0.5846354166666666 0.0234375 0.033854166666666664
1 0.7747395833333334 0.09114583333333333 0.0390625 0.015625
1 0.2682291666666667 0.4544270833333333 0.033854166666666664 0.020833333333333332
1 0.5677083333333334 0.3841145833333333 0.036458333333333336 0.033854166666666664
1 0.7252604166666666 0.6783854166666666 0.026041666666666668 0.03125
1 0.5520833333333334 0.62109375 0.036458333333333336 0.018229166666666668