1 0.10286458333333333 0.4791666666666667 0.08854166666666667 0.1015625
1 0.2955729166666667 0.3671875 0.16145833333333334 0.06510416666666667
1 0.3450520833333333 0.5768229166666666 0.041666666666666664 0.026041666666666668
1 0.15234375 0.6328125 0.17708333333333334 0.125
1 0.12630208333333334 0.3723958333333333 0.2526041666666667 0.08854166666666667
1 0.2877604166666667 0.4153645833333333 0.171875 0.10677083333333333
1 0.5065104166666666 0.8229166666666666 0.1328125 0.15885416666666666
1 0.5234375 0.6705729166666666 0.16927083333333334 0.10677083333333333
1 0.3203125 0.6809895833333334 0.17708333333333334 0.1328125
1 0.16666666666666666 0.8229166666666666 0.12239583333333333 0.109375
0 0.5651041666666666 0.4375 0.3359375 0.13541666666666666