1 0.7408854166666666 0.8255208333333334 0.033854166666666664 0.041666666666666664
1 0.15755208333333334 0.5104166666666666 0.044270833333333336 0.026041666666666668
1 0.5833333333333334 0.7330729166666666 0.03125 0.028645833333333332
1 0.4830729166666667 0.6380208333333334 0.020833333333333332 0.036458333333333336
1 0.3541666666666667 0.90234375 0.041666666666666664 0.03125
1 0.4309895833333333 0.8671875 0.0234375 0.044270833333333336
1 0.4583333333333333 0.8450520833333334 0.036458333333333336 0.028645833333333332
1 0.57421875 0.4036458333333333 0.026041666666666668 0.049479166666666664
1 0.5286458333333334 0.7421875 0.036458333333333336 0.049479166666666664
1 0.6276041666666666 0.7708333333333334 0.03125 0.028645833333333332
1 0.671875 0.65234375 0.03125 0.049479166666666664
1 0.109375 0.6875 0.033854166666666664 0.049479166666666664
1 0.5182291666666666 0.6497395833333334 0.020833333333333332 0.041666666666666664
1 0.5325520833333334 0.61328125 0.026041666666666668 0.044270833333333336
1 0.4544270833333333 0.5260416666666666 0.0390625 0.036458333333333336
1 0.6315104166666666 0.578125 0.0390625 0.033854166666666664
1 0.3854166666666667 0.7890625 0.028645833333333332 0.046875
1 0.359375 0.8619791666666666 0.028645833333333332 0.0546875
1 0.3567708333333333 0.8450520833333334 0.033854166666666664 0.057291666666666664
1 0.4388020833333333 0.8997395833333334 0.044270833333333336 0.026041666666666668
1 0.4296875 0.9296875 0.0390625 0.049479166666666664
1 0.47265625 0.8736979166666666 0.0390625 0.03125
1 0.4908854166666667 0.8255208333333334 0.0390625 0.033854166666666664
1 0.3697916666666667 0.7682291666666666 0.033854166666666664 0.057291666666666664
1 0.08203125 0.6276041666666666 0.044270833333333336 0.026041666666666668
1 0.21875 0.5234375 0.036458333333333336 0.052083333333333336
1 0.4791666666666667 0.3984375 0.044270833333333336 0.044270833333333336
1 0.6432291666666666 0.4713541666666667 0.0390625 0.057291666666666664
1 0.6145833333333334 0.6770833333333334 0.0390625 0.0390625
1 0.4934895833333333 0.8515625 0.033854166666666664 0.03125
1 0.5 0.6041666666666666 0.03125 0.028645833333333332
1 0.4049479166666667 0.8059895833333334 0.03125 0.049479166666666664
1 0.3984375 0.7682291666666666 0.0234375 0.046875
1 0.5768229166666666 0.6927083333333334 0.041666666666666664 0.03125
1 0.6484375 0.875 0.044270833333333336 0.028645833333333332
1 0.13151041666666666 0.4453125 0.049479166666666664 0.044270833333333336
1 0.20703125 0.5520833333333334 0.036458333333333336 0.044270833333333336
1 0.3815104166666667 0.6770833333333334 0.036458333333333336 0.041666666666666664
1 0.4127604166666667 0.65625 0.0390625 0.0234375
1 0.5455729166666666 0.6223958333333334 0.03125 0.033854166666666664
1 0.6002604166666666 0.5885416666666666 0.0234375 0.049479166666666664
1 0.44921875 0.5 0.041666666666666664 0.03125
1 0.5611979166666666 0.38671875 0.033854166666666664 0.03125
1 0.6276041666666666 0.4479166666666667 0.028645833333333332 0.0390625
1 0.6770833333333334 0.4283854166666667 0.026041666666666668 0.046875
1 0.734375 0.5625 0.0390625 0.036458333333333336
1 0.6783854166666666 0.5494791666666666 0.036458333333333336 0.0390625
1 0.7747395833333334 0.375 0.028645833333333332 0.052083333333333336
1 0.765625 0.3268229166666667 0.033854166666666664 0.0546875
1 0.7942708333333334 0.44921875 0.0390625 0.03125
1 0.65625 0.4518229166666667 0.028645833333333332 0.044270833333333336
1 0.4765625 0.8489583333333334 0.020833333333333332 0.028645833333333332
1 0.24869791666666666 0.40234375 0.026041666666666668 0.052083333333333336
1 0.7109375 0.5533854166666666 0.036458333333333336 0.041666666666666664
1 0.38671875 0.8736979166666666 0.03125 0.044270833333333336
1 0.4518229166666667 0.7721354166666666 0.0234375 0.044270833333333336
1 0.5325520833333334 0.7734375 0.041666666666666664 0.0546875
1 0.07682291666666667 0.8528645833333334 0.033854166666666664 0.049479166666666664
1 0.15755208333333334 0.7122395833333334 0.018229166666666668 0.041666666666666664
1 0.2591145833333333 0.6302083333333334 0.0390625 0.044270833333333336
1 0.46484375 0.5924479166666666 0.03125 0.044270833333333336
1 0.4791666666666667 0.6080729166666666 0.0390625 0.046875
1 0.6067708333333334 0.609375 0.028645833333333332 0.046875
1 0.7330729166666666 0.5221354166666666 0.026041666666666668 0.049479166666666664
1 0.7643229166666666 0.3645833333333333 0.0234375 0.046875
1 0.7877604166666666 0.3763020833333333 0.028645833333333332 0.046875
1 0.6588541666666666 0.46484375 0.036458333333333336 0.044270833333333336
1 0.578125 0.7473958333333334 0.033854166666666664 0.026041666666666668
1 0.3919270833333333 0.7213541666666666 0.026041666666666668 0.046875
1 0.5286458333333334 0.72265625 0.03125 0.03125
1 0.69140625 0.65625 0.0390625 0.028645833333333332
1 0.20703125 0.4986979166666667 0.046875 0.036458333333333336
1 0.4296875 0.6302083333333334 0.044270833333333336 0.044270833333333336
1 0.4518229166666667 0.640625 0.03125 0.020833333333333332
1 0.5651041666666666 0.6328125 0.044270833333333336 0.026041666666666668
1 0.4986979166666667 0.3580729166666667 0.033854166666666664 0.044270833333333336
1 0.72265625 0.609375 0.028645833333333332 0.052083333333333336
1 0.765625 0.5690104166666666 0.036458333333333336 0.028645833333333332
1 0.6796875 0.3190104166666667 0.020833333333333332 0.041666666666666664
1 0.4986979166666667 0.6458333333333334 0.036458333333333336 0.044270833333333336
1 0.7356770833333334 0.7838541666666666 0.041666666666666664 0.044270833333333336
1 0.13802083333333334 0.6640625 0.0390625 0.033854166666666664
1 0.4375 0.609375 0.0390625 0.028645833333333332
1 0.5703125 0.5989583333333334 0.033854166666666664 0.026041666666666668
1 0.6471354166666666 0.55078125 0.03125 0.052083333333333336
1 0.73828125 0.6002604166666666 0.0234375 0.049479166666666664
1 0.7252604166666666 0.8216145833333334 0.0234375 0.0390625
1 0.421875 0.8671875 0.020833333333333332 0.044270833333333336
1 0.5572916666666666 0.7252604166666666 0.033854166666666664 0.033854166666666664
1 0.5572916666666666 0.60546875 0.015625 0.015625
1 0.3736979166666667 0.8606770833333334 0.03125 0.0546875
1 0.6106770833333334 0.4453125 0.03125 0.041666666666666664
1 0.5703125 0.7083333333333334 0.0390625 0.0234375
1 0.6575520833333334 0.63671875 0.036458333333333336 0.033854166666666664
1 0.14453125 0.7122395833333334 0.036458333333333336 0.07291666666666667
1 0.10026041666666667 0.6028645833333334 0.046875 0.03125
1 0.22265625 0.453125 0.044270833333333336 0.046875
1 0.5078125 0.625 0.033854166666666664 0.0234375
1 0.5208333333333334 0.6041666666666666 0.028645833333333332 0.044270833333333336
1 0.7513020833333334 0.37890625 0.033854166666666664 0.0546875
1 0.4348958333333333 0.4361979166666667 0.041666666666666664 0.0234375
1 0.22395833333333334 0.3854166666666667 0.03125 0.0390625
1 0.7161458333333334 0.58984375 0.026041666666666668 0.044270833333333336
1 0.70703125 0.8346354166666666 0.036458333333333336 0.041666666666666664
1 0.17578125 0.68359375 0.03125 0.052083333333333336
1 0.2708333333333333 0.60546875 0.03125 0.03125
1 0.5325520833333334 0.65625 0.028645833333333332 0.044270833333333336
1 0.5755208333333334 0.6184895833333334 0.03125 0.03125
1 0.7708333333333334 0.4088541666666667 0.03125 0.036458333333333336