1 0.421875 0.58984375 0.0625 0.052083333333333336
1 0.6692708333333334 0.6848958333333334 0.09635416666666667 0.09114583333333333
1 0.6171875 0.35546875 0.15885416666666666 0.12760416666666666
1 0.3671875 0.3268229166666667 0.06510416666666667 0.06770833333333333
1 0.3541666666666667 0.26171875 0.10416666666666667 0.0859375
1 0.7916666666666666 0.5846354166666666 0.13802083333333334 0.11197916666666667
1 0.5 0.51171875 0.08072916666666667 0.07552083333333333
1 0.18619791666666666 0.3528645833333333 0.125 0.08854166666666667
1 0.4830729166666667 0.3255208333333333 0.036458333333333336 0.026041666666666668
1 0.6145833333333334 0.60546875 0.08854166666666667 0.0703125
1 0.5559895833333334 0.5924479166666666 0.018229166666666668 0.015625
1 0.73828125 0.6614583333333334 0.12760416666666666 0.10416666666666667