0 0.41796875 0.9114583333333334 0.2109375 0.17708333333333334
0 0.14713541666666666 0.3515625 0.203125 0.17447916666666666
0 0.5377604166666666 0.6796875 0.234375 0.24739583333333334
0 0.9309895833333334 0.2708333333333333 0.13802083333333334 0.28125
0 0.5221354166666666 0.85546875 0.2421875 0.2578125
0 0.3619791666666667 0.4765625 0.23697916666666666 0.28125
0 0.3697916666666667 0.73046875 0.25 0.3203125
0 0.5143229166666666 0.3971354166666667 0.22135416666666666 0.2864583333333333
0 0.9609375 0.3385416666666667 0.078125 0.265625
0 0.7122395833333334 0.48828125 0.16666666666666666 0.2421875
0 0.6588541666666666 0.51953125 0.15625 0.28125
0 0.6315104166666666 0.6861979166666666 0.21875 0.22135416666666666
0 0.35546875 0.18229166666666666 0.21614583333333334 0.28125