1 0.4908854166666667 0.6497395833333334 0.078125 0.07291666666666667
1 0.4361979166666667 0.4322916666666667 0.0546875 0.0703125
1 0.4713541666666667 0.7903645833333334 0.08072916666666667 0.078125
1 0.41796875 0.4518229166666667 0.046875 0.052083333333333336
1 0.4036458333333333 0.5950520833333334 0.07552083333333333 0.08072916666666667
1 0.4921875 0.7486979166666666 0.09375 0.10416666666666667
1 0.2877604166666667 0.7513020833333334 0.06510416666666667 0.09114583333333333
1 0.4427083333333333 0.4596354166666667 0.044270833333333336 0.0625
1 0.4309895833333333 0.5299479166666666 0.057291666666666664 0.08072916666666667
1 0.4713541666666667 0.6458333333333334 0.10677083333333333 0.13802083333333334
1 0.4479166666666667 0.48046875 0.0390625 0.036458333333333336
1 0.3580729166666667 0.5729166666666666 0.06770833333333333 0.0859375
1 0.32421875 0.5611979166666666 0.08072916666666667 0.09895833333333333
1 0.3854166666666667 0.6888020833333334 0.09114583333333333 0.10416666666666667
1 0.3658854166666667 0.77734375 0.052083333333333336 0.06510416666666667
1 0.4466145833333333 0.39453125 0.08854166666666667 0.09114583333333333
1 0.4127604166666667 0.5247395833333334 0.057291666666666664 0.078125
1 0.4036458333333333 0.4622395833333333 0.07552083333333333 0.07291666666666667
1 0.4622395833333333 0.73046875 0.0703125 0.06770833333333333
1 0.3346354166666667 0.7786458333333334 0.09375 0.11458333333333333
1 0.3125 0.7552083333333334 0.08072916666666667 0.10677083333333333
1 0.2591145833333333 0.8736979166666666 0.08333333333333333 0.11979166666666667
1 0.3359375 0.5807291666666666 0.052083333333333336 0.06510416666666667
1 0.4296875 0.63671875 0.059895833333333336 0.07552083333333333