1 0.14192708333333334 0.6354166666666666 0.036458333333333336 0.044270833333333336
1 0.9700520833333334 0.46484375 0.0234375 0.036458333333333336
1 0.6002604166666666 0.87109375 0.026041666666666668 0.0234375
1 0.80859375 0.5638020833333334 0.0234375 0.03125
1 0.6302083333333334 0.3385416666666667 0.020833333333333332 0.03125
1 0.5520833333333334 0.5169270833333334 0.028645833333333332 0.028645833333333332
1 0.21614583333333334 0.3268229166666667 0.028645833333333332 0.03125
1 0.22395833333333334 0.4401041666666667 0.026041666666666668 0.026041666666666668
1 0.4153645833333333 0.2864583333333333 0.0390625 0.059895833333333336
1 0.3489583333333333 0.5989583333333334 0.041666666666666664 0.041666666666666664
1 0.7604166666666666 0.578125 0.0234375 0.033854166666666664
1 0.2630208333333333 0.7174479166666666 0.033854166666666664 0.036458333333333336
1 0.4609375 0.3411458333333333 0.036458333333333336 0.0390625
1 0.3684895833333333 0.4635416666666667 0.03125 0.03125
1 0.12760416666666666 0.6888020833333334 0.0234375 0.020833333333333332
1 0.4505208333333333 0.3138020833333333 0.0390625 0.0390625
1 0.3515625 0.6354166666666666 0.026041666666666668 0.0234375
1 0.15625 0.68359375 0.044270833333333336 0.046875
1 0.34375 0.6510416666666666 0.044270833333333336 0.041666666666666664