1 0.5520833333333334 0.515625 0.057291666666666664 0.059895833333333336
1 0.5729166666666666 0.4036458333333333 0.08854166666666667 0.08333333333333333
1 0.140625 0.6067708333333334 0.078125 0.10677083333333333
1 0.4088541666666667 0.83984375 0.07291666666666667 0.059895833333333336
1 0.578125 0.5846354166666666 0.07552083333333333 0.0625
1 0.5638020833333334 0.5598958333333334 0.0859375 0.059895833333333336
1 0.49609375 0.5729166666666666 0.07291666666666667 0.059895833333333336
1 0.5794270833333334 0.4635416666666667 0.06510416666666667 0.08854166666666667
1 0.3854166666666667 0.8606770833333334 0.08072916666666667 0.06770833333333333
1 0.5924479166666666 0.64453125 0.0859375 0.0859375
1 0.46875 0.7018229166666666 0.08854166666666667 0.07552083333333333
1 0.46875 0.4479166666666667 0.07552083333333333 0.09375
1 0.38671875 0.5755208333333334 0.07552083333333333 0.09635416666666667
1 0.1953125 0.66796875 0.09375 0.078125
1 0.5638020833333334 0.9049479166666666 0.07291666666666667 0.09895833333333333
1 0.5442708333333334 0.6940104166666666 0.0859375 0.10677083333333333
1 0.5143229166666666 0.4921875 0.0625 0.07291666666666667
1 0.609375 0.46875 0.06770833333333333 0.08854166666666667
1 0.5078125 0.4036458333333333 0.08072916666666667 0.08854166666666667
1 0.3216145833333333 0.52734375 0.078125 0.09375
1 0.13802083333333334 0.7890625 0.078125 0.10677083333333333
1 0.5794270833333334 0.23567708333333334 0.09635416666666667 0.09114583333333333
1 0.58984375 0.515625 0.0703125 0.0625
1 0.4791666666666667 0.5078125 0.0625 0.06770833333333333
1 0.5325520833333334 0.4583333333333333 0.0703125 0.06510416666666667
1 0.3684895833333333 0.4778645833333333 0.057291666666666664 0.059895833333333336
1 0.5104166666666666 0.54296875 0.049479166666666664 0.0546875
1 0.5546875 0.7122395833333334 0.07291666666666667 0.10416666666666667
1 0.5052083333333334 0.6536458333333334 0.09895833333333333 0.09375
1 0.4973958333333333 0.4817708333333333 0.06510416666666667 0.07552083333333333
1 0.6223958333333334 0.3932291666666667 0.06510416666666667 0.09114583333333333
1 0.18098958333333334 0.7122395833333334 0.06510416666666667 0.0859375
1 0.58203125 0.81640625 0.078125 0.09635416666666667
1 0.5716145833333334 0.734375 0.07552083333333333 0.10677083333333333
1 0.6015625 0.9817708333333334 0.10416666666666667 0.036458333333333336
1 0.54296875 0.58203125 0.06770833333333333 0.057291666666666664
1 0.6067708333333334 0.5625 0.059895833333333336 0.06510416666666667
1 0.5299479166666666 0.5065104166666666 0.0625 0.07291666666666667
1 0.08723958333333333 0.6953125 0.08072916666666667 0.09375
1 0.3229166666666667 0.8515625 0.0859375 0.09635416666666667
1 0.5625 0.46875 0.06510416666666667 0.078125
1 0.13411458333333334 0.734375 0.078125 0.1015625
1 0.546875 0.7981770833333334 0.0703125 0.1015625
1 0.6145833333333334 0.8203125 0.09114583333333333 0.09895833333333333