1 0.4830729166666667 0.6809895833333334 0.028645833333333332 0.0390625
1 0.4296875 0.6145833333333334 0.033854166666666664 0.03125
1 0.5377604166666666 0.5494791666666666 0.033854166666666664 0.036458333333333336
1 0.6263020833333334 0.6341145833333334 0.026041666666666668 0.046875
1 0.453125 0.66015625 0.018229166666666668 0.0390625
1 0.3854166666666667 0.51953125 0.0234375 0.041666666666666664
1 0.37109375 0.5013020833333334 0.020833333333333332 0.057291666666666664
1 0.4479166666666667 0.18880208333333334 0.03125 0.046875
1 0.4934895833333333 0.23046875 0.03125 0.036458333333333336
1 0.6158854166666666 0.42578125 0.03125 0.0390625
1 0.3919270833333333 0.3111979166666667 0.028645833333333332 0.041666666666666664
1 0.48828125 0.3932291666666667 0.028645833333333332 0.028645833333333332
1 0.5091145833333334 0.39453125 0.028645833333333332 0.046875
1 0.51953125 0.19010416666666666 0.03125 0.03125
1 0.5755208333333334 0.6002604166666666 0.03125 0.028645833333333332
1 0.49609375 0.14583333333333334 0.03125 0.046875
1 0.53125 0.6393229166666666 0.0234375 0.0546875
1 0.4856770833333333 0.6223958333333334 0.028645833333333332 0.046875
1 0.4127604166666667 0.5377604166666666 0.026041666666666668 0.041666666666666664
1 0.4440104166666667 0.6575520833333334 0.020833333333333332 0.046875
1 0.3658854166666667 0.4466145833333333 0.0234375 0.046875
1 0.3671875 0.3411458333333333 0.026041666666666668 0.0390625
1 0.5325520833333334 0.3828125 0.033854166666666664 0.044270833333333336
1 0.5807291666666666 0.3658854166666667 0.020833333333333332 0.049479166666666664
1 0.6119791666666666 0.3815104166666667 0.03125 0.0390625
1 0.6796875 0.5299479166666666 0.033854166666666664 0.044270833333333336
1 0.51171875 0.65625 0.03125 0.046875
1 0.6328125 0.5989583333333334 0.0390625 0.041666666666666664
1 0.4401041666666667 0.3541666666666667 0.0234375 0.036458333333333336
1 0.3763020833333333 0.4947916666666667 0.018229166666666668 0.046875
1 0.37890625 0.4440104166666667 0.028645833333333332 0.046875
1 0.3958333333333333 0.48046875 0.028645833333333332 0.049479166666666664
1 0.4583333333333333 0.3177083333333333 0.026041666666666668 0.046875
1 0.4986979166666667 0.2734375 0.028645833333333332 0.057291666666666664
1 0.4088541666666667 0.23828125 0.033854166666666664 0.049479166666666664
1 0.4505208333333333 0.15234375 0.0390625 0.044270833333333336
1 0.7083333333333334 0.5481770833333334 0.033854166666666664 0.046875
1 0.6354166666666666 0.61328125 0.020833333333333332 0.046875
1 0.3932291666666667 0.5625 0.026041666666666668 0.036458333333333336
1 0.5963541666666666 0.3828125 0.03125 0.046875
1 0.48046875 0.37109375 0.044270833333333336 0.0390625
1 0.4153645833333333 0.5572916666666666 0.026041666666666668 0.044270833333333336
1 0.4296875 0.3723958333333333 0.026041666666666668 0.049479166666666664
1 0.5703125 0.3450520833333333 0.020833333333333332 0.036458333333333336
1 0.5768229166666666 0.7890625 0.036458333333333336 0.046875
1 0.5559895833333334 0.6783854166666666 0.033854166666666664 0.059895833333333336
1 0.6158854166666666 0.63671875 0.028645833333333332 0.036458333333333336
1 0.3697916666666667 0.36328125 0.036458333333333336 0.036458333333333336
1 0.40625 0.3802083333333333 0.033854166666666664 0.052083333333333336
1 0.4270833333333333 0.3489583333333333 0.0234375 0.046875
1 0.5260416666666666 0.2955729166666667 0.03125 0.0390625
1 0.4596354166666667 0.19270833333333334 0.028645833333333332 0.057291666666666664
1 0.6744791666666666 0.4986979166666667 0.033854166666666664 0.036458333333333336
1 0.47265625 0.23307291666666666 0.033854166666666664 0.041666666666666664
1 0.5768229166666666 0.703125 0.026041666666666668 0.046875
1 0.48046875 0.5859375 0.026041666666666668 0.044270833333333336
1 0.5299479166666666 0.4817708333333333 0.028645833333333332 0.036458333333333336
1 0.6432291666666666 0.6627604166666666 0.036458333333333336 0.0546875
1 0.36328125 0.4583333333333333 0.033854166666666664 0.036458333333333336
1 0.40625 0.46484375 0.026041666666666668 0.044270833333333336
1 0.4348958333333333 0.3294270833333333 0.033854166666666664 0.0390625
1 0.4791666666666667 0.24479166666666666 0.026041666666666668 0.046875
1 0.4309895833333333 0.24739583333333334 0.0390625 0.0625
1 0.51953125 0.23307291666666666 0.036458333333333336 0.036458333333333336
1 0.5768229166666666 0.2942708333333333 0.028645833333333332 0.044270833333333336
1 0.6822916666666666 0.4231770833333333 0.0234375 0.0546875
1 0.66796875 0.5651041666666666 0.018229166666666668 0.036458333333333336
1 0.65625 0.4791666666666667 0.028645833333333332 0.049479166666666664
1 0.359375 0.25390625 0.026041666666666668 0.049479166666666664
1 0.37890625 0.33984375 0.03125 0.057291666666666664
1 0.375 0.3151041666666667 0.0234375 0.0625
1 0.4140625 0.3294270833333333 0.0234375 0.052083333333333336
1 0.671875 0.4388020833333333 0.03125 0.057291666666666664
1 0.6067708333333334 0.5755208333333334 0.028645833333333332 0.03125
1 0.65234375 0.55859375 0.03125 0.033854166666666664
1 0.4231770833333333 0.2669270833333333 0.026041666666666668 0.0390625
1 0.5546875 0.4973958333333333 0.036458333333333336 0.041666666666666664
1 0.6028645833333334 0.4427083333333333 0.026041666666666668 0.059895833333333336
1 0.3671875 0.5286458333333334 0.03125 0.044270833333333336
1 0.4557291666666667 0.34765625 0.033854166666666664 0.028645833333333332
1 0.48828125 0.17708333333333334 0.028645833333333332 0.0390625
1 0.55078125 0.31640625 0.026041666666666668 0.0625
1 0.66015625 0.5833333333333334 0.033854166666666664 0.036458333333333336
1 0.6328125 0.5768229166666666 0.028645833333333332 0.0546875
1 0.5846354166666666 0.61328125 0.033854166666666664 0.03125
1 0.6770833333333334 0.5611979166666666 0.033854166666666664 0.046875
1 0.5078125 0.3802083333333333 0.033854166666666664 0.036458333333333336
1 0.44140625 0.23046875 0.036458333333333336 0.0390625
1 0.5 0.20833333333333334 0.026041666666666668 0.0390625
1 0.51953125 0.2109375 0.033854166666666664 0.036458333333333336
1 0.62109375 0.5677083333333334 0.026041666666666668 0.052083333333333336
1 0.5143229166666666 0.375 0.020833333333333332 0.0546875
1 0.65625 0.5325520833333334 0.0234375 0.020833333333333332
1 0.6002604166666666 0.71875 0.033854166666666664 0.06510416666666667
1 0.5325520833333334 0.515625 0.03125 0.0390625
1 0.390625 0.3307291666666667 0.028645833333333332 0.041666666666666664
1 0.4752604166666667 0.19791666666666666 0.03125 0.052083333333333336
1 0.69921875 0.4296875 0.036458333333333336 0.06510416666666667
1 0.6627604166666666 0.5247395833333334 0.028645833333333332 0.036458333333333336
1 0.40234375 0.5559895833333334 0.026041666666666668 0.033854166666666664
1 0.4453125 0.3671875 0.03125 0.041666666666666664
1 0.69140625 0.4739583333333333 0.026041666666666668 0.052083333333333336
1 0.6119791666666666 0.4114583333333333 0.0390625 0.03125
1 0.6184895833333334 0.6549479166666666 0.026041666666666668 0.049479166666666664
1 0.6223958333333334 0.3997395833333333 0.0234375 0.052083333333333336
1 0.5104166666666666 0.6263020833333334 0.0234375 0.0546875
1 0.4583333333333333 0.640625 0.03125 0.0546875
1 0.47265625 0.5572916666666666 0.0234375 0.033854166666666664
1 0.51171875 0.5208333333333334 0.03125 0.046875
1 0.3971354166666667 0.4427083333333333 0.03125 0.049479166666666664
1 0.3424479166666667 0.3515625 0.028645833333333332 0.052083333333333336
1 0.3541666666666667 0.3216145833333333 0.028645833333333332 0.046875
1 0.4205729166666667 0.3815104166666667 0.0234375 0.057291666666666664
1 0.4388020833333333 0.3125 0.026041666666666668 0.036458333333333336
1 0.5 0.3385416666666667 0.03125 0.0546875
1 0.4440104166666667 0.20963541666666666 0.036458333333333336 0.026041666666666668
1 0.50390625 0.17838541666666666 0.036458333333333336 0.0390625
1 0.5885416666666666 0.3255208333333333 0.028645833333333332 0.0546875
1 0.6419270833333334 0.3958333333333333 0.03125 0.0390625
1 0.6536458333333334 0.5013020833333334 0.036458333333333336 0.036458333333333336
1 0.5703125 0.3619791666666667 0.028645833333333332 0.049479166666666664
1 0.5885416666666666 0.4661458333333333 0.028645833333333332 0.052083333333333336
1 0.578125 0.3385416666666667 0.0234375 0.046875
1 0.3997395833333333 0.54296875 0.018229166666666668 0.028645833333333332