1 0.4661458333333333 0.3528645833333333 0.08072916666666667 0.09375
1 0.3203125 0.4153645833333333 0.10677083333333333 0.08854166666666667
1 0.58203125 0.5416666666666666 0.08333333333333333 0.09375
1 0.3359375 0.51171875 0.11197916666666667 0.09375
1 0.58984375 0.8424479166666666 0.052083333333333336 0.07291666666666667
1 0.35546875 0.6171875 0.1015625 0.109375
1 0.58984375 0.7942708333333334 0.078125 0.06770833333333333
1 0.6106770833333334 0.6184895833333334 0.059895833333333336 0.09375
1 0.3294270833333333 0.6653645833333334 0.0859375 0.09375
1 0.3880208333333333 0.18619791666666666 0.08854166666666667 0.13020833333333334
1 0.6354166666666666 0.6744791666666666 0.08854166666666667 0.078125
1 0.3346354166666667 0.6380208333333334 0.09895833333333333 0.1015625
1 0.5716145833333334 0.3723958333333333 0.07552083333333333 0.09375
1 0.4505208333333333 0.28515625 0.109375 0.13541666666666666
1 0.3372395833333333 0.4583333333333333 0.10677083333333333 0.07291666666666667
1 0.4309895833333333 0.3619791666666667 0.07552083333333333 0.12239583333333333