1 0.34765625 0.2786458333333333 0.028645833333333332 0.046875
1 0.4609375 0.4270833333333333 0.020833333333333332 0.046875
1 0.5859375 0.296875 0.026041666666666668 0.033854166666666664
1 0.6770833333333334 0.6848958333333334 0.028645833333333332 0.046875
1 0.2265625 0.7122395833333334 0.033854166666666664 0.0390625
1 0.5494791666666666 0.4427083333333333 0.0234375 0.052083333333333336
1 0.33984375 0.3450520833333333 0.020833333333333332 0.041666666666666664
1 0.3658854166666667 0.3854166666666667 0.015625 0.041666666666666664
1 0.4544270833333333 0.3645833333333333 0.018229166666666668 0.036458333333333336
1 0.20963541666666666 0.50390625 0.033854166666666664 0.028645833333333332
1 0.20182291666666666 0.5455729166666666 0.020833333333333332 0.049479166666666664
1 0.2877604166666667 0.5078125 0.03125 0.033854166666666664
1 0.7447916666666666 0.375 0.0234375 0.0546875
1 0.10026041666666667 0.890625 0.026041666666666668 0.041666666666666664
1 0.45703125 0.6861979166666666 0.041666666666666664 0.033854166666666664
1 0.33984375 0.8333333333333334 0.020833333333333332 0.052083333333333336
1 0.3984375 0.6184895833333334 0.044270833333333336 0.028645833333333332
1 0.5104166666666666 0.89453125 0.0234375 0.03125
1 0.4361979166666667 0.25390625 0.0234375 0.018229166666666668
1 0.4010416666666667 0.2838541666666667 0.028645833333333332 0.049479166666666664
1 0.359375 0.2786458333333333 0.018229166666666668 0.033854166666666664
1 0.4361979166666667 0.3307291666666667 0.026041666666666668 0.0234375
1 0.5390625 0.4973958333333333 0.03125 0.026041666666666668
1 0.6302083333333334 0.328125 0.0234375 0.020833333333333332
1 0.609375 0.4088541666666667 0.03125 0.015625
1 0.2903645833333333 0.484375 0.0390625 0.03125
1 0.48828125 0.6106770833333334 0.026041666666666668 0.046875
1 0.5755208333333334 0.5768229166666666 0.020833333333333332 0.041666666666666664
1 0.6809895833333334 0.9153645833333334 0.044270833333333336 0.026041666666666668
1 0.2942708333333333 0.2513020833333333 0.018229166666666668 0.0234375
1 0.3111979166666667 0.359375 0.036458333333333336 0.020833333333333332
1 0.3684895833333333 0.4309895833333333 0.018229166666666668 0.046875
1 0.42578125 0.3072916666666667 0.020833333333333332 0.026041666666666668
1 0.3671875 0.2981770833333333 0.028645833333333332 0.03125
1 0.26953125 0.3346354166666667 0.020833333333333332 0.049479166666666664
1 0.5859375 0.90625 0.0234375 0.028645833333333332
1 0.2786458333333333 0.1015625 0.049479166666666664 0.041666666666666664
1 0.4700520833333333 0.2643229166666667 0.020833333333333332 0.046875
1 0.2604166666666667 0.2890625 0.015625 0.033854166666666664
1 0.3841145833333333 0.2877604166666667 0.013020833333333334 0.041666666666666664
1 0.4466145833333333 0.2994791666666667 0.026041666666666668 0.026041666666666668
1 0.4557291666666667 0.21614583333333334 0.018229166666666668 0.044270833333333336
1 0.38671875 0.3880208333333333 0.03125 0.0234375
1 0.5065104166666666 0.4401041666666667 0.018229166666666668 0.044270833333333336
1 0.5677083333333334 0.5091145833333334 0.033854166666666664 0.044270833333333336
1 0.515625 0.390625 0.020833333333333332 0.018229166666666668
1 0.63671875 0.3111979166666667 0.0234375 0.033854166666666664
1 0.5078125 0.9361979166666666 0.033854166666666664 0.033854166666666664
1 0.4270833333333333 0.9166666666666666 0.013020833333333334 0.059895833333333336
1 0.27734375 0.2747395833333333 0.03125 0.033854166666666664
1 0.22395833333333334 0.19270833333333334 0.041666666666666664 0.052083333333333336
1 0.2513020833333333 0.24348958333333334 0.026041666666666668 0.018229166666666668
1 0.3541666666666667 0.37890625 0.018229166666666668 0.041666666666666664
1 0.4270833333333333 0.4361979166666667 0.033854166666666664 0.036458333333333336
1 0.4895833333333333 0.4440104166666667 0.026041666666666668 0.036458333333333336
1 0.46484375 0.4973958333333333 0.028645833333333332 0.028645833333333332
1 0.4453125 0.4700520833333333 0.020833333333333332 0.036458333333333336
1 0.69140625 0.3984375 0.026041666666666668 0.044270833333333336
1 0.4635416666666667 0.5247395833333334 0.03125 0.033854166666666664
1 0.6028645833333334 0.6666666666666666 0.026041666666666668 0.0546875
1 0.6028645833333334 0.71875 0.026041666666666668 0.059895833333333336
1 0.36328125 0.8138020833333334 0.041666666666666664 0.041666666666666664
1 0.39453125 0.76953125 0.026041666666666668 0.049479166666666664
1 0.2552083333333333 0.08854166666666667 0.020833333333333332 0.0390625
1 0.4440104166666667 0.20703125 0.026041666666666668 0.028645833333333332
1 0.4778645833333333 0.390625 0.0234375 0.036458333333333336
1 0.48828125 0.42578125 0.026041666666666668 0.0234375
1 0.4505208333333333 0.4466145833333333 0.020833333333333332 0.036458333333333336
1 0.55859375 0.4791666666666667 0.0390625 0.028645833333333332
1 0.5885416666666666 0.4635416666666667 0.026041666666666668 0.049479166666666664
1 0.46484375 0.14192708333333334 0.041666666666666664 0.049479166666666664
1 0.22005208333333334 0.5403645833333334 0.020833333333333332 0.049479166666666664
1 0.16796875 0.6106770833333334 0.033854166666666664 0.041666666666666664
1 0.6106770833333334 0.7903645833333334 0.026041666666666668 0.052083333333333336
1 0.3450520833333333 0.765625 0.036458333333333336 0.03125
1 0.3932291666666667 0.9114583333333334 0.026041666666666668 0.041666666666666664
1 0.3020833333333333 0.33203125 0.036458333333333336 0.0234375
1 0.41015625 0.26171875 0.033854166666666664 0.03125
1 0.4557291666666667 0.2591145833333333 0.020833333333333332 0.044270833333333336
1 0.76953125 0.6328125 0.0234375 0.052083333333333336
1 0.59765625 0.53125 0.041666666666666664 0.033854166666666664
1 0.3151041666666667 0.5559895833333334 0.03125 0.049479166666666664
1 0.13932291666666666 0.8971354166666666 0.028645833333333332 0.046875
1 0.13020833333333334 0.7734375 0.046875 0.049479166666666664
1 0.16536458333333334 0.8997395833333334 0.041666666666666664 0.044270833333333336
1 0.51171875 0.8359375 0.028645833333333332 0.052083333333333336
1 0.60546875 0.9166666666666666 0.028645833333333332 0.028645833333333332
1 0.13020833333333334 0.81640625 0.028645833333333332 0.049479166666666664