1 0.4153645833333333 0.5182291666666666 0.033854166666666664 0.020833333333333332
1 0.22265625 0.515625 0.026041666666666668 0.026041666666666668
1 0.2565104166666667 0.5364583333333334 0.033854166666666664 0.033854166666666664
1 0.37109375 0.80078125 0.018229166666666668 0.018229166666666668
1 0.3658854166666667 0.5221354166666666 0.026041666666666668 0.026041666666666668
1 0.3528645833333333 0.4674479166666667 0.033854166666666664 0.0234375
1 0.38671875 0.4895833333333333 0.03125 0.020833333333333332
1 0.34765625 0.48046875 0.03125 0.0234375
1 0.3424479166666667 0.4856770833333333 0.033854166666666664 0.026041666666666668
1 0.40625 0.4895833333333333 0.041666666666666664 0.026041666666666668
1 0.3658854166666667 0.46484375 0.044270833333333336 0.028645833333333332
1 0.30078125 0.4388020833333333 0.036458333333333336 0.033854166666666664
1 0.2591145833333333 0.42578125 0.033854166666666664 0.033854166666666664
1 0.4973958333333333 0.5403645833333334 0.0390625 0.026041666666666668
1 0.4934895833333333 0.5481770833333334 0.036458333333333336 0.020833333333333332
1 0.5520833333333334 0.4934895833333333 0.0234375 0.026041666666666668
1 0.6028645833333334 0.375 0.03125 0.03125
1 0.6184895833333334 0.3841145833333333 0.028645833333333332 0.033854166666666664
1 0.7044270833333334 0.3776041666666667 0.018229166666666668 0.0234375
1 0.6927083333333334 0.3854166666666667 0.020833333333333332 0.0234375
1 0.7122395833333334 0.36328125 0.028645833333333332 0.020833333333333332
1 0.7200520833333334 0.3567708333333333 0.036458333333333336 0.028645833333333332
1 0.6015625 0.3606770833333333 0.018229166666666668 0.018229166666666668
1 0.6223958333333334 0.33984375 0.028645833333333332 0.020833333333333332
1 0.5768229166666666 0.32421875 0.026041666666666668 0.028645833333333332
1 0.4986979166666667 0.3229166666666667 0.033854166666666664 0.026041666666666668
1 0.4817708333333333 0.4947916666666667 0.036458333333333336 0.0234375
1 0.42578125 0.3619791666666667 0.033854166666666664 0.026041666666666668
1 0.4140625 0.37109375 0.028645833333333332 0.020833333333333332
1 0.4609375 0.3489583333333333 0.026041666666666668 0.020833333333333332
1 0.4505208333333333 0.3541666666666667 0.033854166666666664 0.020833333333333332
1 0.4466145833333333 0.3802083333333333 0.03125 0.0234375
1 0.453125 0.3671875 0.033854166666666664 0.026041666666666668
1 0.4466145833333333 0.3958333333333333 0.033854166666666664 0.0234375
1 0.44921875 0.4166666666666667 0.028645833333333332 0.020833333333333332
1 0.4192708333333333 0.40234375 0.036458333333333336 0.026041666666666668
1 0.4765625 0.4231770833333333 0.026041666666666668 0.018229166666666668
1 0.47265625 0.3932291666666667 0.0390625 0.028645833333333332
1 0.4934895833333333 0.4166666666666667 0.036458333333333336 0.0234375
1 0.4361979166666667 0.40234375 0.03125 0.020833333333333332
1 0.5234375 0.41796875 0.026041666666666668 0.028645833333333332
1 0.47265625 0.61328125 0.033854166666666664 0.033854166666666664
1 0.5091145833333334 0.6471354166666666 0.0390625 0.026041666666666668
1 0.546875 0.6966145833333334 0.0234375 0.0234375
1 0.6223958333333334 0.6848958333333334 0.026041666666666668 0.028645833333333332
1 0.5690104166666666 0.70703125 0.036458333333333336 0.0234375
1 0.49609375 0.6549479166666666 0.0234375 0.0234375
1 0.3763020833333333 0.7174479166666666 0.03125 0.028645833333333332
1 0.53515625 0.7434895833333334 0.026041666666666668 0.03125
1 0.2799479166666667 0.66015625 0.033854166666666664 0.0234375
1 0.2916666666666667 0.6588541666666666 0.0234375 0.026041666666666668
1 0.2643229166666667 0.6276041666666666 0.041666666666666664 0.026041666666666668
1 0.2747395833333333 0.6197916666666666 0.026041666666666668 0.026041666666666668
1 0.2708333333333333 0.6458333333333334 0.0234375 0.0234375
1 0.26953125 0.66796875 0.033854166666666664 0.020833333333333332
1 0.4192708333333333 0.7565104166666666 0.0234375 0.028645833333333332
1 0.4375 0.7630208333333334 0.033854166666666664 0.03125
1 0.3502604166666667 0.4192708333333333 0.046875 0.033854166666666664
1 0.3424479166666667 0.4309895833333333 0.046875 0.03125
1 0.3971354166666667 0.4036458333333333 0.033854166666666664 0.03125
1 0.45703125 0.46875 0.033854166666666664 0.03125
1 0.53515625 0.4947916666666667 0.03125 0.03125
1 0.4635416666666667 0.640625 0.0234375 0.026041666666666668
1 0.5572916666666666 0.6315104166666666 0.026041666666666668 0.026041666666666668
1 0.55859375 0.6875 0.044270833333333336 0.028645833333333332
1 0.48046875 0.65234375 0.03125 0.03125
1 0.4752604166666667 0.52734375 0.033854166666666664 0.0234375
1 0.5755208333333334 0.6080729166666666 0.0234375 0.0234375
1 0.5963541666666666 0.6197916666666666 0.036458333333333336 0.0234375
1 0.6236979166666666 0.6458333333333334 0.036458333333333336 0.036458333333333336
1 0.5611979166666666 0.5833333333333334 0.044270833333333336 0.028645833333333332
1 0.5598958333333334 0.58984375 0.0390625 0.020833333333333332
1 0.5455729166666666 0.5989583333333334 0.03125 0.020833333333333332
1 0.53515625 0.5716145833333334 0.026041666666666668 0.026041666666666668
1 0.6393229166666666 0.5729166666666666 0.018229166666666668 0.020833333333333332
1 0.6575520833333334 0.5924479166666666 0.0234375 0.020833333333333332
1 0.6822916666666666 0.6171875 0.044270833333333336 0.03125
1 0.6341145833333334 0.6106770833333334 0.018229166666666668 0.026041666666666668
1 0.5364583333333334 0.8372395833333334 0.028645833333333332 0.033854166666666664
1 0.2864583333333333 0.578125 0.020833333333333332 0.020833333333333332
1 0.3111979166666667 0.5703125 0.026041666666666668 0.028645833333333332
1 0.3671875 0.5598958333333334 0.0026041666666666665 0.0026041666666666665
1 0.2994791666666667 0.5559895833333334 0.020833333333333332 0.03125
1 0.3020833333333333 0.5989583333333334 0.046875 0.026041666666666668
1 0.3125 0.6145833333333334 0.028645833333333332 0.0234375