1 0.4010416666666667 0.453125 0.0390625 0.044270833333333336
1 0.4140625 0.4518229166666667 0.028645833333333332 0.03125
1 0.5221354166666666 0.5403645833333334 0.0234375 0.044270833333333336
1 0.3932291666666667 0.5729166666666666 0.033854166666666664 0.046875
1 0.359375 0.5729166666666666 0.036458333333333336 0.03125
1 0.4908854166666667 0.6484375 0.026041666666666668 0.033854166666666664
1 0.4401041666666667 0.69140625 0.028645833333333332 0.0234375
1 0.4322916666666667 0.5013020833333334 0.0234375 0.036458333333333336
1 0.4778645833333333 0.37109375 0.0234375 0.041666666666666664
1 0.4192708333333333 0.28515625 0.03125 0.044270833333333336
1 0.3763020833333333 0.5078125 0.0234375 0.020833333333333332
1 0.4440104166666667 0.5013020833333334 0.026041666666666668 0.046875
1 0.5 0.5494791666666666 0.028645833333333332 0.041666666666666664
1 0.4700520833333333 0.5911458333333334 0.036458333333333336 0.028645833333333332
1 0.30859375 0.6393229166666666 0.0390625 0.036458333333333336
1 0.3567708333333333 0.6940104166666666 0.0234375 0.044270833333333336
1 0.3489583333333333 0.6458333333333334 0.036458333333333336 0.046875
1 0.4739583333333333 0.6510416666666666 0.0234375 0.036458333333333336
1 0.4674479166666667 0.7291666666666666 0.041666666666666664 0.026041666666666668
1 0.5950520833333334 0.5716145833333334 0.028645833333333332 0.0390625
1 0.61328125 0.5416666666666666 0.036458333333333336 0.041666666666666664
1 0.44140625 0.4075520833333333 0.036458333333333336 0.03125
1 0.4427083333333333 0.4596354166666667 0.028645833333333332 0.046875
1 0.4947916666666667 0.5130208333333334 0.020833333333333332 0.036458333333333336
1 0.47265625 0.5169270833333334 0.0390625 0.03125
1 0.4322916666666667 0.5364583333333334 0.036458333333333336 0.036458333333333336
1 0.35546875 0.5455729166666666 0.033854166666666664 0.046875
1 0.3828125 0.6549479166666666 0.049479166666666664 0.0390625
1 0.453125 0.6080729166666666 0.041666666666666664 0.028645833333333332
1 0.41015625 0.6666666666666666 0.033854166666666664 0.046875
1 0.4596354166666667 0.6901041666666666 0.036458333333333336 0.036458333333333336
1 0.6276041666666666 0.5338541666666666 0.020833333333333332 0.036458333333333336
1 0.4140625 0.3815104166666667 0.044270833333333336 0.033854166666666664
1 0.4622395833333333 0.4466145833333333 0.036458333333333336 0.0390625
1 0.5078125 0.5286458333333334 0.036458333333333336 0.06510416666666667
1 0.3958333333333333 0.5026041666666666 0.028645833333333332 0.046875
1 0.35546875 0.5078125 0.0390625 0.044270833333333336
1 0.5260416666666666 0.5690104166666666 0.044270833333333336 0.03125
1 0.4440104166666667 0.6223958333333334 0.033854166666666664 0.026041666666666668
1 0.46484375 0.7434895833333334 0.044270833333333336 0.028645833333333332
1 0.4661458333333333 0.7174479166666666 0.049479166666666664 0.028645833333333332
1 0.5364583333333334 0.6106770833333334 0.03125 0.028645833333333332
1 0.4244791666666667 0.6328125 0.033854166666666664 0.033854166666666664
1 0.4635416666666667 0.3828125 0.0390625 0.044270833333333336
1 0.4791666666666667 0.4934895833333333 0.036458333333333336 0.0390625
1 0.4518229166666667 0.4244791666666667 0.0546875 0.046875
1 0.3723958333333333 0.4778645833333333 0.041666666666666664 0.044270833333333336
1 0.3828125 0.53125 0.033854166666666664 0.033854166666666664
1 0.5533854166666666 0.55859375 0.0234375 0.020833333333333332
1 0.5260416666666666 0.5911458333333334 0.0390625 0.033854166666666664
1 0.5052083333333334 0.58984375 0.026041666666666668 0.049479166666666664
1 0.45703125 0.5625 0.03125 0.028645833333333332
1 0.4466145833333333 0.5546875 0.052083333333333336 0.049479166666666664
1 0.4231770833333333 0.5546875 0.03125 0.026041666666666668
1 0.3815104166666667 0.6705729166666666 0.046875 0.041666666666666664
1 0.5078125 0.640625 0.020833333333333332 0.0234375
1 0.4166666666666667 0.6927083333333334 0.028645833333333332 0.041666666666666664
1 0.5260416666666666 0.6484375 0.046875 0.046875
1 0.3958333333333333 0.546875 0.033854166666666664 0.0234375
1 0.4231770833333333 0.32421875 0.033854166666666664 0.036458333333333336
1 0.40234375 0.3294270833333333 0.03125 0.041666666666666664
1 0.4205729166666667 0.5052083333333334 0.026041666666666668 0.044270833333333336
1 0.3697916666666667 0.5260416666666666 0.033854166666666664 0.03125
1 0.3450520833333333 0.57421875 0.036458333333333336 0.049479166666666664
1 0.48828125 0.5872395833333334 0.028645833333333332 0.046875
1 0.4596354166666667 0.5833333333333334 0.052083333333333336 0.033854166666666664
1 0.37890625 0.56640625 0.020833333333333332 0.03125
1 0.3580729166666667 0.6002604166666666 0.033854166666666664 0.03125
1 0.3841145833333333 0.5963541666666666 0.03125 0.0546875
1 0.3033854166666667 0.70703125 0.044270833333333336 0.036458333333333336
1 0.4075520833333333 0.6354166666666666 0.0234375 0.033854166666666664
1 0.4583333333333333 0.6380208333333334 0.033854166666666664 0.0234375
1 0.49609375 0.6731770833333334 0.033854166666666664 0.0390625
1 0.53125 0.6653645833333334 0.033854166666666664 0.026041666666666668
1 0.4921875 0.7213541666666666 0.0390625 0.049479166666666664
1 0.484375 0.3971354166666667 0.036458333333333336 0.044270833333333336
1 0.390625 0.37109375 0.044270833333333336 0.03125
1 0.42578125 0.4322916666666667 0.036458333333333336 0.028645833333333332
1 0.3463541666666667 0.46484375 0.028645833333333332 0.046875
1 0.5078125 0.5 0.0390625 0.057291666666666664
1 0.33984375 0.546875 0.03125 0.0390625
1 0.47265625 0.546875 0.033854166666666664 0.044270833333333336
1 0.3776041666666667 0.6315104166666666 0.036458333333333336 0.028645833333333332
1 0.40625 0.5989583333333334 0.041666666666666664 0.033854166666666664
1 0.4270833333333333 0.5859375 0.028645833333333332 0.052083333333333336
1 0.5091145833333334 0.62109375 0.041666666666666664 0.041666666666666664
1 0.48046875 0.671875 0.020833333333333332 0.0234375
1 0.4153645833333333 0.4140625 0.033854166666666664 0.046875
1 0.4010416666666667 0.4153645833333333 0.041666666666666664 0.0546875
1 0.3606770833333333 0.4479166666666667 0.0390625 0.0390625
1 0.4127604166666667 0.4778645833333333 0.041666666666666664 0.03125
1 0.4140625 0.5390625 0.041666666666666664 0.041666666666666664
1 0.4596354166666667 0.6653645833333334 0.033854166666666664 0.033854166666666664
1 0.4765625 0.62109375 0.036458333333333336 0.026041666666666668
1 0.47265625 0.69921875 0.03125 0.026041666666666668