1 0.4309895833333333 0.6080729166666666 0.0546875 0.044270833333333336
1 0.5807291666666666 0.4817708333333333 0.041666666666666664 0.08333333333333333
1 0.31640625 0.5703125 0.059895833333333336 0.041666666666666664
1 0.4466145833333333 0.5911458333333334 0.044270833333333336 0.10416666666666667
1 0.4752604166666667 0.65234375 0.036458333333333336 0.06770833333333333
1 0.28125 0.4973958333333333 0.07291666666666667 0.059895833333333336
1 0.24869791666666666 0.5299479166666666 0.06510416666666667 0.044270833333333336
1 0.53515625 0.5520833333333334 0.044270833333333336 0.09114583333333333
1 0.3997395833333333 0.5260416666666666 0.041666666666666664 0.078125
1 0.6744791666666666 0.51171875 0.041666666666666664 0.09895833333333333
1 0.3385416666666667 0.640625 0.07291666666666667 0.0390625
1 0.6640625 0.38671875 0.0703125 0.09895833333333333
1 0.6041666666666666 0.5494791666666666 0.033854166666666664 0.09375
1 0.3984375 0.65625 0.0625 0.0390625
1 0.4427083333333333 0.6484375 0.052083333333333336 0.0390625
1 0.5638020833333334 0.5260416666666666 0.028645833333333332 0.07291666666666667
1 0.4375 0.5221354166666666 0.078125 0.046875
1 0.3125 0.5364583333333334 0.0625 0.044270833333333336
1 0.3645833333333333 0.5390625 0.044270833333333336 0.09114583333333333
1 0.60546875 0.48046875 0.018229166666666668 0.0390625
1 0.6236979166666666 0.53515625 0.046875 0.09114583333333333
1 0.55078125 0.6223958333333334 0.078125 0.052083333333333336
1 0.671875 0.6276041666666666 0.046875 0.036458333333333336
1 0.62109375 0.4453125 0.059895833333333336 0.041666666666666664
1 0.6640625 0.4622395833333333 0.049479166666666664 0.08854166666666667
1 0.578125 0.5690104166666666 0.03125 0.08333333333333333
1 0.5729166666666666 0.6744791666666666 0.06510416666666667 0.052083333333333336
1 0.4153645833333333 0.6471354166666666 0.057291666666666664 0.052083333333333336
1 0.52734375 0.4778645833333333 0.059895833333333336 0.0703125
1 0.39453125 0.5729166666666666 0.046875 0.08072916666666667
1 0.3502604166666667 0.609375 0.07291666666666667 0.0390625
1 0.6627604166666666 0.6432291666666666 0.057291666666666664 0.0625
1 0.2838541666666667 0.5950520833333334 0.06510416666666667 0.06510416666666667
1 0.5104166666666666 0.6119791666666666 0.0234375 0.057291666666666664
1 0.5013020833333334 0.6536458333333334 0.0546875 0.0625
1 0.6861979166666666 0.5924479166666666 0.0703125 0.0390625
1 0.6184895833333334 0.6119791666666666 0.0703125 0.08854166666666667