1 0.3515625 0.60546875 0.010416666666666666 0.0234375
1 0.3958333333333333 0.50390625 0.010416666666666666 0.020833333333333332
1 0.4283854166666667 0.5416666666666666 0.015625 0.013020833333333334
1 0.3645833333333333 0.4713541666666667 0.018229166666666668 0.020833333333333332
1 0.3046875 0.5963541666666666 0.015625 0.010416666666666666
1 0.4479166666666667 0.4778645833333333 0.015625 0.018229166666666668
1 0.5611979166666666 0.3229166666666667 0.018229166666666668 0.0234375
1 0.3333333333333333 0.578125 0.013020833333333334 0.013020833333333334
1 0.4270833333333333 0.5065104166666666 0.0078125 0.0234375
1 0.5182291666666666 0.4427083333333333 0.005208333333333333 0.018229166666666668
1 0.5 0.3997395833333333 0.015625 0.010416666666666666
1 0.5104166666666666 0.3971354166666667 0.015625 0.010416666666666666
1 0.5807291666666666 0.3684895833333333 0.013020833333333334 0.015625
1 0.57421875 0.375 0.018229166666666668 0.018229166666666668
1 0.5950520833333334 0.5286458333333334 0.013020833333333334 0.013020833333333334
1 0.59375 0.4361979166666667 0.010416666666666666 0.015625
1 0.5794270833333334 0.3997395833333333 0.015625 0.0078125
1 0.5924479166666666 0.4596354166666667 0.010416666666666666 0.013020833333333334
1 0.3020833333333333 0.5846354166666666 0.018229166666666668 0.020833333333333332
1 0.3684895833333333 0.4986979166666667 0.020833333333333332 0.018229166666666668
1 0.5013020833333334 0.3736979166666667 0.013020833333333334 0.013020833333333334
1 0.3697916666666667 0.48046875 0.018229166666666668 0.020833333333333332
1 0.4010416666666667 0.4661458333333333 0.013020833333333334 0.018229166666666668
1 0.3463541666666667 0.48046875 0.013020833333333334 0.026041666666666668
1 0.3958333333333333 0.6015625 0.015625 0.015625
1 0.5416666666666666 0.3294270833333333 0.018229166666666668 0.020833333333333332
1 0.5052083333333334 0.4361979166666667 0.0078125 0.020833333333333332
1 0.3828125 0.4830729166666667 0.0078125 0.018229166666666668
1 0.4869791666666667 0.3723958333333333 0.010416666666666666 0.020833333333333332
1 0.52734375 0.3671875 0.013020833333333334 0.015625
1 0.5533854166666666 0.40234375 0.010416666666666666 0.013020833333333334
1 0.5794270833333334 0.41015625 0.010416666666666666 0.018229166666666668
1 0.5638020833333334 0.4908854166666667 0.010416666666666666 0.020833333333333332
1 0.35546875 0.3294270833333333 0.018229166666666668 0.010416666666666666
1 0.6106770833333334 0.58984375 0.015625 0.015625
1 0.3776041666666667 0.4518229166666667 0.015625 0.020833333333333332
1 0.32421875 0.5234375 0.013020833333333334 0.020833333333333332
1 0.3841145833333333 0.4609375 0.015625 0.018229166666666668
1 0.3203125 0.56640625 0.010416666666666666 0.020833333333333332
1 0.4075520833333333 0.51953125 0.020833333333333332 0.010416666666666666
1 0.45703125 0.4296875 0.010416666666666666 0.0234375
1 0.43359375 0.50390625 0.010416666666666666 0.018229166666666668
1 0.5611979166666666 0.3671875 0.0078125 0.020833333333333332
1 0.55078125 0.3125 0.018229166666666668 0.015625
1 0.4713541666666667 0.35546875 0.018229166666666668 0.0234375
1 0.24869791666666666 0.65234375 0.013020833333333334 0.028645833333333332
1 0.5455729166666666 0.3880208333333333 0.018229166666666668 0.020833333333333332
1 0.5755208333333334 0.3919270833333333 0.018229166666666668 0.013020833333333334
1 0.5768229166666666 0.5260416666666666 0.015625 0.015625
1 0.55859375 0.4166666666666667 0.013020833333333334 0.015625
1 0.59765625 0.4934895833333333 0.018229166666666668 0.0078125
1 0.6158854166666666 0.4466145833333333 0.015625 0.0234375
1 0.58984375 0.40234375 0.013020833333333334 0.020833333333333332
1 0.5690104166666666 0.4375 0.018229166666666668 0.010416666666666666
1 0.2994791666666667 0.2825520833333333 0.015625 0.013020833333333334
1 0.3932291666666667 0.4856770833333333 0.013020833333333334 0.013020833333333334
1 0.3098958333333333 0.6341145833333334 0.010416666666666666 0.0234375
1 0.32421875 0.5911458333333334 0.013020833333333334 0.015625
1 0.4270833333333333 0.5234375 0.015625 0.018229166666666668
1 0.3138020833333333 0.5768229166666666 0.0078125 0.018229166666666668
1 0.4635416666666667 0.4322916666666667 0.010416666666666666 0.0234375
1 0.3997395833333333 0.54296875 0.020833333333333332 0.013020833333333334
1 0.5533854166666666 0.36328125 0.013020833333333334 0.018229166666666668
1 0.5130208333333334 0.2981770833333333 0.015625 0.013020833333333334
1 0.5416666666666666 0.4674479166666667 0.015625 0.010416666666666666
1 0.49609375 0.4283854166666667 0.013020833333333334 0.010416666666666666
1 0.58984375 0.4700520833333333 0.013020833333333334 0.013020833333333334
1 0.5755208333333334 0.4869791666666667 0.013020833333333334 0.0234375
1 0.59375 0.5390625 0.015625 0.018229166666666668
1 0.5911458333333334 0.5455729166666666 0.0078125 0.010416666666666666
1 0.5364583333333334 0.5221354166666666 0.010416666666666666 0.020833333333333332
1 0.3111979166666667 0.5611979166666666 0.010416666666666666 0.018229166666666668
1 0.4466145833333333 0.56640625 0.018229166666666668 0.026041666666666668
1 0.2955729166666667 0.4609375 0.015625 0.020833333333333332
1 0.3294270833333333 0.609375 0.015625 0.010416666666666666
1 0.515625 0.31640625 0.013020833333333334 0.018229166666666668
1 0.48828125 0.2682291666666667 0.015625 0.026041666666666668
1 0.4622395833333333 0.3802083333333333 0.015625 0.013020833333333334
1 0.3567708333333333 0.4609375 0.013020833333333334 0.0078125
1 0.48828125 0.4049479166666667 0.010416666666666666 0.015625
1 0.3125 0.6666666666666666 0.010416666666666666 0.026041666666666668
1 0.34375 0.6067708333333334 0.010416666666666666 0.026041666666666668
1 0.515625 0.3424479166666667 0.010416666666666666 0.018229166666666668
1 0.59375 0.48046875 0.013020833333333334 0.013020833333333334
1 0.5494791666666666 0.4283854166666667 0.010416666666666666 0.018229166666666668
1 0.6145833333333334 0.4908854166666667 0.010416666666666666 0.020833333333333332
1 0.61328125 0.5013020833333334 0.013020833333333334 0.013020833333333334
1 0.6080729166666666 0.4544270833333333 0.0078125 0.020833333333333332
1 0.55078125 0.4921875 0.018229166666666668 0.018229166666666668
1 0.5651041666666666 0.5625 0.005208333333333333 0.018229166666666668
1 0.3723958333333333 0.44921875 0.018229166666666668 0.026041666666666668
1 0.4153645833333333 0.52734375 0.013020833333333334 0.015625
1 0.55078125 0.3841145833333333 0.013020833333333334 0.015625
1 0.4518229166666667 0.515625 0.010416666666666666 0.026041666666666668
1 0.46484375 0.3880208333333333 0.015625 0.015625
1 0.5182291666666666 0.3932291666666667 0.015625 0.018229166666666668
1 0.3893229166666667 0.5143229166666666 0.013020833333333334 0.018229166666666668
1 0.5143229166666666 0.3854166666666667 0.010416666666666666 0.015625
1 0.43359375 0.58984375 0.015625 0.020833333333333332
1 0.58203125 0.5091145833333334 0.010416666666666666 0.020833333333333332
1 0.5963541666666666 0.4114583333333333 0.0078125 0.026041666666666668
1 0.5559895833333334 0.5052083333333334 0.0078125 0.018229166666666668
1 0.578125 0.4270833333333333 0.020833333333333332 0.013020833333333334
1 0.4192708333333333 0.49609375 0.015625 0.018229166666666668
1 0.40234375 0.4908854166666667 0.0078125 0.020833333333333332
1 0.35546875 0.5651041666666666 0.018229166666666668 0.010416666666666666
1 0.33984375 0.5559895833333334 0.015625 0.018229166666666668
1 0.3151041666666667 0.6028645833333334 0.018229166666666668 0.0078125
1 0.4466145833333333 0.58203125 0.013020833333333334 0.020833333333333332
1 0.4348958333333333 0.52734375 0.015625 0.010416666666666666
1 0.26953125 0.5559895833333334 0.020833333333333332 0.020833333333333332
1 0.3098958333333333 0.5130208333333334 0.013020833333333334 0.015625
1 0.5 0.4114583333333333 0.010416666666666666 0.020833333333333332
1 0.41796875 0.4817708333333333 0.013020833333333334 0.010416666666666666
1 0.4348958333333333 0.5677083333333334 0.013020833333333334 0.015625
1 0.4361979166666667 0.45703125 0.013020833333333334 0.018229166666666668
1 0.55859375 0.33984375 0.010416666666666666 0.0234375
1 0.4778645833333333 0.42578125 0.018229166666666668 0.0078125
1 0.4674479166666667 0.5026041666666666 0.015625 0.010416666666666666
1 0.53125 0.4283854166666667 0.015625 0.018229166666666668
1 0.6184895833333334 0.4153645833333333 0.010416666666666666 0.0234375
1 0.5533854166666666 0.51953125 0.010416666666666666 0.020833333333333332
1 0.5911458333333334 0.5104166666666666 0.010416666666666666 0.026041666666666668
1 0.4361979166666667 0.48828125 0.013020833333333334 0.013020833333333334
1 0.4309895833333333 0.4739583333333333 0.010416666666666666 0.013020833333333334
1 0.3502604166666667 0.30859375 0.013020833333333334 0.0234375
1 0.3255208333333333 0.5364583333333334 0.010416666666666666 0.020833333333333332
1 0.5182291666666666 0.53125 0.015625 0.018229166666666668
1 0.3841145833333333 0.4049479166666667 0.010416666666666666 0.026041666666666668
1 0.4036458333333333 0.4453125 0.010416666666666666 0.015625
1 0.2799479166666667 0.5260416666666666 0.0078125 0.0234375
1 0.4440104166666667 0.4114583333333333 0.010416666666666666 0.018229166666666668
1 0.4388020833333333 0.5130208333333334 0.015625 0.018229166666666668
1 0.4817708333333333 0.3502604166666667 0.015625 0.020833333333333332
1 0.4088541666666667 0.4921875 0.0078125 0.0234375
1 0.4661458333333333 0.3997395833333333 0.018229166666666668 0.015625
1 0.5078125 0.41796875 0.013020833333333334 0.015625
1 0.5143229166666666 0.3619791666666667 0.018229166666666668 0.015625
1 0.53125 0.3463541666666667 0.015625 0.015625
1 0.5 0.5078125 0.015625 0.0078125
1 0.5182291666666666 0.2877604166666667 0.018229166666666668 0.015625
1 0.4908854166666667 0.4114583333333333 0.010416666666666666 0.010416666666666666
1 0.5625 0.3919270833333333 0.010416666666666666 0.020833333333333332
1 0.56640625 0.51171875 0.015625 0.020833333333333332
1 0.609375 0.3958333333333333 0.015625 0.020833333333333332
1 0.3528645833333333 0.36328125 0.018229166666666668 0.010416666666666666
1 0.3098958333333333 0.3736979166666667 0.018229166666666668 0.013020833333333334
1 0.5729166666666666 0.5572916666666666 0.010416666666666666 0.018229166666666668
1 0.3138020833333333 0.546875 0.010416666666666666 0.020833333333333332