1 0.23697916666666666 0.4466145833333333 0.036458333333333336 0.036458333333333336
1 0.5755208333333334 0.3854166666666667 0.036458333333333336 0.036458333333333336
1 0.3736979166666667 0.5234375 0.044270833333333336 0.041666666666666664
1 0.31640625 0.41796875 0.052083333333333336 0.028645833333333332
1 0.5091145833333334 0.4153645833333333 0.06770833333333333 0.033854166666666664
1 0.6510416666666666 0.4817708333333333 0.0703125 0.049479166666666664
1 0.9036458333333334 0.07291666666666667 0.0546875 0.052083333333333336
1 0.6171875 0.2903645833333333 0.0546875 0.03125
1 0.15755208333333334 0.7604166666666666 0.041666666666666664 0.028645833333333332
1 0.5533854166666666 0.5286458333333334 0.044270833333333336 0.036458333333333336
1 0.703125 0.77734375 0.028645833333333332 0.041666666666666664
1 0.5182291666666666 0.12369791666666667 0.0546875 0.0234375
1 0.6432291666666666 0.3567708333333333 0.052083333333333336 0.028645833333333332
1 0.12760416666666666 0.8763020833333334 0.0234375 0.026041666666666668
1 0.7526041666666666 0.43359375 0.0546875 0.020833333333333332