1 0.46875 0.2916666666666667 0.057291666666666664 0.049479166666666664
1 0.4713541666666667 0.7044270833333334 0.046875 0.06770833333333333
1 0.3125 0.6627604166666666 0.059895833333333336 0.0859375
1 0.609375 0.6041666666666666 0.057291666666666664 0.08072916666666667
1 0.5 0.5885416666666666 0.057291666666666664 0.0703125
1 0.8763020833333334 0.46875 0.078125 0.078125
1 0.6354166666666666 0.4075520833333333 0.052083333333333336 0.07291666666666667
1 0.5703125 0.8098958333333334 0.0625 0.059895833333333336
1 0.5833333333333334 0.4088541666666667 0.059895833333333336 0.044270833333333336
1 0.5690104166666666 0.4479166666666667 0.052083333333333336 0.059895833333333336
1 0.7799479166666666 0.5598958333333334 0.06770833333333333 0.07291666666666667
1 0.5143229166666666 0.5026041666666666 0.044270833333333336 0.06770833333333333
1 0.65234375 0.5455729166666666 0.059895833333333336 0.049479166666666664
1 0.8229166666666666 0.3567708333333333 0.041666666666666664 0.0390625
1 0.4544270833333333 0.4466145833333333 0.052083333333333336 0.059895833333333336
1 0.6979166666666666 0.4231770833333333 0.044270833333333336 0.0546875
1 0.4986979166666667 0.20052083333333334 0.0625 0.0859375