1 0.4752604166666667 0.3203125 0.033854166666666664 0.052083333333333336
1 0.53125 0.33203125 0.018229166666666668 0.0234375
1 0.5091145833333334 0.5638020833333334 0.03125 0.046875
1 0.5286458333333334 0.3854166666666667 0.044270833333333336 0.036458333333333336
1 0.42578125 0.5611979166666666 0.018229166666666668 0.057291666666666664
1 0.4947916666666667 0.3333333333333333 0.03125 0.052083333333333336
1 0.4140625 0.45703125 0.033854166666666664 0.052083333333333336
1 0.4518229166666667 0.46875 0.033854166666666664 0.041666666666666664
1 0.4375 0.3997395833333333 0.028645833333333332 0.052083333333333336
1 0.546875 0.515625 0.020833333333333332 0.0390625
1 0.5729166666666666 0.5169270833333334 0.036458333333333336 0.0390625
1 0.53515625 0.5442708333333334 0.036458333333333336 0.044270833333333336
1 0.5026041666666666 0.6028645833333334 0.028645833333333332 0.059895833333333336
1 0.5338541666666666 0.4036458333333333 0.046875 0.052083333333333336
1 0.4895833333333333 0.51953125 0.044270833333333336 0.049479166666666664
1 0.4127604166666667 0.515625 0.041666666666666664 0.03125
1 0.41796875 0.5546875 0.0234375 0.036458333333333336
1 0.4388020833333333 0.5520833333333334 0.020833333333333332 0.046875