1 0.3190104166666667 0.4739583333333333 0.0546875 0.046875
1 0.3684895833333333 0.26953125 0.044270833333333336 0.044270833333333336
1 0.4231770833333333 0.421875 0.057291666666666664 0.046875
1 0.4921875 0.7356770833333334 0.049479166666666664 0.07291666666666667
1 0.4192708333333333 0.84375 0.057291666666666664 0.08333333333333333
1 0.69921875 0.2604166666666667 0.057291666666666664 0.07552083333333333
1 0.3111979166666667 0.5494791666666666 0.049479166666666664 0.0546875
1 0.6888020833333334 0.390625 0.033854166666666664 0.0546875
1 0.6497395833333334 0.5416666666666666 0.044270833333333336 0.07291666666666667
1 0.3736979166666667 0.453125 0.0546875 0.057291666666666664
1 0.5 0.3671875 0.0546875 0.057291666666666664
1 0.6497395833333334 0.390625 0.0546875 0.041666666666666664
1 0.6627604166666666 0.3723958333333333 0.052083333333333336 0.059895833333333336
1 0.7421875 0.6953125 0.033854166666666664 0.0703125
1 0.5755208333333334 0.60546875 0.06510416666666667 0.08333333333333333
1 0.4661458333333333 0.7799479166666666 0.052083333333333336 0.06510416666666667
1 0.4752604166666667 0.5533854166666666 0.06510416666666667 0.078125
1 0.3828125 0.2643229166666667 0.041666666666666664 0.046875
1 0.4856770833333333 0.4270833333333333 0.049479166666666664 0.041666666666666664
1 0.7434895833333334 0.6015625 0.044270833333333336 0.0546875
1 0.4622395833333333 0.625 0.036458333333333336 0.0625
1 0.4596354166666667 0.40625 0.052083333333333336 0.078125
1 0.7161458333333334 0.375 0.052083333333333336 0.07552083333333333
1 0.5260416666666666 0.6041666666666666 0.046875 0.0625
1 0.4401041666666667 0.6966145833333334 0.078125 0.057291666666666664
1 0.2994791666666667 0.3411458333333333 0.0625 0.07552083333333333
1 0.4244791666666667 0.7708333333333334 0.059895833333333336 0.0625
1 0.6888020833333334 0.47265625 0.057291666666666664 0.078125
1 0.52734375 0.7356770833333334 0.059895833333333336 0.07291666666666667
1 0.4765625 0.6236979166666666 0.044270833333333336 0.078125
1 0.3111979166666667 0.6263020833333334 0.06770833333333333 0.0546875
1 0.765625 0.4440104166666667 0.044270833333333336 0.0546875
1 0.71484375 0.51953125 0.052083333333333336 0.059895833333333336
1 0.3229166666666667 0.2630208333333333 0.046875 0.078125
1 0.4479166666666667 0.21875 0.052083333333333336 0.06510416666666667
1 0.7083333333333334 0.67578125 0.046875 0.078125
1 0.4114583333333333 0.3203125 0.0625 0.049479166666666664
1 0.4986979166666667 0.40234375 0.059895833333333336 0.041666666666666664
1 0.7421875 0.5104166666666666 0.0390625 0.0546875
1 0.4674479166666667 0.6731770833333334 0.059895833333333336 0.049479166666666664
1 0.49609375 0.6106770833333334 0.041666666666666664 0.0703125
1 0.2981770833333333 0.6705729166666666 0.0546875 0.07291666666666667
1 0.7604166666666666 0.4661458333333333 0.0546875 0.06510416666666667
1 0.7552083333333334 0.5377604166666666 0.044270833333333336 0.06770833333333333
1 0.7578125 0.5885416666666666 0.041666666666666664 0.06510416666666667
1 0.58203125 0.8229166666666666 0.0625 0.07291666666666667
1 0.3645833333333333 0.2942708333333333 0.041666666666666664 0.03125
1 0.4127604166666667 0.41015625 0.052083333333333336 0.046875
1 0.5755208333333334 0.3697916666666667 0.0546875 0.0625
1 0.5859375 0.4010416666666667 0.052083333333333336 0.07552083333333333
1 0.64453125 0.5260416666666666 0.036458333333333336 0.052083333333333336
1 0.6979166666666666 0.52734375 0.046875 0.06770833333333333
1 0.4700520833333333 0.0859375 0.046875 0.07291666666666667
1 0.4557291666666667 0.2825520833333333 0.0546875 0.08072916666666667
1 0.3411458333333333 0.4244791666666667 0.052083333333333336 0.07291666666666667
1 0.6028645833333334 0.3359375 0.06510416666666667 0.07291666666666667
1 0.66015625 0.4375 0.0703125 0.06510416666666667
1 0.3450520833333333 0.71484375 0.06510416666666667 0.09114583333333333
1 0.4830729166666667 0.8138020833333334 0.0546875 0.052083333333333336