1 0.3177083333333333 0.5130208333333334 0.052083333333333336 0.044270833333333336
1 0.3528645833333333 0.7200520833333334 0.041666666666666664 0.044270833333333336
1 0.41796875 0.5729166666666666 0.057291666666666664 0.044270833333333336
1 0.5091145833333334 0.2643229166666667 0.044270833333333336 0.0703125
1 0.4440104166666667 0.15104166666666666 0.052083333333333336 0.08072916666666667
1 0.6822916666666666 0.7526041666666666 0.0546875 0.07291666666666667
1 0.3151041666666667 0.4375 0.046875 0.052083333333333336
1 0.6796875 0.6223958333333334 0.03125 0.0546875
1 0.65234375 0.4700520833333333 0.041666666666666664 0.07291666666666667
1 0.37109375 0.5377604166666666 0.052083333333333336 0.0546875
1 0.4908854166666667 0.6328125 0.052083333333333336 0.0546875
1 0.6419270833333334 0.6184895833333334 0.052083333333333336 0.0390625
1 0.6536458333333334 0.6380208333333334 0.046875 0.057291666666666664
1 0.7552083333333334 0.3216145833333333 0.03125 0.06770833333333333
1 0.58203125 0.3997395833333333 0.059895833333333336 0.08072916666666667
1 0.4856770833333333 0.21875 0.049479166666666664 0.0625
1 0.4791666666666667 0.4453125 0.059895833333333336 0.07552083333333333
1 0.3658854166666667 0.7265625 0.0390625 0.044270833333333336
1 0.4817708333333333 0.5716145833333334 0.046875 0.0390625
1 0.75 0.4153645833333333 0.041666666666666664 0.052083333333333336
1 0.4713541666666667 0.3723958333333333 0.03125 0.0625
1 0.453125 0.5911458333333334 0.046875 0.07552083333333333
1 0.70703125 0.6393229166666666 0.046875 0.07291666666666667
1 0.5338541666666666 0.3971354166666667 0.044270833333333336 0.059895833333333336
1 0.4544270833333333 0.2994791666666667 0.07552083333333333 0.0546875
1 0.2890625 0.64453125 0.059895833333333336 0.07291666666666667
1 0.4440104166666667 0.22526041666666666 0.057291666666666664 0.059895833333333336
1 0.6861979166666666 0.5403645833333334 0.0546875 0.07552083333333333
1 0.54296875 0.2669270833333333 0.057291666666666664 0.0703125
1 0.4856770833333333 0.375 0.0390625 0.078125
1 0.3203125 0.3606770833333333 0.06510416666666667 0.052083333333333336
1 0.7604166666666666 0.57421875 0.041666666666666664 0.052083333333333336
1 0.7161458333333334 0.49609375 0.049479166666666664 0.057291666666666664
1 0.3072916666666667 0.7239583333333334 0.041666666666666664 0.07552083333333333
1 0.4283854166666667 0.7760416666666666 0.049479166666666664 0.0625
1 0.7200520833333334 0.3385416666666667 0.041666666666666664 0.07552083333333333
1 0.3997395833333333 0.6731770833333334 0.059895833333333336 0.046875
1 0.4921875 0.5963541666666666 0.057291666666666664 0.036458333333333336
1 0.7421875 0.5065104166666666 0.033854166666666664 0.0546875
1 0.48046875 0.3255208333333333 0.057291666666666664 0.044270833333333336
1 0.50390625 0.3893229166666667 0.036458333333333336 0.06770833333333333
1 0.3111979166666667 0.31640625 0.049479166666666664 0.0703125
1 0.7565104166666666 0.5520833333333334 0.052083333333333336 0.0625
1 0.7578125 0.48046875 0.0390625 0.06510416666666667
1 0.7630208333333334 0.4296875 0.0390625 0.06510416666666667
1 0.6041666666666666 0.18359375 0.057291666666666664 0.0703125
1 0.3502604166666667 0.6953125 0.0390625 0.028645833333333332
1 0.40625 0.5833333333333334 0.049479166666666664 0.044270833333333336
1 0.56640625 0.6354166666666666 0.052083333333333336 0.059895833333333336
1 0.578125 0.6041666666666666 0.049479166666666664 0.07291666666666667
1 0.6458333333333334 0.484375 0.033854166666666664 0.052083333333333336
1 0.69921875 0.4856770833333333 0.041666666666666664 0.06510416666666667
1 0.44140625 0.9114583333333334 0.044270833333333336 0.0703125
1 0.44140625 0.71484375 0.049479166666666664 0.078125
1 0.3359375 0.5651041666666666 0.046875 0.0703125
1 0.5911458333333334 0.671875 0.059895833333333336 0.0703125
1 0.65625 0.57421875 0.06770833333333333 0.059895833333333336
1 0.3606770833333333 0.2747395833333333 0.059895833333333336 0.08854166666666667
1 0.5052083333333334 0.18619791666666666 0.052083333333333336 0.049479166666666664