1 0.08463541666666667 0.62890625 0.052083333333333336 0.06510416666666667
1 0.29296875 0.5104166666666666 0.052083333333333336 0.0625
1 0.16666666666666666 0.49609375 0.052083333333333336 0.059895833333333336
1 0.7643229166666666 0.3203125 0.0546875 0.041666666666666664
1 0.5078125 0.6393229166666666 0.046875 0.057291666666666664
1 0.5130208333333334 0.7799479166666666 0.0625 0.09895833333333333
1 0.6276041666666666 0.5299479166666666 0.06770833333333333 0.09635416666666667
1 0.4856770833333333 0.4609375 0.052083333333333336 0.057291666666666664
1 0.12369791666666667 0.5442708333333334 0.041666666666666664 0.06510416666666667
1 0.2786458333333333 0.51171875 0.036458333333333336 0.03125
1 0.5260416666666666 0.3450520833333333 0.0546875 0.07291666666666667
1 0.4557291666666667 0.625 0.0546875 0.078125
1 0.07161458333333333 0.66015625 0.049479166666666664 0.078125
1 0.3255208333333333 0.5247395833333334 0.044270833333333336 0.049479166666666664
1 0.6966145833333334 0.6979166666666666 0.049479166666666664 0.08333333333333333
1 0.13020833333333334 0.68359375 0.041666666666666664 0.041666666666666664
1 0.6002604166666666 0.4361979166666667 0.041666666666666664 0.049479166666666664
1 0.3515625 0.7421875 0.059895833333333336 0.0703125
1 0.6158854166666666 0.4322916666666667 0.0546875 0.08333333333333333
1 0.4309895833333333 0.5716145833333334 0.0703125 0.08854166666666667
1 0.7200520833333334 0.6809895833333334 0.052083333333333336 0.052083333333333336
1 0.3098958333333333 0.9127604166666666 0.044270833333333336 0.06510416666666667
1 0.7838541666666666 0.7981770833333334 0.044270833333333336 0.052083333333333336
1 0.3528645833333333 0.6979166666666666 0.0625 0.059895833333333336
1 0.23697916666666666 0.24088541666666666 0.0625 0.09114583333333333
1 0.5950520833333334 0.7083333333333334 0.052083333333333336 0.09114583333333333
1 0.12239583333333333 0.49609375 0.06770833333333333 0.09635416666666667
1 0.4895833333333333 0.66796875 0.046875 0.07291666666666667
1 0.6770833333333334 0.5755208333333334 0.046875 0.08072916666666667