1 0.4557291666666667 0.64453125 0.08333333333333333 0.09375
1 0.3138020833333333 0.5716145833333334 0.10677083333333333 0.09375
1 0.5846354166666666 0.46484375 0.0859375 0.09635416666666667
1 0.3372395833333333 0.4765625 0.11197916666666667 0.09895833333333333
1 0.61328125 0.1640625 0.057291666666666664 0.07291666666666667
1 0.36328125 0.3723958333333333 0.10416666666666667 0.11197916666666667
1 0.609375 0.21354166666666666 0.078125 0.0703125
1 0.6184895833333334 0.3893229166666667 0.06510416666666667 0.09375
1 0.3411458333333333 0.3229166666666667 0.09114583333333333 0.09635416666666667
1 0.3671875 0.8059895833333334 0.09375 0.13020833333333334
1 0.6471354166666666 0.3359375 0.09114583333333333 0.08072916666666667
1 0.34375 0.3502604166666667 0.1015625 0.10416666666666667
1 0.5625 0.6315104166666666 0.078125 0.09635416666666667
1 0.4361979166666667 0.7109375 0.11458333333333333 0.13541666666666666
1 0.3346354166666667 0.53125 0.10677083333333333 0.078125
1 0.4205729166666667 0.6328125 0.08333333333333333 0.12239583333333333