0 0.6315104166666666 0.4114583333333333 0.07552083333333333 0.14583333333333334
1 0.4947916666666667 0.4427083333333333 0.028645833333333332 0.026041666666666668
1 0.421875 0.33203125 0.041666666666666664 0.041666666666666664
1 0.4231770833333333 0.24479166666666666 0.041666666666666664 0.033854166666666664
1 0.6106770833333334 0.6315104166666666 0.028645833333333332 0.046875
1 0.51171875 0.703125 0.026041666666666668 0.046875
1 0.5690104166666666 0.71875 0.03125 0.057291666666666664
1 0.5247395833333334 0.4322916666666667 0.033854166666666664 0.036458333333333336
1 0.4609375 0.50390625 0.033854166666666664 0.033854166666666664
1 0.3997395833333333 0.37890625 0.046875 0.057291666666666664
1 0.4908854166666667 0.8411458333333334 0.028645833333333332 0.0546875
1 0.5729166666666666 0.5481770833333334 0.026041666666666668 0.046875
1 0.234375 0.5169270833333334 0.03125 0.052083333333333336
1 0.3138020833333333 0.44921875 0.041666666666666664 0.052083333333333336
1 0.4114583333333333 0.4557291666666667 0.046875 0.033854166666666664
1 0.4270833333333333 0.5846354166666666 0.0390625 0.046875
1 0.4583333333333333 0.7083333333333334 0.03125 0.052083333333333336
1 0.4869791666666667 0.8619791666666666 0.033854166666666664 0.057291666666666664
1 0.6184895833333334 0.6588541666666666 0.049479166666666664 0.0390625
1 0.4765625 0.20833333333333334 0.028645833333333332 0.0546875
1 0.5520833333333334 0.6927083333333334 0.041666666666666664 0.033854166666666664
1 0.44921875 0.4609375 0.03125 0.03125
1 0.4244791666666667 0.4466145833333333 0.036458333333333336 0.0234375
1 0.3997395833333333 0.5 0.036458333333333336 0.044270833333333336
1 0.5924479166666666 0.5911458333333334 0.03125 0.059895833333333336
1 0.64453125 0.3125 0.044270833333333336 0.0546875
1 0.42578125 0.20052083333333334 0.03125 0.03125
1 0.5481770833333334 0.85546875 0.033854166666666664 0.0546875
1 0.578125 0.7434895833333334 0.03125 0.041666666666666664
1 0.4973958333333333 0.4166666666666667 0.0390625 0.049479166666666664
1 0.2578125 0.42578125 0.041666666666666664 0.052083333333333336
1 0.3736979166666667 0.16015625 0.044270833333333336 0.03125
1 0.4544270833333333 0.21614583333333334 0.0234375 0.036458333333333336
1 0.3763020833333333 0.4973958333333333 0.0390625 0.044270833333333336
1 0.4921875 0.3098958333333333 0.046875 0.041666666666666664
1 0.4166666666666667 0.17578125 0.0390625 0.026041666666666668
1 0.5 0.3424479166666667 0.028645833333333332 0.049479166666666664
1 0.4947916666666667 0.24609375 0.036458333333333336 0.059895833333333336
1 0.5559895833333334 0.8098958333333334 0.028645833333333332 0.036458333333333336
1 0.53125 0.8372395833333334 0.03125 0.044270833333333336
1 0.5611979166666666 0.6536458333333334 0.03125 0.049479166666666664
1 0.5572916666666666 0.5520833333333334 0.033854166666666664 0.046875
1 0.5364583333333334 0.5286458333333334 0.036458333333333336 0.026041666666666668
1 0.3059895833333333 0.5286458333333334 0.03125 0.052083333333333336
1 0.3776041666666667 0.5325520833333334 0.046875 0.046875
1 0.24348958333333334 0.4075520833333333 0.028645833333333332 0.052083333333333336
1 0.5234375 0.41015625 0.0390625 0.0390625
1 0.3489583333333333 0.51953125 0.0390625 0.028645833333333332
1 0.2942708333333333 0.3893229166666667 0.041666666666666664 0.033854166666666664
1 0.5442708333333334 0.60546875 0.026041666666666668 0.052083333333333336
1 0.5598958333333334 0.57421875 0.028645833333333332 0.049479166666666664
1 0.5026041666666666 0.4596354166666667 0.03125 0.036458333333333336
1 0.5182291666666666 0.3997395833333333 0.036458333333333336 0.0234375
1 0.5533854166666666 0.7825520833333334 0.020833333333333332 0.036458333333333336
1 0.3450520833333333 0.6015625 0.046875 0.0546875
1 0.26953125 0.3125 0.03125 0.052083333333333336
1 0.37890625 0.2643229166666667 0.036458333333333336 0.0546875
1 0.4973958333333333 0.8151041666666666 0.036458333333333336 0.049479166666666664
1 0.34375 0.5078125 0.036458333333333336 0.03125
1 0.4270833333333333 0.49609375 0.033854166666666664 0.0625
1 0.48046875 0.7486979166666666 0.033854166666666664 0.049479166666666664
1 0.5286458333333334 0.6953125 0.041666666666666664 0.052083333333333336
1 0.5026041666666666 0.71484375 0.044270833333333336 0.06510416666666667
1 0.5963541666666666 0.4388020833333333 0.026041666666666668 0.052083333333333336
1 0.30078125 0.59375 0.028645833333333332 0.049479166666666664
1 0.5520833333333334 0.5169270833333334 0.041666666666666664 0.026041666666666668
1 0.5416666666666666 0.4661458333333333 0.018229166666666668 0.0390625
1 0.390625 0.27734375 0.036458333333333336 0.0390625
1 0.3997395833333333 0.24869791666666666 0.026041666666666668 0.041666666666666664
1 0.2942708333333333 0.4921875 0.026041666666666668 0.052083333333333336
1 0.2708333333333333 0.359375 0.03125 0.041666666666666664
1 0.4036458333333333 0.4778645833333333 0.036458333333333336 0.020833333333333332
1 0.4908854166666667 0.6419270833333334 0.026041666666666668 0.0390625
1 0.5 0.48828125 0.036458333333333336 0.036458333333333336
1 0.5390625 0.7903645833333334 0.026041666666666668 0.0546875
1 0.3645833333333333 0.5794270833333334 0.044270833333333336 0.044270833333333336
1 0.2877604166666667 0.5338541666666666 0.026041666666666668 0.059895833333333336
1 0.5611979166666666 0.6119791666666666 0.026041666666666668 0.049479166666666664