1 0.4166666666666667 0.3958333333333333 0.03125 0.044270833333333336
1 0.3958333333333333 0.40625 0.020833333333333332 0.028645833333333332
1 0.47265625 0.96875 0.0390625 0.041666666666666664
1 0.87890625 0.4401041666666667 0.028645833333333332 0.036458333333333336
1 0.4244791666666667 0.95703125 0.033854166666666664 0.020833333333333332
1 0.46875 0.9153645833333334 0.0234375 0.028645833333333332
1 0.4440104166666667 0.8776041666666666 0.0234375 0.0390625
1 0.4322916666666667 0.96875 0.03125 0.020833333333333332
1 0.77734375 0.4986979166666667 0.03125 0.03125
1 0.4947916666666667 0.15494791666666666 0.0234375 0.028645833333333332
1 0.2526041666666667 0.57421875 0.026041666666666668 0.03125
1 0.3346354166666667 0.5169270833333334 0.026041666666666668 0.0390625
1 0.4479166666666667 0.9049479166666666 0.026041666666666668 0.026041666666666668
1 0.6119791666666666 0.10026041666666667 0.03125 0.044270833333333336
1 0.7044270833333334 0.8893229166666666 0.026041666666666668 0.046875
1 0.36328125 0.44140625 0.036458333333333336 0.0390625
1 0.2565104166666667 0.53515625 0.028645833333333332 0.044270833333333336
1 0.2890625 0.58984375 0.033854166666666664 0.052083333333333336
1 0.35546875 0.4140625 0.033854166666666664 0.036458333333333336
1 0.625 0.22526041666666666 0.026041666666666668 0.026041666666666668
1 0.8046875 0.40234375 0.026041666666666668 0.041666666666666664
1 0.2604166666666667 0.5950520833333334 0.044270833333333336 0.033854166666666664
1 0.16536458333333334 0.671875 0.0390625 0.049479166666666664
1 0.3255208333333333 0.3919270833333333 0.036458333333333336 0.03125
1 0.7942708333333334 0.4752604166666667 0.0234375 0.041666666666666664
1 0.3776041666666667 0.4322916666666667 0.033854166666666664 0.0390625
1 0.8385416666666666 0.4596354166666667 0.015625 0.020833333333333332
1 0.5598958333333334 0.453125 0.026041666666666668 0.020833333333333332
1 0.4583333333333333 0.9036458333333334 0.028645833333333332 0.041666666666666664
1 0.3828125 0.63671875 0.0390625 0.0390625
1 0.703125 0.2760416666666667 0.018229166666666668 0.0234375
1 0.7200520833333334 0.35546875 0.0390625 0.03125
1 0.4817708333333333 0.421875 0.041666666666666664 0.044270833333333336
1 0.5091145833333334 0.87109375 0.0390625 0.049479166666666664
1 0.7317708333333334 0.6432291666666666 0.010416666666666666 0.010416666666666666
1 0.7643229166666666 0.3919270833333333 0.0234375 0.018229166666666668
1 0.3385416666666667 0.40234375 0.03125 0.026041666666666668
1 0.4856770833333333 0.44921875 0.026041666666666668 0.036458333333333336
1 0.8203125 0.5143229166666666 0.026041666666666668 0.036458333333333336
1 0.7005208333333334 0.25390625 0.033854166666666664 0.0234375
1 0.73046875 0.375 0.026041666666666668 0.049479166666666664
1 0.63671875 0.21223958333333334 0.03125 0.033854166666666664
1 0.4739583333333333 0.9635416666666666 0.03125 0.020833333333333332
1 0.7565104166666666 0.3697916666666667 0.028645833333333332 0.0390625
1 0.2721354166666667 0.4856770833333333 0.026041666666666668 0.026041666666666668
1 0.3736979166666667 0.37890625 0.033854166666666664 0.03125
1 0.7942708333333334 0.39453125 0.03125 0.036458333333333336
1 0.5611979166666666 0.4674479166666667 0.018229166666666668 0.020833333333333332