1 0.4127604166666667 0.11197916666666667 0.036458333333333336 0.06510416666666667
1 0.21614583333333334 0.48828125 0.049479166666666664 0.0546875
1 0.4010416666666667 0.421875 0.041666666666666664 0.0546875
1 0.4192708333333333 0.4986979166666667 0.03125 0.028645833333333332
1 0.2552083333333333 0.8606770833333334 0.036458333333333336 0.03125
1 0.43359375 0.7877604166666666 0.03125 0.028645833333333332
1 0.2864583333333333 0.6119791666666666 0.0234375 0.041666666666666664
1 0.45703125 0.9010416666666666 0.041666666666666664 0.044270833333333336
1 0.5859375 0.7174479166666666 0.049479166666666664 0.036458333333333336
1 0.5221354166666666 0.45703125 0.036458333333333336 0.044270833333333336
1 0.3854166666666667 0.5455729166666666 0.03125 0.052083333333333336
1 0.3177083333333333 0.47265625 0.0390625 0.049479166666666664
1 0.4075520833333333 0.8294270833333334 0.036458333333333336 0.041666666666666664
1 0.3841145833333333 0.44921875 0.044270833333333336 0.03125
1 0.2825520833333333 0.8736979166666666 0.046875 0.041666666666666664
1 0.44140625 0.984375 0.033854166666666664 0.03125
1 0.3020833333333333 0.7265625 0.036458333333333336 0.057291666666666664
1 0.51171875 0.3098958333333333 0.041666666666666664 0.036458333333333336
1 0.4140625 0.4036458333333333 0.036458333333333336 0.036458333333333336
1 0.4401041666666667 0.5716145833333334 0.046875 0.057291666666666664
1 0.2721354166666667 0.6080729166666666 0.033854166666666664 0.052083333333333336
1 0.15494791666666666 0.014322916666666666 0.028645833333333332 0.028645833333333332
1 0.22916666666666666 0.6041666666666666 0.0390625 0.052083333333333336
1 0.4518229166666667 0.72265625 0.041666666666666664 0.033854166666666664
1 0.4440104166666667 0.3802083333333333 0.0234375 0.046875
1 0.5546875 0.39453125 0.03125 0.0234375
1 0.3880208333333333 0.6315104166666666 0.046875 0.0625
1 0.55078125 0.59375 0.044270833333333336 0.06510416666666667
1 0.3229166666666667 0.5546875 0.03125 0.059895833333333336
1 0.3645833333333333 0.56640625 0.03125 0.026041666666666668
1 0.4661458333333333 0.82421875 0.033854166666666664 0.052083333333333336
1 0.2942708333333333 0.640625 0.0234375 0.0546875
1 0.42578125 0.22526041666666666 0.0390625 0.046875
1 0.4791666666666667 0.84375 0.0234375 0.049479166666666664
1 0.2942708333333333 0.7708333333333334 0.028645833333333332 0.046875
1 0.2838541666666667 0.640625 0.020833333333333332 0.049479166666666664
1 0.58984375 0.640625 0.046875 0.033854166666666664
1 0.3815104166666667 0.5 0.0234375 0.044270833333333336
1 0.4817708333333333 0.3033854166666667 0.033854166666666664 0.033854166666666664
1 0.3684895833333333 0.4609375 0.0390625 0.03125
1 0.4622395833333333 0.7682291666666666 0.036458333333333336 0.03125
1 0.4270833333333333 0.8138020833333334 0.036458333333333336 0.0390625
1 0.5598958333333334 0.4270833333333333 0.03125 0.052083333333333336
1 0.3567708333333333 0.2669270833333333 0.033854166666666664 0.026041666666666668
1 0.4817708333333333 0.19661458333333334 0.0625 0.052083333333333336
1 0.3697916666666667 0.6901041666666666 0.044270833333333336 0.0390625
1 0.5638020833333334 0.26953125 0.033854166666666664 0.0546875
1 0.57421875 0.22916666666666666 0.026041666666666668 0.020833333333333332
1 0.50390625 0.73828125 0.033854166666666664 0.052083333333333336
1 0.4661458333333333 0.3932291666666667 0.046875 0.06770833333333333
1 0.52734375 0.4088541666666667 0.028645833333333332 0.03125
1 0.3893229166666667 0.9088541666666666 0.0390625 0.0703125
1 0.3424479166666667 0.5572916666666666 0.036458333333333336 0.057291666666666664
1 0.3997395833333333 0.265625 0.036458333333333336 0.036458333333333336
1 0.5846354166666666 0.3971354166666667 0.036458333333333336 0.036458333333333336
1 0.640625 0.43359375 0.036458333333333336 0.06510416666666667
1 0.296875 0.3515625 0.0390625 0.059895833333333336
1 0.50390625 0.390625 0.03125 0.0390625
1 0.5455729166666666 0.23177083333333334 0.033854166666666664 0.028645833333333332
1 0.5872395833333334 0.3450520833333333 0.046875 0.06510416666666667
1 0.45703125 0.6067708333333334 0.046875 0.0390625
1 0.484375 0.8619791666666666 0.026041666666666668 0.044270833333333336
1 0.41796875 0.8841145833333334 0.0390625 0.049479166666666664
1 0.52734375 0.1953125 0.0390625 0.044270833333333336
1 0.3671875 0.5013020833333334 0.020833333333333332 0.033854166666666664
1 0.4361979166666667 0.8268229166666666 0.03125 0.044270833333333336
1 0.48828125 0.90234375 0.0390625 0.057291666666666664
1 0.40625 0.5677083333333334 0.0390625 0.046875
1 0.5091145833333334 0.53515625 0.033854166666666664 0.036458333333333336
1 0.515625 0.8958333333333334 0.041666666666666664 0.08072916666666667
1 0.4479166666666667 0.23177083333333334 0.0234375 0.044270833333333336
1 0.3671875 0.30859375 0.026041666666666668 0.0390625
1 0.5 0.7890625 0.03125 0.057291666666666664
1 0.3111979166666667 0.6666666666666666 0.03125 0.046875
1 0.2916666666666667 0.3098958333333333 0.028645833333333332 0.033854166666666664
1 0.5338541666666666 0.2109375 0.033854166666666664 0.049479166666666664
1 0.4505208333333333 0.2526041666666667 0.0234375 0.041666666666666664
1 0.6848958333333334 0.3489583333333333 0.049479166666666664 0.07291666666666667
1 0.44140625 0.6705729166666666 0.0234375 0.052083333333333336
1 0.6067708333333334 0.34765625 0.0390625 0.052083333333333336
1 0.3138020833333333 0.3268229166666667 0.03125 0.020833333333333332
1 0.3255208333333333 0.9440104166666666 0.041666666666666664 0.0390625
1 0.40234375 0.23828125 0.041666666666666664 0.044270833333333336
1 0.3411458333333333 0.6927083333333334 0.028645833333333332 0.0546875
1 0.4296875 0.2721354166666667 0.044270833333333336 0.0546875
1 0.296875 0.58203125 0.044270833333333336 0.03125
1 0.3723958333333333 0.2513020833333333 0.0390625 0.06770833333333333
1 0.3502604166666667 0.4895833333333333 0.041666666666666664 0.0625
1 0.4401041666666667 0.3138020833333333 0.036458333333333336 0.041666666666666664
1 0.6236979166666666 0.3606770833333333 0.028645833333333332 0.0546875
1 0.3984375 0.3359375 0.052083333333333336 0.049479166666666664
1 0.4205729166666667 0.91015625 0.044270833333333336 0.049479166666666664
1 0.37109375 0.8841145833333334 0.041666666666666664 0.049479166666666664
1 0.47265625 0.453125 0.049479166666666664 0.046875
1 0.4283854166666667 0.19791666666666666 0.044270833333333336 0.0390625
1 0.4817708333333333 0.12369791666666667 0.044270833333333336 0.057291666666666664
1 0.5950520833333334 0.6328125 0.03125 0.0625
1 0.703125 0.3776041666666667 0.028645833333333332 0.041666666666666664
1 0.4401041666666667 0.6223958333333334 0.041666666666666664 0.0703125
1 0.4192708333333333 0.3776041666666667 0.041666666666666664 0.028645833333333332
1 0.5625 0.33203125 0.0390625 0.049479166666666664
1 0.4661458333333333 0.2760416666666667 0.028645833333333332 0.046875
1 0.53125 0.54296875 0.028645833333333332 0.041666666666666664
1 0.4973958333333333 0.5611979166666666 0.046875 0.026041666666666668
1 0.3658854166666667 0.5963541666666666 0.03125 0.0390625
1 0.4479166666666667 0.53515625 0.03125 0.036458333333333336
1 0.45703125 0.3424479166666667 0.046875 0.03125
1 0.34765625 0.296875 0.041666666666666664 0.028645833333333332
1 0.3424479166666667 0.4895833333333333 0.026041666666666668 0.046875
1 0.4739583333333333 0.66796875 0.049479166666666664 0.036458333333333336
1 0.5390625 0.24609375 0.0390625 0.046875
1 0.390625 0.37109375 0.036458333333333336 0.0625
1 0.2578125 0.8216145833333334 0.046875 0.059895833333333336
1 0.2109375 0.12239583333333333 0.044270833333333336 0.041666666666666664
1 0.69140625 0.3177083333333333 0.049479166666666664 0.0546875
1 0.5533854166666666 0.6627604166666666 0.036458333333333336 0.059895833333333336
1 0.6158854166666666 0.2994791666666667 0.046875 0.0546875
1 0.3528645833333333 0.7825520833333334 0.041666666666666664 0.036458333333333336
1 0.6796875 0.22526041666666666 0.046875 0.046875
1 0.578125 0.4270833333333333 0.041666666666666664 0.0546875
1 0.5078125 0.3671875 0.041666666666666664 0.052083333333333336
1 0.4127604166666667 0.6119791666666666 0.033854166666666664 0.044270833333333336
1 0.390625 0.4986979166666667 0.028645833333333332 0.046875
1 0.33203125 0.6119791666666666 0.041666666666666664 0.041666666666666664
1 0.3736979166666667 0.6067708333333334 0.028645833333333332 0.0390625
1 0.5325520833333334 0.3606770833333333 0.049479166666666664 0.057291666666666664
1 0.3932291666666667 0.7981770833333334 0.0390625 0.041666666666666664
1 0.390625 0.4296875 0.049479166666666664 0.028645833333333332
1 0.453125 0.7981770833333334 0.036458333333333336 0.0390625
1 0.5221354166666666 0.42578125 0.041666666666666664 0.03125
1 0.31640625 0.50390625 0.0234375 0.028645833333333332
1 0.6015625 0.3098958333333333 0.03125 0.03125
1 0.5494791666666666 0.4440104166666667 0.03125 0.049479166666666664
1 0.5846354166666666 0.296875 0.026041666666666668 0.028645833333333332