1 0.52734375 0.38671875 0.026041666666666668 0.046875
1 0.5026041666666666 0.3177083333333333 0.03125 0.020833333333333332
1 0.5377604166666666 0.2760416666666667 0.018229166666666668 0.03125
1 0.7096354166666666 0.2877604166666667 0.026041666666666668 0.0390625
1 0.5494791666666666 0.375 0.0234375 0.044270833333333336
1 0.62890625 0.4153645833333333 0.0390625 0.026041666666666668
1 0.4583333333333333 0.4895833333333333 0.028645833333333332 0.026041666666666668
1 0.4674479166666667 0.40234375 0.0234375 0.033854166666666664
1 0.546875 0.3111979166666667 0.0234375 0.028645833333333332
1 0.5520833333333334 0.3333333333333333 0.026041666666666668 0.020833333333333332
1 0.57421875 0.3359375 0.03125 0.0390625
1 0.4947916666666667 0.3333333333333333 0.0390625 0.03125
1 0.6328125 0.4466145833333333 0.036458333333333336 0.03125
1 0.4583333333333333 0.4778645833333333 0.033854166666666664 0.028645833333333332
1 0.4713541666666667 0.3255208333333333 0.033854166666666664 0.041666666666666664
1 0.734375 0.3177083333333333 0.0390625 0.041666666666666664
1 0.6875 0.3385416666666667 0.028645833333333332 0.046875
1 0.6653645833333334 0.3177083333333333 0.036458333333333336 0.044270833333333336
1 0.5677083333333334 0.5364583333333334 0.033854166666666664 0.0234375
1 0.4518229166666667 0.4557291666666667 0.03125 0.0546875
1 0.3606770833333333 0.4466145833333333 0.020833333333333332 0.044270833333333336
1 0.453125 0.4596354166666667 0.0390625 0.03125
1 0.33203125 0.6705729166666666 0.03125 0.046875
1 0.6158854166666666 0.2916666666666667 0.036458333333333336 0.046875
1 0.5546875 0.4166666666666667 0.026041666666666668 0.049479166666666664
1 0.6106770833333334 0.4453125 0.0234375 0.0234375
1 0.5533854166666666 0.546875 0.0390625 0.026041666666666668
1 0.4505208333333333 0.3697916666666667 0.036458333333333336 0.036458333333333336
1 0.5234375 0.5208333333333334 0.03125 0.046875
1 0.4453125 0.57421875 0.0390625 0.0625
1 0.328125 0.6302083333333334 0.041666666666666664 0.026041666666666668
1 0.5078125 0.2708333333333333 0.03125 0.033854166666666664
1 0.6875 0.3203125 0.026041666666666668 0.046875
1 0.71484375 0.2760416666666667 0.041666666666666664 0.052083333333333336
1 0.6380208333333334 0.2747395833333333 0.041666666666666664 0.033854166666666664
1 0.5924479166666666 0.3619791666666667 0.041666666666666664 0.0625
1 0.68359375 0.4388020833333333 0.0390625 0.044270833333333336
1 0.4544270833333333 0.39453125 0.033854166666666664 0.052083333333333336
1 0.3997395833333333 0.35546875 0.03125 0.046875
1 0.46875 0.5208333333333334 0.026041666666666668 0.041666666666666664
1 0.43359375 0.55078125 0.041666666666666664 0.044270833333333336
1 0.4622395833333333 0.6341145833333334 0.03125 0.036458333333333336
1 0.5286458333333334 0.2721354166666667 0.020833333333333332 0.03125
1 0.4934895833333333 0.3515625 0.036458333333333336 0.033854166666666664
1 0.5625 0.3828125 0.026041666666666668 0.049479166666666664
1 0.6067708333333334 0.4270833333333333 0.0390625 0.026041666666666668
1 0.6588541666666666 0.46875 0.033854166666666664 0.020833333333333332
1 0.5963541666666666 0.453125 0.033854166666666664 0.018229166666666668
1 0.59765625 0.4661458333333333 0.036458333333333336 0.033854166666666664
1 0.6171875 0.4934895833333333 0.049479166666666664 0.033854166666666664
1 0.5833333333333334 0.52734375 0.03125 0.026041666666666668
1 0.55859375 0.5130208333333334 0.028645833333333332 0.049479166666666664
1 0.6119791666666666 0.4778645833333333 0.033854166666666664 0.0234375
1 0.5872395833333334 0.3111979166666667 0.028645833333333332 0.041666666666666664
1 0.5286458333333334 0.3203125 0.033854166666666664 0.033854166666666664
1 0.6901041666666666 0.2421875 0.0390625 0.041666666666666664
1 0.69921875 0.3528645833333333 0.026041666666666668 0.041666666666666664
1 0.5846354166666666 0.2903645833333333 0.033854166666666664 0.0390625
1 0.55859375 0.5169270833333334 0.028645833333333332 0.0234375
1 0.58984375 0.52734375 0.0234375 0.046875
1 0.62109375 0.4609375 0.03125 0.041666666666666664
1 0.5651041666666666 0.35546875 0.026041666666666668 0.026041666666666668
1 0.5260416666666666 0.3307291666666667 0.0234375 0.036458333333333336
1 0.5130208333333334 0.296875 0.033854166666666664 0.0234375
1 0.58984375 0.3294270833333333 0.020833333333333332 0.036458333333333336
1 0.6002604166666666 0.328125 0.028645833333333332 0.049479166666666664
1 0.7161458333333334 0.3190104166666667 0.0390625 0.033854166666666664
1 0.7018229166666666 0.3385416666666667 0.026041666666666668 0.036458333333333336
1 0.62890625 0.2526041666666667 0.028645833333333332 0.0546875
1 0.48046875 0.2890625 0.036458333333333336 0.041666666666666664
1 0.5208333333333334 0.359375 0.041666666666666664 0.028645833333333332
1 0.53125 0.4296875 0.0234375 0.044270833333333336
1 0.5755208333333334 0.4153645833333333 0.0390625 0.041666666666666664
1 0.5416666666666666 0.515625 0.028645833333333332 0.03125
1 0.4557291666666667 0.4127604166666667 0.018229166666666668 0.036458333333333336
1 0.484375 0.5234375 0.036458333333333336 0.033854166666666664