1 0.53515625 0.2669270833333333 0.046875 0.078125
1 0.578125 0.578125 0.041666666666666664 0.06770833333333333
1 0.5690104166666666 0.6184895833333334 0.033854166666666664 0.07552083333333333
1 0.5455729166666666 0.4557291666666667 0.033854166666666664 0.0859375
1 0.5325520833333334 0.578125 0.0390625 0.08333333333333333
1 0.71484375 0.87109375 0.033854166666666664 0.07552083333333333
1 0.5989583333333334 0.6197916666666666 0.044270833333333336 0.049479166666666664
1 0.4830729166666667 0.4153645833333333 0.0390625 0.08072916666666667
1 0.6041666666666666 0.37109375 0.052083333333333336 0.0546875
1 0.5729166666666666 0.6731770833333334 0.046875 0.057291666666666664
1 0.4583333333333333 0.4244791666666667 0.033854166666666664 0.033854166666666664
1 0.6692708333333334 0.5 0.0390625 0.0390625
1 0.515625 0.4869791666666667 0.033854166666666664 0.0859375
1 0.63671875 0.52734375 0.044270833333333336 0.07552083333333333
1 0.4973958333333333 0.3151041666666667 0.049479166666666664 0.06770833333333333
1 0.5598958333333334 0.6041666666666666 0.028645833333333332 0.07552083333333333
1 0.4921875 0.5481770833333334 0.041666666666666664 0.052083333333333336
1 0.578125 0.7109375 0.0390625 0.0546875
1 0.4609375 0.52734375 0.033854166666666664 0.08854166666666667
1 0.57421875 0.8020833333333334 0.03125 0.044270833333333336