1 0.5390625 0.6302083333333334 0.044270833333333336 0.041666666666666664
1 0.4440104166666667 0.6536458333333334 0.059895833333333336 0.057291666666666664
1 0.3880208333333333 0.6393229166666666 0.052083333333333336 0.044270833333333336
1 0.6380208333333334 0.52734375 0.049479166666666664 0.041666666666666664
1 0.6497395833333334 0.5091145833333334 0.0390625 0.033854166666666664
1 0.6940104166666666 0.4166666666666667 0.052083333333333336 0.041666666666666664
1 0.5690104166666666 0.4596354166666667 0.052083333333333336 0.046875
1 0.4622395833333333 0.4973958333333333 0.06770833333333333 0.06510416666666667
1 0.4869791666666667 0.41796875 0.0546875 0.0546875
1 0.7122395833333334 0.23567708333333334 0.059895833333333336 0.0625
1 0.4270833333333333 0.6875 0.059895833333333336 0.0546875
1 0.5611979166666666 0.48828125 0.057291666666666664 0.049479166666666664
1 0.6575520833333334 0.5807291666666666 0.052083333333333336 0.046875
1 0.5859375 0.3372395833333333 0.059895833333333336 0.059895833333333336
1 0.3958333333333333 0.4895833333333333 0.057291666666666664 0.046875
1 0.5533854166666666 0.41796875 0.059895833333333336 0.059895833333333336
1 0.7213541666666666 0.3723958333333333 0.057291666666666664 0.059895833333333336
1 0.5950520833333334 0.62109375 0.059895833333333336 0.057291666666666664
1 0.33203125 0.4453125 0.059895833333333336 0.0625
1 0.5403645833333334 0.64453125 0.046875 0.044270833333333336
1 0.5390625 0.5390625 0.052083333333333336 0.044270833333333336
1 0.5911458333333334 0.5403645833333334 0.049479166666666664 0.046875
1 0.1953125 0.65625 0.0703125 0.06510416666666667
1 0.3138020833333333 0.3932291666666667 0.06770833333333333 0.057291666666666664
1 0.72265625 0.4583333333333333 0.033854166666666664 0.041666666666666664
1 0.5299479166666666 0.5052083333333334 0.041666666666666664 0.041666666666666664
1 0.59375 0.4348958333333333 0.052083333333333336 0.0546875
1 0.4205729166666667 0.3984375 0.0546875 0.0546875
1 0.5260416666666666 0.3255208333333333 0.052083333333333336 0.0546875
1 0.671875 0.3606770833333333 0.059895833333333336 0.057291666666666664
1 0.2903645833333333 0.4752604166666667 0.0703125 0.06770833333333333
1 0.5533854166666666 0.546875 0.049479166666666664 0.046875
1 0.4049479166666667 0.4635416666666667 0.06770833333333333 0.059895833333333336
1 0.2903645833333333 0.5364583333333334 0.06770833333333333 0.057291666666666664
1 0.6875 0.4401041666666667 0.057291666666666664 0.0546875
1 0.6848958333333334 0.5 0.044270833333333336 0.041666666666666664
1 0.4765625 0.51953125 0.06510416666666667 0.0546875
1 0.6223958333333334 0.4973958333333333 0.049479166666666664 0.041666666666666664
1 0.21223958333333334 0.6028645833333334 0.052083333333333336 0.059895833333333336