1 0.6341145833333334 0.42578125 0.028645833333333332 0.041666666666666664
1 0.4986979166666667 0.4361979166666667 0.03125 0.0390625
1 0.59375 0.4088541666666667 0.03125 0.044270833333333336
1 0.390625 0.40625 0.028645833333333332 0.057291666666666664
1 0.27734375 0.4674479166666667 0.03125 0.041666666666666664
1 0.59375 0.4622395833333333 0.020833333333333332 0.0234375
1 0.3997395833333333 0.46875 0.015625 0.018229166666666668
1 0.3111979166666667 0.59765625 0.03125 0.028645833333333332
1 0.5338541666666666 0.5572916666666666 0.018229166666666668 0.033854166666666664
1 0.2838541666666667 0.3997395833333333 0.026041666666666668 0.026041666666666668
1 0.19140625 0.484375 0.026041666666666668 0.03125
1 0.5208333333333334 0.5208333333333334 0.015625 0.036458333333333336
1 0.3841145833333333 0.3580729166666667 0.018229166666666668 0.036458333333333336
1 0.4322916666666667 0.6419270833333334 0.026041666666666668 0.036458333333333336
1 0.3450520833333333 0.6380208333333334 0.0234375 0.0234375
1 0.6015625 0.4856770833333333 0.018229166666666668 0.018229166666666668
1 0.2513020833333333 0.3645833333333333 0.03125 0.036458333333333336
1 0.3424479166666667 0.6927083333333334 0.03125 0.044270833333333336
1 0.234375 0.5338541666666666 0.0234375 0.0390625
1 0.6875 0.4557291666666667 0.03125 0.020833333333333332
1 0.4908854166666667 0.6796875 0.018229166666666668 0.018229166666666668
1 0.6119791666666666 0.46484375 0.020833333333333332 0.03125
1 0.2421875 0.5611979166666666 0.026041666666666668 0.015625
1 0.4153645833333333 0.4231770833333333 0.018229166666666668 0.028645833333333332
1 0.3138020833333333 0.4791666666666667 0.03125 0.020833333333333332
1 0.2734375 0.4205729166666667 0.028645833333333332 0.028645833333333332
1 0.2421875 0.3893229166666667 0.020833333333333332 0.03125
1 0.3177083333333333 0.37109375 0.033854166666666664 0.036458333333333336
1 0.5859375 0.51171875 0.018229166666666668 0.041666666666666664
1 0.6041666666666666 0.43359375 0.0234375 0.020833333333333332
1 0.5885416666666666 0.6471354166666666 0.015625 0.020833333333333332
1 0.3424479166666667 0.38671875 0.036458333333333336 0.049479166666666664
1 0.3658854166666667 0.6276041666666666 0.020833333333333332 0.03125
1 0.5403645833333334 0.4934895833333333 0.036458333333333336 0.0234375
1 0.30859375 0.5338541666666666 0.020833333333333332 0.018229166666666668
1 0.5078125 0.5677083333333334 0.028645833333333332 0.015625
1 0.3815104166666667 0.6536458333333334 0.036458333333333336 0.041666666666666664
1 0.3190104166666667 0.43359375 0.0390625 0.03125
1 0.25 0.6640625 0.028645833333333332 0.049479166666666664
1 0.546875 0.65234375 0.026041666666666668 0.018229166666666668
1 0.20703125 0.5572916666666666 0.028645833333333332 0.018229166666666668
1 0.546875 0.60546875 0.015625 0.018229166666666668
1 0.2799479166666667 0.375 0.036458333333333336 0.036458333333333336
1 0.4036458333333333 0.3489583333333333 0.0234375 0.041666666666666664
1 0.4127604166666667 0.4791666666666667 0.018229166666666668 0.036458333333333336
1 0.421875 0.3489583333333333 0.0234375 0.052083333333333336
1 0.5755208333333334 0.6497395833333334 0.026041666666666668 0.046875
1 0.4973958333333333 0.5846354166666666 0.020833333333333332 0.020833333333333332
1 0.4791666666666667 0.5768229166666666 0.026041666666666668 0.018229166666666668
1 0.2421875 0.4544270833333333 0.026041666666666668 0.06510416666666667
1 0.453125 0.51171875 0.0234375 0.033854166666666664
1 0.3268229166666667 0.4244791666666667 0.028645833333333332 0.026041666666666668
1 0.5286458333333334 0.6692708333333334 0.020833333333333332 0.026041666666666668
1 0.3619791666666667 0.7096354166666666 0.036458333333333336 0.03125
1 0.5703125 0.4375 0.020833333333333332 0.041666666666666664
1 0.23958333333333334 0.4856770833333333 0.026041666666666668 0.028645833333333332
1 0.62109375 0.6080729166666666 0.028645833333333332 0.03125
1 0.4010416666666667 0.6041666666666666 0.03125 0.044270833333333336
1 0.3268229166666667 0.5494791666666666 0.020833333333333332 0.0234375
1 0.2669270833333333 0.5208333333333334 0.015625 0.026041666666666668
1 0.49609375 0.6354166666666666 0.0234375 0.041666666666666664
1 0.2916666666666667 0.6927083333333334 0.028645833333333332 0.033854166666666664
1 0.3333333333333333 0.5807291666666666 0.0390625 0.0390625
1 0.24348958333333334 0.3424479166666667 0.0390625 0.018229166666666668
1 0.5807291666666666 0.6002604166666666 0.03125 0.049479166666666664
1 0.47265625 0.5299479166666666 0.03125 0.03125
1 0.5755208333333334 0.5611979166666666 0.03125 0.0234375
1 0.6236979166666666 0.3684895833333333 0.026041666666666668 0.046875
1 0.6848958333333334 0.4010416666666667 0.018229166666666668 0.046875
1 0.2864583333333333 0.6536458333333334 0.018229166666666668 0.028645833333333332
1 0.47265625 0.6145833333333334 0.033854166666666664 0.028645833333333332
1 0.20963541666666666 0.57421875 0.026041666666666668 0.018229166666666668
1 0.3098958333333333 0.6263020833333334 0.020833333333333332 0.052083333333333336
1 0.2630208333333333 0.4765625 0.033854166666666664 0.036458333333333336
1 0.6171875 0.63671875 0.018229166666666668 0.036458333333333336
1 0.5716145833333334 0.48046875 0.028645833333333332 0.018229166666666668
1 0.4440104166666667 0.6067708333333334 0.03125 0.033854166666666664
1 0.5481770833333334 0.3450520833333333 0.036458333333333336 0.026041666666666668
1 0.5572916666666666 0.37109375 0.0234375 0.0390625
1 0.5807291666666666 0.3880208333333333 0.03125 0.044270833333333336
1 0.3619791666666667 0.4231770833333333 0.036458333333333336 0.033854166666666664
1 0.24479166666666666 0.4973958333333333 0.026041666666666668 0.0390625
1 0.5208333333333334 0.5833333333333334 0.0234375 0.0234375
1 0.4778645833333333 0.6419270833333334 0.026041666666666668 0.033854166666666664
1 0.4231770833333333 0.7122395833333334 0.026041666666666668 0.036458333333333336
1 0.6171875 0.4231770833333333 0.018229166666666668 0.0390625
1 0.4778645833333333 0.5026041666666666 0.026041666666666668 0.020833333333333332
1 0.3177083333333333 0.4986979166666667 0.028645833333333332 0.026041666666666668
1 0.5989583333333334 0.60546875 0.0234375 0.018229166666666668
1 0.23046875 0.5807291666666666 0.028645833333333332 0.036458333333333336
1 0.4348958333333333 0.3919270833333333 0.015625 0.033854166666666664
1 0.21614583333333334 0.5091145833333334 0.020833333333333332 0.046875
1 0.4166666666666667 0.30859375 0.041666666666666664 0.0234375
1 0.44921875 0.578125 0.0390625 0.026041666666666668
1 0.42578125 0.4440104166666667 0.026041666666666668 0.0390625
1 0.5104166666666666 0.5455729166666666 0.03125 0.020833333333333332
1 0.5364583333333334 0.4153645833333333 0.041666666666666664 0.046875
1 0.7109375 0.44140625 0.015625 0.036458333333333336
1 0.5533854166666666 0.4466145833333333 0.026041666666666668 0.041666666666666664
1 0.5703125 0.51953125 0.018229166666666668 0.026041666666666668
1 0.5052083333333334 0.6940104166666666 0.018229166666666668 0.028645833333333332
1 0.265625 0.6861979166666666 0.033854166666666664 0.049479166666666664
1 0.5286458333333334 0.6927083333333334 0.015625 0.020833333333333332
1 0.5065104166666666 0.4596354166666667 0.033854166666666664 0.0390625
1 0.3684895833333333 0.390625 0.018229166666666668 0.036458333333333336
1 0.4127604166666667 0.3971354166666667 0.0234375 0.036458333333333336
1 0.48828125 0.6041666666666666 0.020833333333333332 0.026041666666666668
1 0.3645833333333333 0.4505208333333333 0.036458333333333336 0.033854166666666664
1 0.3697916666666667 0.4661458333333333 0.036458333333333336 0.03125