1 0.4166666666666667 0.6184895833333334 0.03125 0.033854166666666664
1 0.3997395833333333 0.5169270833333334 0.0234375 0.052083333333333336
1 0.4856770833333333 0.5377604166666666 0.028645833333333332 0.044270833333333336
1 0.3776041666666667 0.5260416666666666 0.033854166666666664 0.033854166666666664
1 0.5494791666666666 0.6002604166666666 0.028645833333333332 0.033854166666666664
1 0.4283854166666667 0.6901041666666666 0.026041666666666668 0.049479166666666664
1 0.55859375 0.6940104166666666 0.026041666666666668 0.028645833333333332
1 0.390625 0.3958333333333333 0.03125 0.0390625
1 0.4309895833333333 0.8385416666666666 0.028645833333333332 0.033854166666666664
1 0.5143229166666666 0.734375 0.028645833333333332 0.033854166666666664
1 0.6158854166666666 0.6471354166666666 0.026041666666666668 0.033854166666666664
1 0.5078125 0.6510416666666666 0.020833333333333332 0.046875
1 0.4674479166666667 0.6236979166666666 0.028645833333333332 0.033854166666666664
1 0.3763020833333333 0.7044270833333334 0.0234375 0.033854166666666664
1 0.33203125 0.5872395833333334 0.03125 0.03125
1 0.3932291666666667 0.5546875 0.026041666666666668 0.028645833333333332