1 0.6770833333333334 0.5442708333333334 0.0546875 0.046875
1 0.7083333333333334 0.3359375 0.044270833333333336 0.044270833333333336
1 0.6002604166666666 0.4557291666666667 0.057291666666666664 0.046875
1 0.41796875 0.7213541666666666 0.049479166666666664 0.07291666666666667
1 0.4453125 0.8489583333333334 0.057291666666666664 0.08333333333333333
1 0.4049479166666667 0.203125 0.057291666666666664 0.07552083333333333
1 0.65625 0.6171875 0.049479166666666664 0.0546875
1 0.3658854166666667 0.328125 0.033854166666666664 0.0546875
1 0.3450520833333333 0.4817708333333333 0.044270833333333336 0.07291666666666667
1 0.6341145833333334 0.50390625 0.0546875 0.057291666666666664
1 0.5494791666666666 0.3763020833333333 0.0546875 0.057291666666666664
1 0.40234375 0.3424479166666667 0.0546875 0.041666666666666664
1 0.3971354166666667 0.3203125 0.052083333333333336 0.059895833333333336
1 0.203125 0.5911458333333334 0.033854166666666664 0.0703125
1 0.390625 0.5703125 0.06510416666666667 0.08333333333333333
1 0.4270833333333333 0.7721354166666666 0.052083333333333336 0.06510416666666667
1 0.5026041666666666 0.55859375 0.06510416666666667 0.078125
1 0.6966145833333334 0.3255208333333333 0.041666666666666664 0.046875
1 0.5403645833333334 0.4375 0.049479166666666664 0.041666666666666664
1 0.23697916666666666 0.5026041666666666 0.044270833333333336 0.0546875
1 0.48828125 0.6302083333333334 0.036458333333333336 0.0625
1 0.5729166666666666 0.4283854166666667 0.052083333333333336 0.078125
1 0.3463541666666667 0.3033854166666667 0.052083333333333336 0.07552083333333333
1 0.4361979166666667 0.5872395833333334 0.046875 0.0625
1 0.4817708333333333 0.7044270833333334 0.078125 0.057291666666666664
1 0.7447916666666666 0.4283854166666667 0.0625 0.07552083333333333
1 0.46875 0.7786458333333334 0.059895833333333336 0.0625
1 0.3359375 0.4049479166666667 0.057291666666666664 0.078125
1 0.38671875 0.7083333333333334 0.059895833333333336 0.07291666666666667
1 0.4752604166666667 0.6236979166666666 0.044270833333333336 0.078125
1 0.6276041666666666 0.6875 0.06770833333333333 0.0546875
1 0.2747395833333333 0.3489583333333333 0.044270833333333336 0.0546875
1 0.29296875 0.4375 0.052083333333333336 0.059895833333333336
1 0.7526041666666666 0.3463541666666667 0.046875 0.078125
1 0.65234375 0.2591145833333333 0.052083333333333336 0.06510416666666667
1 0.24088541666666666 0.5846354166666666 0.046875 0.078125
1 0.6497395833333334 0.3658854166666667 0.0625 0.049479166666666664
1 0.5377604166666666 0.41015625 0.059895833333333336 0.041666666666666664
1 0.2721354166666667 0.41796875 0.0390625 0.0546875
1 0.46484375 0.671875 0.059895833333333336 0.049479166666666664
1 0.4622395833333333 0.6041666666666666 0.041666666666666664 0.0703125
1 0.6236979166666666 0.7330729166666666 0.0546875 0.07291666666666667
1 0.2721354166666667 0.37109375 0.0546875 0.06510416666666667
1 0.24869791666666666 0.4388020833333333 0.044270833333333336 0.06770833333333333
1 0.22786458333333334 0.4856770833333333 0.041666666666666664 0.06510416666666667
1 0.3033854166666667 0.7682291666666666 0.0625 0.07291666666666667
1 0.7018229166666666 0.3606770833333333 0.041666666666666664 0.03125
1 0.6145833333333334 0.44921875 0.052083333333333336 0.046875
1 0.4778645833333333 0.3515625 0.0546875 0.0625
1 0.4583333333333333 0.3763020833333333 0.052083333333333336 0.07552083333333333
1 0.35546875 0.46875 0.036458333333333336 0.052083333333333336
1 0.3059895833333333 0.4518229166666667 0.046875 0.06770833333333333
1 0.6822916666666666 0.12630208333333334 0.046875 0.07291666666666667
1 0.6223958333333334 0.3138020833333333 0.0546875 0.08072916666666667
1 0.67578125 0.4895833333333333 0.052083333333333336 0.07291666666666667
1 0.4661458333333333 0.30859375 0.06510416666666667 0.07291666666666667
1 0.375 0.3815104166666667 0.0703125 0.06510416666666667
1 0.5625 0.7578125 0.06510416666666667 0.09114583333333333
1 0.3984375 0.796875 0.0546875 0.052083333333333336