1 0.6822916666666666 0.3489583333333333 0.046875 0.0546875
1 0.6223958333333334 0.3229166666666667 0.044270833333333336 0.057291666666666664
1 0.7057291666666666 0.3567708333333333 0.041666666666666664 0.0546875
1 0.5638020833333334 0.5807291666666666 0.033854166666666664 0.052083333333333336
1 0.5091145833333334 0.44140625 0.03125 0.052083333333333336
1 0.3580729166666667 0.5091145833333334 0.044270833333333336 0.0390625
1 0.78515625 0.3515625 0.052083333333333336 0.049479166666666664
1 0.5546875 0.3268229166666667 0.036458333333333336 0.052083333333333336
1 0.6015625 0.4921875 0.036458333333333336 0.057291666666666664
1 0.7447916666666666 0.6145833333333334 0.044270833333333336 0.041666666666666664
1 0.8854166666666666 0.6875 0.041666666666666664 0.057291666666666664
1 0.5247395833333334 0.5338541666666666 0.033854166666666664 0.0546875
1 0.8046875 0.3059895833333333 0.046875 0.06510416666666667
1 0.73828125 0.37890625 0.052083333333333336 0.044270833333333336
1 0.52734375 0.28125 0.044270833333333336 0.044270833333333336
1 0.62109375 0.6015625 0.049479166666666664 0.044270833333333336
1 0.5963541666666666 0.3111979166666667 0.03125 0.0546875
1 0.5729166666666666 0.6627604166666666 0.033854166666666664 0.052083333333333336
1 0.7278645833333334 0.62890625 0.0390625 0.046875
1 0.7291666666666666 0.4596354166666667 0.046875 0.041666666666666664
1 0.5677083333333334 0.703125 0.036458333333333336 0.049479166666666664
1 0.91015625 0.6848958333333334 0.028645833333333332 0.049479166666666664
1 0.8984375 0.671875 0.036458333333333336 0.0625
1 0.7421875 0.3372395833333333 0.036458333333333336 0.059895833333333336
1 0.4635416666666667 0.5247395833333334 0.036458333333333336 0.057291666666666664
1 0.74609375 0.6471354166666666 0.041666666666666664 0.052083333333333336
1 0.8033854166666666 0.21354166666666666 0.036458333333333336 0.06510416666666667
1 0.8203125 0.66015625 0.033854166666666664 0.057291666666666664
1 0.4388020833333333 0.54296875 0.044270833333333336 0.052083333333333336
1 0.5026041666666666 0.6106770833333334 0.046875 0.041666666666666664
1 0.54296875 0.5416666666666666 0.041666666666666664 0.049479166666666664
1 0.5481770833333334 0.7135416666666666 0.026041666666666668 0.041666666666666664