1 0.61328125 0.6041666666666666 0.08333333333333333 0.09895833333333333
1 0.8111979166666666 0.6328125 0.1171875 0.13020833333333334
1 0.5598958333333334 0.7135416666666666 0.125 0.0859375
1 0.5924479166666666 0.8880208333333334 0.12760416666666666 0.12760416666666666
1 0.5546875 0.56640625 0.10677083333333333 0.1328125
1 0.72265625 0.4674479166666667 0.10416666666666667 0.078125
1 0.74609375 0.7330729166666666 0.10677083333333333 0.10677083333333333
1 0.4817708333333333 0.5403645833333334 0.1015625 0.08072916666666667
1 0.6861979166666666 0.8059895833333334 0.09895833333333333 0.1015625
1 0.3619791666666667 0.5729166666666666 0.11458333333333333 0.07552083333333333
1 0.5533854166666666 0.65234375 0.10416666666666667 0.1015625