1 0.6263020833333334 0.3958333333333333 0.036458333333333336 0.044270833333333336
1 0.5078125 0.39453125 0.057291666666666664 0.036458333333333336
1 0.5703125 0.46484375 0.059895833333333336 0.07552083333333333
1 0.44921875 0.5260416666666666 0.049479166666666664 0.0390625
1 0.48828125 0.6731770833333334 0.057291666666666664 0.06770833333333333
1 0.4270833333333333 0.5846354166666666 0.046875 0.059895833333333336
1 0.5182291666666666 0.4895833333333333 0.041666666666666664 0.028645833333333332
1 0.5065104166666666 0.4453125 0.057291666666666664 0.049479166666666664
1 0.4231770833333333 0.5026041666666666 0.0546875 0.0546875
1 0.6354166666666666 0.3229166666666667 0.0546875 0.059895833333333336
1 0.5481770833333334 0.3684895833333333 0.059895833333333336 0.059895833333333336
1 0.4309895833333333 0.6822916666666666 0.046875 0.052083333333333336
1 0.4361979166666667 0.4205729166666667 0.059895833333333336 0.052083333333333336
1 0.6380208333333334 0.38671875 0.049479166666666664 0.07291666666666667
1 0.4674479166666667 0.55859375 0.057291666666666664 0.0390625
1 0.609375 0.484375 0.052083333333333336 0.078125
1 0.47265625 0.5078125 0.0546875 0.044270833333333336
1 0.4114583333333333 0.6510416666666666 0.0625 0.06770833333333333
1 0.5078125 0.6223958333333334 0.044270833333333336 0.07291666666666667
1 0.58984375 0.390625 0.057291666666666664 0.0703125
1 0.5208333333333334 0.4348958333333333 0.057291666666666664 0.044270833333333336
1 0.4830729166666667 0.47265625 0.049479166666666664 0.036458333333333336
1 0.5625 0.4947916666666667 0.052083333333333336 0.0546875
1 0.5546875 0.4140625 0.052083333333333336 0.046875
1 0.46875 0.3971354166666667 0.0625 0.044270833333333336
1 0.5130208333333334 0.5794270833333334 0.057291666666666664 0.044270833333333336
1 0.4934895833333333 0.609375 0.049479166666666664 0.078125
1 0.4739583333333333 0.6197916666666666 0.033854166666666664 0.059895833333333336
1 0.6041666666666666 0.3541666666666667 0.0546875 0.0390625
1 0.5520833333333334 0.3138020833333333 0.052083333333333336 0.06510416666666667
1 0.6002604166666666 0.4765625 0.0390625 0.0625
1 0.546875 0.5182291666666666 0.041666666666666664 0.046875
1 0.4583333333333333 0.6809895833333334 0.049479166666666664 0.052083333333333336
1 0.52734375 0.5598958333333334 0.059895833333333336 0.0625
1 0.4544270833333333 0.62890625 0.049479166666666664 0.07552083333333333
1 0.4830729166666667 0.4401041666666667 0.057291666666666664 0.052083333333333336
1 0.4283854166666667 0.609375 0.041666666666666664 0.052083333333333336
1 0.5546875 0.5442708333333334 0.059895833333333336 0.041666666666666664
1 0.47265625 0.5807291666666666 0.052083333333333336 0.041666666666666664
1 0.55078125 0.4466145833333333 0.041666666666666664 0.059895833333333336
1 0.51171875 0.5325520833333334 0.052083333333333336 0.0625