1 0.4947916666666667 0.3528645833333333 0.0234375 0.0234375
1 0.4830729166666667 0.45703125 0.052083333333333336 0.052083333333333336
1 0.6028645833333334 0.3203125 0.03125 0.028645833333333332
1 0.5 0.4986979166666667 0.0546875 0.06510416666666667
1 0.54296875 0.6953125 0.03125 0.07291666666666667
1 0.4791666666666667 0.4296875 0.0625 0.0703125
1 0.5989583333333334 0.2916666666666667 0.03125 0.052083333333333336
1 0.4713541666666667 0.3411458333333333 0.03125 0.041666666666666664
1 0.5690104166666666 0.7005208333333334 0.020833333333333332 0.06770833333333333
1 0.5104166666666666 0.6276041666666666 0.028645833333333332 0.09895833333333333
1 0.4856770833333333 0.38671875 0.036458333333333336 0.036458333333333336
1 0.5416666666666666 0.65625 0.0390625 0.06770833333333333
1 0.5078125 0.3684895833333333 0.026041666666666668 0.078125