1 0.2786458333333333 0.6354166666666666 0.036458333333333336 0.03125
1 0.5807291666666666 0.4088541666666667 0.036458333333333336 0.028645833333333332
1 0.4973958333333333 0.62890625 0.020833333333333332 0.026041666666666668
1 0.5481770833333334 0.7447916666666666 0.0390625 0.026041666666666668
1 0.6484375 0.5546875 0.020833333333333332 0.020833333333333332
1 0.4166666666666667 0.5169270833333334 0.0390625 0.026041666666666668
1 0.4244791666666667 0.53515625 0.0390625 0.020833333333333332
1 0.5559895833333334 0.42578125 0.0390625 0.046875
1 0.5677083333333334 0.3984375 0.041666666666666664 0.028645833333333332
1 0.3359375 0.6783854166666666 0.0234375 0.036458333333333336
1 0.6354166666666666 0.4401041666666667 0.0234375 0.033854166666666664
1 0.2578125 0.7018229166666666 0.036458333333333336 0.044270833333333336
1 0.37109375 0.51171875 0.03125 0.028645833333333332
1 0.40234375 0.625 0.0390625 0.0234375
1 0.4401041666666667 0.6927083333333334 0.03125 0.0234375
1 0.3671875 0.4596354166666667 0.026041666666666668 0.026041666666666668
1 0.45703125 0.55859375 0.03125 0.018229166666666668
1 0.5846354166666666 0.6536458333333334 0.044270833333333336 0.028645833333333332
1 0.4505208333333333 0.6354166666666666 0.028645833333333332 0.03125
1 0.3502604166666667 0.421875 0.036458333333333336 0.036458333333333336
1 0.4309895833333333 0.6640625 0.041666666666666664 0.028645833333333332
1 0.6263020833333334 0.6197916666666666 0.0234375 0.026041666666666668
1 0.6380208333333334 0.5390625 0.0234375 0.026041666666666668
1 0.57421875 0.6653645833333334 0.052083333333333336 0.026041666666666668
1 0.46484375 0.7252604166666666 0.033854166666666664 0.020833333333333332
1 0.6236979166666666 0.5703125 0.028645833333333332 0.041666666666666664
1 0.6393229166666666 0.6119791666666666 0.0234375 0.028645833333333332
1 0.46875 0.7005208333333334 0.0234375 0.033854166666666664
1 0.42578125 0.5572916666666666 0.033854166666666664 0.028645833333333332
1 0.4869791666666667 0.6653645833333334 0.0390625 0.0234375
1 0.4817708333333333 0.6927083333333334 0.026041666666666668 0.0234375
1 0.3138020833333333 0.6536458333333334 0.036458333333333336 0.020833333333333332
1 0.4036458333333333 0.6901041666666666 0.0390625 0.0234375
1 0.4791666666666667 0.7747395833333334 0.0234375 0.026041666666666668
1 0.59375 0.54296875 0.041666666666666664 0.018229166666666668
1 0.5859375 0.3893229166666667 0.03125 0.026041666666666668
1 0.5221354166666666 0.44140625 0.036458333333333336 0.036458333333333336
1 0.5598958333333334 0.6354166666666666 0.0390625 0.036458333333333336
1 0.52734375 0.6028645833333334 0.018229166666666668 0.03125
1 0.3385416666666667 0.5013020833333334 0.026041666666666668 0.028645833333333332
1 0.4401041666666667 0.5559895833333334 0.03125 0.03125
1 0.4661458333333333 0.6731770833333334 0.0546875 0.033854166666666664
1 0.4114583333333333 0.6510416666666666 0.026041666666666668 0.015625
1 0.55859375 0.53515625 0.03125 0.018229166666666668
1 0.45703125 0.6549479166666666 0.020833333333333332 0.0234375
1 0.37109375 0.4231770833333333 0.026041666666666668 0.0234375
1 0.6158854166666666 0.5859375 0.013020833333333334 0.018229166666666668
1 0.4947916666666667 0.7213541666666666 0.041666666666666664 0.026041666666666668
1 0.37890625 0.6705729166666666 0.041666666666666664 0.020833333333333332
1 0.62890625 0.6666666666666666 0.036458333333333336 0.026041666666666668
1 0.34375 0.4466145833333333 0.049479166666666664 0.03125
1 0.4296875 0.6549479166666666 0.036458333333333336 0.026041666666666668
1 0.6640625 0.5546875 0.036458333333333336 0.0234375
1 0.41015625 0.6666666666666666 0.026041666666666668 0.03125
1 0.3138020833333333 0.6276041666666666 0.028645833333333332 0.028645833333333332
1 0.4322916666666667 0.6315104166666666 0.03125 0.018229166666666668
1 0.4557291666666667 0.6145833333333334 0.0390625 0.020833333333333332
1 0.4674479166666667 0.7421875 0.036458333333333336 0.026041666666666668
1 0.40234375 0.61328125 0.028645833333333332 0.018229166666666668
1 0.3802083333333333 0.4609375 0.044270833333333336 0.033854166666666664
1 0.46484375 0.66015625 0.026041666666666668 0.0234375
1 0.3841145833333333 0.5911458333333334 0.028645833333333332 0.020833333333333332
1 0.6106770833333334 0.51171875 0.026041666666666668 0.03125
1 0.4361979166666667 0.5234375 0.036458333333333336 0.033854166666666664
1 0.515625 0.5716145833333334 0.03125 0.0390625
1 0.50390625 0.7317708333333334 0.041666666666666664 0.033854166666666664
1 0.52734375 0.5546875 0.018229166666666668 0.026041666666666668
1 0.4934895833333333 0.5494791666666666 0.03125 0.033854166666666664
1 0.51171875 0.52734375 0.020833333333333332 0.033854166666666664
1 0.42578125 0.7161458333333334 0.03125 0.028645833333333332
1 0.4401041666666667 0.578125 0.0390625 0.026041666666666668
1 0.4973958333333333 0.56640625 0.036458333333333336 0.028645833333333332
1 0.2708333333333333 0.6588541666666666 0.049479166666666664 0.028645833333333332
1 0.4231770833333333 0.625 0.0390625 0.026041666666666668
1 0.3919270833333333 0.5546875 0.041666666666666664 0.036458333333333336
1 0.24479166666666666 0.7096354166666666 0.03125 0.028645833333333332
1 0.4322916666666667 0.6783854166666666 0.033854166666666664 0.020833333333333332
1 0.4635416666666667 0.5390625 0.015625 0.0234375
1 0.2708333333333333 0.7122395833333334 0.026041666666666668 0.0234375
1 0.6614583333333334 0.5416666666666666 0.028645833333333332 0.020833333333333332
1 0.5546875 0.6549479166666666 0.03125 0.044270833333333336
1 0.5 0.703125 0.033854166666666664 0.026041666666666668
1 0.3515625 0.6106770833333334 0.057291666666666664 0.026041666666666668
1 0.5885416666666666 0.4830729166666667 0.03125 0.033854166666666664
1 0.5416666666666666 0.609375 0.0390625 0.036458333333333336
1 0.6067708333333334 0.4453125 0.026041666666666668 0.0234375
1 0.4765625 0.515625 0.028645833333333332 0.028645833333333332
1 0.6315104166666666 0.5208333333333334 0.033854166666666664 0.0234375
1 0.60546875 0.5338541666666666 0.041666666666666664 0.026041666666666668
1 0.4049479166666667 0.578125 0.03125 0.018229166666666668
1 0.3528645833333333 0.4518229166666667 0.036458333333333336 0.020833333333333332
1 0.5286458333333334 0.4973958333333333 0.033854166666666664 0.026041666666666668
1 0.4934895833333333 0.6796875 0.020833333333333332 0.0234375
1 0.484375 0.7096354166666666 0.03125 0.028645833333333332
1 0.6184895833333334 0.6315104166666666 0.0234375 0.020833333333333332
1 0.6315104166666666 0.6809895833333334 0.018229166666666668 0.026041666666666668
1 0.4739583333333333 0.5455729166666666 0.018229166666666668 0.0234375
1 0.4166666666666667 0.6979166666666666 0.036458333333333336 0.028645833333333332
1 0.41015625 0.55078125 0.041666666666666664 0.028645833333333332
1 0.4921875 0.53515625 0.028645833333333332 0.028645833333333332
1 0.5559895833333334 0.6067708333333334 0.036458333333333336 0.0390625
1 0.5403645833333334 0.57421875 0.028645833333333332 0.026041666666666668
1 0.27734375 0.6640625 0.0234375 0.026041666666666668
1 0.5598958333333334 0.5807291666666666 0.03125 0.028645833333333332
1 0.6315104166666666 0.6015625 0.044270833333333336 0.026041666666666668
1 0.4947916666666667 0.58203125 0.026041666666666668 0.028645833333333332
1 0.4713541666666667 0.6328125 0.0234375 0.026041666666666668
1 0.4752604166666667 0.7578125 0.020833333333333332 0.028645833333333332
1 0.5234375 0.63671875 0.041666666666666664 0.028645833333333332
1 0.5598958333333334 0.546875 0.033854166666666664 0.018229166666666668
1 0.6354166666666666 0.5625 0.018229166666666668 0.026041666666666668
1 0.3619791666666667 0.57421875 0.020833333333333332 0.026041666666666668
1 0.3111979166666667 0.6901041666666666 0.0390625 0.028645833333333332
1 0.5403645833333334 0.46875 0.026041666666666668 0.028645833333333332
1 0.3411458333333333 0.4674479166666667 0.044270833333333336 0.0234375
1 0.58984375 0.4127604166666667 0.020833333333333332 0.03125
1 0.56640625 0.6966145833333334 0.028645833333333332 0.03125
1 0.3138020833333333 0.6575520833333334 0.018229166666666668 0.0234375
1 0.2838541666666667 0.6953125 0.041666666666666664 0.026041666666666668
1 0.5130208333333334 0.60546875 0.026041666666666668 0.03125
1 0.3919270833333333 0.56640625 0.036458333333333336 0.015625
1 0.4856770833333333 0.60546875 0.028645833333333332 0.03125
1 0.4830729166666667 0.63671875 0.0234375 0.028645833333333332
1 0.3528645833333333 0.5963541666666666 0.0390625 0.026041666666666668
1 0.5234375 0.5182291666666666 0.0234375 0.03125
1 0.4440104166666667 0.7096354166666666 0.020833333333333332 0.03125
1 0.4752604166666667 0.65625 0.0234375 0.018229166666666668
1 0.609375 0.6197916666666666 0.0234375 0.033854166666666664