0 0.6536458333333334 0.4583333333333333 0.0703125 0.14583333333333334
1 0.5130208333333334 0.4440104166666667 0.028645833333333332 0.0234375
1 0.4817708333333333 0.31640625 0.0390625 0.0390625
1 0.51171875 0.23307291666666666 0.041666666666666664 0.03125
1 0.5611979166666666 0.66015625 0.026041666666666668 0.046875
1 0.4453125 0.6966145833333334 0.0234375 0.046875
1 0.4934895833333333 0.7291666666666666 0.028645833333333332 0.0546875
1 0.5455729166666666 0.4440104166666667 0.03125 0.036458333333333336
1 0.4622395833333333 0.4908854166666667 0.033854166666666664 0.03125
1 0.4440104166666667 0.3528645833333333 0.044270833333333336 0.057291666666666664
1 0.3802083333333333 0.8203125 0.026041666666666668 0.0546875
1 0.5533854166666666 0.5690104166666666 0.0234375 0.046875
1 0.24348958333333334 0.4296875 0.028645833333333332 0.052083333333333336
1 0.33984375 0.390625 0.0390625 0.052083333333333336
1 0.4309895833333333 0.4296875 0.044270833333333336 0.03125
1 0.4036458333333333 0.5559895833333334 0.0390625 0.046875
1 0.3932291666666667 0.68359375 0.028645833333333332 0.052083333333333336
1 0.3697916666666667 0.8385416666666666 0.03125 0.057291666666666664
1 0.5598958333333334 0.6888020833333334 0.049479166666666664 0.036458333333333336
1 0.5729166666666666 0.21744791666666666 0.026041666666666668 0.0546875
1 0.4869791666666667 0.69921875 0.0390625 0.033854166666666664
1 0.4635416666666667 0.4466145833333333 0.03125 0.03125
1 0.4466145833333333 0.42578125 0.033854166666666664 0.020833333333333332
1 0.4049479166666667 0.4674479166666667 0.033854166666666664 0.044270833333333336
1 0.5572916666666666 0.6158854166666666 0.028645833333333332 0.057291666666666664
1 0.6966145833333334 0.3697916666666667 0.041666666666666664 0.0546875
1 0.52734375 0.19270833333333334 0.028645833333333332 0.028645833333333332
1 0.4296875 0.8515625 0.03125 0.0546875
1 0.4947916666666667 0.7552083333333334 0.028645833333333332 0.041666666666666664
1 0.5247395833333334 0.4205729166666667 0.0390625 0.046875
1 0.2942708333333333 0.3515625 0.0390625 0.049479166666666664
1 0.4921875 0.13671875 0.044270833333333336 0.03125
1 0.5494791666666666 0.21614583333333334 0.020833333333333332 0.036458333333333336
1 0.3841145833333333 0.45703125 0.036458333333333336 0.044270833333333336
1 0.5546875 0.3177083333333333 0.046875 0.0390625
1 0.52734375 0.16536458333333334 0.036458333333333336 0.026041666666666668
1 0.55078125 0.3502604166666667 0.026041666666666668 0.046875
1 0.5768229166666666 0.2578125 0.033854166666666664 0.057291666666666664
1 0.4518229166666667 0.8111979166666666 0.026041666666666668 0.036458333333333336
1 0.4192708333333333 0.8294270833333334 0.028645833333333332 0.044270833333333336
1 0.5078125 0.6653645833333334 0.028645833333333332 0.049479166666666664
1 0.5377604166666666 0.5690104166666666 0.03125 0.046875
1 0.5247395833333334 0.5390625 0.033854166666666664 0.0234375
1 0.3072916666666667 0.4635416666666667 0.028645833333333332 0.052083333333333336
1 0.3736979166666667 0.4908854166666667 0.044270833333333336 0.044270833333333336
1 0.2877604166666667 0.3294270833333333 0.026041666666666668 0.049479166666666664
1 0.5520833333333334 0.4231770833333333 0.0390625 0.036458333333333336
1 0.3502604166666667 0.4700520833333333 0.0390625 0.026041666666666668
1 0.3411458333333333 0.328125 0.0390625 0.03125
1 0.5078125 0.6145833333333334 0.0234375 0.052083333333333336
1 0.5325520833333334 0.58984375 0.026041666666666668 0.049479166666666664
1 0.515625 0.4622395833333333 0.03125 0.036458333333333336
1 0.5494791666666666 0.4114583333333333 0.036458333333333336 0.0234375
1 0.4583333333333333 0.78515625 0.020833333333333332 0.036458333333333336
1 0.3203125 0.5455729166666666 0.044270833333333336 0.052083333333333336
1 0.34375 0.24739583333333334 0.03125 0.052083333333333336
1 0.4622395833333333 0.23828125 0.033854166666666664 0.052083333333333336
1 0.39453125 0.796875 0.033854166666666664 0.046875
1 0.3502604166666667 0.45703125 0.036458333333333336 0.028645833333333332
1 0.4322916666666667 0.47265625 0.03125 0.059895833333333336
1 0.4010416666666667 0.7291666666666666 0.03125 0.046875
1 0.4635416666666667 0.6940104166666666 0.0390625 0.049479166666666664
1 0.43359375 0.703125 0.041666666666666664 0.06510416666666667
1 0.6119791666666666 0.4739583333333333 0.0234375 0.052083333333333336
1 0.28125 0.5234375 0.026041666666666668 0.046875
1 0.5442708333333334 0.5325520833333334 0.041666666666666664 0.026041666666666668
1 0.5494791666666666 0.4817708333333333 0.015625 0.036458333333333336
1 0.46875 0.25390625 0.033854166666666664 0.0390625
1 0.4869791666666667 0.23046875 0.0234375 0.041666666666666664
1 0.30859375 0.42578125 0.0234375 0.052083333333333336
1 0.3294270833333333 0.2916666666666667 0.03125 0.0390625
1 0.4166666666666667 0.4479166666666667 0.036458333333333336 0.018229166666666668
1 0.4453125 0.6315104166666666 0.0234375 0.0390625
1 0.50390625 0.48828125 0.033854166666666664 0.033854166666666664
1 0.4427083333333333 0.7877604166666666 0.0234375 0.0546875
1 0.3463541666666667 0.53125 0.041666666666666664 0.041666666666666664
1 0.2877604166666667 0.4622395833333333 0.0234375 0.059895833333333336
1 0.5221354166666666 0.625 0.026041666666666668 0.049479166666666664