1 0.3450520833333333 0.5247395833333334 0.0390625 0.028645833333333332
1 0.5703125 0.4479166666666667 0.026041666666666668 0.046875
1 0.36328125 0.4088541666666667 0.020833333333333332 0.049479166666666664
1 0.4375 0.3333333333333333 0.0390625 0.057291666666666664
1 0.4075520833333333 0.1953125 0.0390625 0.052083333333333336
1 0.3515625 0.5768229166666666 0.03125 0.046875
1 0.5533854166666666 0.3971354166666667 0.036458333333333336 0.036458333333333336
1 0.3958333333333333 0.4153645833333333 0.0390625 0.036458333333333336
1 0.484375 0.3268229166666667 0.036458333333333336 0.03125
1 0.5442708333333334 0.6028645833333334 0.041666666666666664 0.03125
1 0.6497395833333334 0.5755208333333334 0.036458333333333336 0.049479166666666664
1 0.4674479166666667 0.4674479166666667 0.041666666666666664 0.026041666666666668
1 0.4973958333333333 0.453125 0.036458333333333336 0.03125
1 0.6015625 0.4296875 0.0234375 0.052083333333333336
1 0.5377604166666666 0.58984375 0.036458333333333336 0.028645833333333332
1 0.58203125 0.21875 0.036458333333333336 0.049479166666666664
1 0.3424479166666667 0.6588541666666666 0.0390625 0.020833333333333332