1 0.2903645833333333 0.58984375 0.028645833333333332 0.057291666666666664
1 0.4908854166666667 0.15494791666666666 0.036458333333333336 0.052083333333333336
1 0.4466145833333333 0.5455729166666666 0.046875 0.044270833333333336
1 0.5234375 0.20963541666666666 0.046875 0.036458333333333336
1 0.5026041666666666 0.2890625 0.033854166666666664 0.0546875
1 0.5403645833333334 0.5221354166666666 0.0625 0.0390625
1 0.5572916666666666 0.7421875 0.044270833333333336 0.06770833333333333
1 0.5104166666666666 0.24088541666666666 0.0390625 0.059895833333333336
1 0.3971354166666667 0.2825520833333333 0.049479166666666664 0.044270833333333336
1 0.4622395833333333 0.5221354166666666 0.046875 0.0390625
1 0.38671875 0.4765625 0.044270833333333336 0.028645833333333332
1 0.4739583333333333 0.55859375 0.049479166666666664 0.0390625