1 0.4375 0.7161458333333334 0.1015625 0.1171875
1 0.3229166666666667 0.77734375 0.0546875 0.07552083333333333
1 0.4401041666666667 0.5651041666666666 0.08072916666666667 0.08333333333333333
1 0.041666666666666664 0.5950520833333334 0.078125 0.06770833333333333
1 0.6106770833333334 0.58203125 0.09375 0.11197916666666667
1 0.5572916666666666 0.3307291666666667 0.078125 0.07291666666666667
1 0.7317708333333334 0.20442708333333334 0.0703125 0.07552083333333333
1 0.59375 0.8489583333333334 0.0625 0.06770833333333333
1 0.6028645833333334 0.69140625 0.08333333333333333 0.08854166666666667
1 0.4375 0.875 0.0625 0.08333333333333333
1 0.69140625 0.8020833333333334 0.0859375 0.1015625
1 0.4361979166666667 0.24609375 0.059895833333333336 0.078125
1 0.5416666666666666 0.23697916666666666 0.06510416666666667 0.0703125
1 0.72265625 0.3268229166666667 0.07291666666666667 0.09114583333333333
1 0.6028645833333334 0.7903645833333334 0.07291666666666667 0.08854166666666667