0 0.20182291666666666 0.7161458333333334 0.140625 0.20833333333333334
0 0.54296875 0.8255208333333334 0.18489583333333334 0.20572916666666666
0 0.4192708333333333 0.359375 0.1953125 0.22916666666666666
0 0.70703125 0.85546875 0.15364583333333334 0.18229166666666666
0 0.7395833333333334 0.8125 0.11458333333333333 0.17447916666666666
0 0.4674479166666667 0.234375 0.17708333333333334 0.22916666666666666
0 0.6653645833333334 0.25390625 0.109375 0.19791666666666666
0 0.5690104166666666 0.5416666666666666 0.12760416666666666 0.17708333333333334
0 0.4479166666666667 0.5572916666666666 0.15885416666666666 0.15364583333333334
0 0.2591145833333333 0.4973958333333333 0.19270833333333334 0.22916666666666666
0 0.62109375 0.13151041666666666 0.15625 0.20833333333333334
0 0.84765625 0.5533854166666666 0.1640625 0.203125
0 0.65625 0.4752604166666667 0.11458333333333333 0.20833333333333334