1 0.52734375 0.72265625 0.0703125 0.09635416666666667
1 0.9153645833333334 0.9114583333333334 0.015625 0.0625
1 0.4453125 0.82421875 0.03125 0.0703125
1 0.4700520833333333 0.5833333333333334 0.0625 0.06510416666666667
1 0.11458333333333333 0.7669270833333334 0.06510416666666667 0.044270833333333336
1 0.6341145833333334 0.5325520833333334 0.059895833333333336 0.09895833333333333
1 0.4856770833333333 0.3216145833333333 0.0625 0.0546875
1 0.59765625 0.13671875 0.049479166666666664 0.0625
1 0.72265625 0.7838541666666666 0.044270833333333336 0.0546875
1 0.6692708333333334 0.6354166666666666 0.059895833333333336 0.0703125
1 0.5885416666666666 0.8697916666666666 0.033854166666666664 0.078125
1 0.7942708333333334 0.703125 0.057291666666666664 0.0859375
1 0.3424479166666667 0.2916666666666667 0.033854166666666664 0.07291666666666667
1 0.4348958333333333 0.24088541666666666 0.046875 0.0546875
1 0.63671875 0.25390625 0.046875 0.08072916666666667
1 0.09505208333333333 0.9244791666666666 0.033854166666666664 0.046875
1 0.7083333333333334 0.7278645833333334 0.049479166666666664 0.07552083333333333