1 0.640625 0.7057291666666666 0.044270833333333336 0.026041666666666668
1 0.4700520833333333 0.5703125 0.036458333333333336 0.03125
1 0.4166666666666667 0.53125 0.052083333333333336 0.0390625
1 0.5768229166666666 0.5143229166666666 0.049479166666666664 0.03125
1 0.56640625 0.5572916666666666 0.046875 0.033854166666666664
1 0.67578125 0.6692708333333334 0.0390625 0.036458333333333336
1 0.5078125 0.58203125 0.049479166666666664 0.028645833333333332
1 0.5026041666666666 0.5611979166666666 0.049479166666666664 0.03125
1 0.4752604166666667 0.5299479166666666 0.052083333333333336 0.026041666666666668
1 0.4700520833333333 0.70703125 0.049479166666666664 0.0234375
1 0.4192708333333333 0.65625 0.0390625 0.028645833333333332
1 0.6315104166666666 0.6940104166666666 0.036458333333333336 0.026041666666666668
1 0.5768229166666666 0.546875 0.046875 0.03125
1 0.8502604166666666 0.7447916666666666 0.044270833333333336 0.028645833333333332
1 0.5963541666666666 0.640625 0.052083333333333336 0.026041666666666668
1 0.4166666666666667 0.6796875 0.041666666666666664 0.036458333333333336
1 0.4817708333333333 0.609375 0.046875 0.0234375
1 0.6354166666666666 0.57421875 0.041666666666666664 0.028645833333333332
1 0.6953125 0.70703125 0.03125 0.028645833333333332
1 0.4765625 0.5091145833333334 0.0390625 0.033854166666666664
1 0.4296875 0.5 0.046875 0.026041666666666668
1 0.8606770833333334 0.5625 0.044270833333333336 0.036458333333333336
1 0.69140625 0.5364583333333334 0.049479166666666664 0.033854166666666664
1 0.66796875 0.6263020833333334 0.052083333333333336 0.028645833333333332
1 0.5078125 0.69921875 0.0546875 0.028645833333333332
1 0.6419270833333334 0.6809895833333334 0.044270833333333336 0.036458333333333336
1 0.4361979166666667 0.6106770833333334 0.057291666666666664 0.026041666666666668
1 0.4192708333333333 0.5755208333333334 0.0390625 0.03125
1 0.4010416666666667 0.5677083333333334 0.049479166666666664 0.026041666666666668
1 0.59375 0.6197916666666666 0.0546875 0.028645833333333332
1 0.5234375 0.55078125 0.03125 0.036458333333333336
1 0.4440104166666667 0.671875 0.036458333333333336 0.033854166666666664
1 0.6184895833333334 0.5221354166666666 0.044270833333333336 0.03125
1 0.7825520833333334 0.5455729166666666 0.0390625 0.036458333333333336
1 0.765625 0.5924479166666666 0.03125 0.026041666666666668
1 0.7799479166666666 0.6497395833333334 0.044270833333333336 0.028645833333333332
1 0.45703125 0.5403645833333334 0.046875 0.03125
1 0.4973958333333333 0.6002604166666666 0.052083333333333336 0.026041666666666668