1 0.39453125 0.5169270833333334 0.044270833333333336 0.06770833333333333
1 0.52734375 0.28515625 0.044270833333333336 0.049479166666666664
1 0.7552083333333334 0.4557291666666667 0.033854166666666664 0.059895833333333336
1 0.3580729166666667 0.2513020833333333 0.0234375 0.036458333333333336
1 0.3359375 0.26171875 0.033854166666666664 0.033854166666666664
1 0.6783854166666666 0.4192708333333333 0.041666666666666664 0.0390625
1 0.3776041666666667 0.20572916666666666 0.033854166666666664 0.057291666666666664
1 0.48046875 0.4583333333333333 0.0234375 0.046875
1 0.4166666666666667 0.12890625 0.0390625 0.044270833333333336
1 0.46484375 0.4505208333333333 0.03125 0.049479166666666664
1 0.5611979166666666 0.3723958333333333 0.03125 0.0546875
1 0.4921875 0.3815104166666667 0.036458333333333336 0.0546875
1 0.3854166666666667 0.3033854166666667 0.044270833333333336 0.036458333333333336
1 0.4661458333333333 0.484375 0.03125 0.0546875
1 0.5299479166666666 0.1640625 0.0390625 0.06510416666666667