1 0.32421875 0.16015625 0.036458333333333336 0.041666666666666664
1 0.8255208333333334 0.8411458333333334 0.020833333333333332 0.0390625
1 0.8229166666666666 0.2916666666666667 0.026041666666666668 0.0234375
1 0.7721354166666666 0.6588541666666666 0.0234375 0.03125
1 0.4895833333333333 0.70703125 0.020833333333333332 0.03125
1 0.5494791666666666 0.5221354166666666 0.028645833333333332 0.026041666666666668
1 0.17447916666666666 0.4388020833333333 0.026041666666666668 0.028645833333333332
1 0.2552083333333333 0.3606770833333333 0.0234375 0.026041666666666668
1 0.2942708333333333 0.6028645833333334 0.036458333333333336 0.059895833333333336
1 0.4544270833333333 0.3255208333333333 0.0390625 0.041666666666666664
1 0.74609375 0.6158854166666666 0.0234375 0.033854166666666664
1 0.4700520833333333 0.1796875 0.03125 0.036458333333333336
1 0.3645833333333333 0.5924479166666666 0.033854166666666664 0.0390625
1 0.3776041666666667 0.4388020833333333 0.028645833333333332 0.028645833333333332
1 0.3489583333333333 0.11067708333333333 0.0234375 0.020833333333333332
1 0.3385416666666667 0.60546875 0.036458333333333336 0.0390625
1 0.48046875 0.30078125 0.026041666666666668 0.020833333333333332
1 0.3671875 0.1328125 0.044270833333333336 0.046875
1 0.4856770833333333 0.2825520833333333 0.044270833333333336 0.0390625