1 0.6158854166666666 0.7057291666666666 0.041666666666666664 0.052083333333333336
1 0.55078125 0.7096354166666666 0.0390625 0.0546875
1 0.640625 0.70703125 0.036458333333333336 0.052083333333333336
1 0.5872395833333334 0.4479166666666667 0.028645833333333332 0.049479166666666664
1 0.48828125 0.5572916666666666 0.026041666666666668 0.052083333333333336
1 0.37109375 0.44140625 0.041666666666666664 0.036458333333333336
1 0.7135416666666666 0.7408854166666666 0.049479166666666664 0.044270833333333336
1 0.4895833333333333 0.6809895833333334 0.033854166666666664 0.049479166666666664
1 0.5911458333333334 0.5442708333333334 0.03125 0.0546875
1 0.76953125 0.48046875 0.041666666666666664 0.036458333333333336
1 0.9270833333333334 0.4635416666666667 0.036458333333333336 0.0546875
1 0.53515625 0.4765625 0.028645833333333332 0.052083333333333336
1 0.71484375 0.7903645833333334 0.0390625 0.0625
1 0.6796875 0.6979166666666666 0.049479166666666664 0.0390625
1 0.4479166666666667 0.7135416666666666 0.041666666666666664 0.041666666666666664
1 0.6497395833333334 0.44921875 0.046875 0.0390625
1 0.5221354166666666 0.7109375 0.026041666666666668 0.052083333333333336
1 0.6276041666666666 0.3736979166666667 0.028645833333333332 0.049479166666666664
1 0.7591145833333334 0.4609375 0.033854166666666664 0.044270833333333336
1 0.69921875 0.6197916666666666 0.044270833333333336 0.036458333333333336
1 0.6354166666666666 0.3346354166666667 0.03125 0.046875
1 0.94921875 0.4739583333333333 0.0234375 0.049479166666666664
1 0.93359375 0.4817708333333333 0.03125 0.059895833333333336
1 0.66796875 0.73828125 0.028645833333333332 0.057291666666666664
1 0.4739583333333333 0.4635416666666667 0.028645833333333332 0.0546875
1 0.7825520833333334 0.4505208333333333 0.0390625 0.049479166666666664
1 0.6809895833333334 0.8763020833333334 0.028645833333333332 0.0625
1 0.85546875 0.46484375 0.028645833333333332 0.0546875
1 0.4583333333333333 0.4388020833333333 0.0390625 0.049479166666666664
1 0.5416666666666666 0.3971354166666667 0.044270833333333336 0.036458333333333336
1 0.5559895833333334 0.4765625 0.0390625 0.044270833333333336
1 0.6223958333333334 0.3177083333333333 0.0234375 0.041666666666666664