1 0.515625 0.34765625 0.044270833333333336 0.049479166666666664
1 0.16015625 0.5481770833333334 0.06510416666666667 0.041666666666666664
1 0.609375 0.24869791666666666 0.0703125 0.057291666666666664
1 0.5611979166666666 0.5234375 0.0625 0.0546875
1 0.46484375 0.47265625 0.06510416666666667 0.046875
1 0.3658854166666667 0.5416666666666666 0.044270833333333336 0.052083333333333336
1 0.48828125 0.7552083333333334 0.059895833333333336 0.057291666666666664
1 0.625 0.35546875 0.0546875 0.0625
1 0.4609375 0.5481770833333334 0.052083333333333336 0.052083333333333336
1 0.19140625 0.50390625 0.052083333333333336 0.0390625
1 0.5794270833333334 0.5520833333333334 0.0625 0.046875
1 0.8307291666666666 0.5286458333333334 0.06770833333333333 0.052083333333333336
1 0.4622395833333333 0.6861979166666666 0.044270833333333336 0.052083333333333336
1 0.7109375 0.2682291666666667 0.059895833333333336 0.044270833333333336
1 0.2552083333333333 0.5325520833333334 0.06510416666666667 0.046875
1 0.66796875 0.4921875 0.0546875 0.0546875
1 0.3684895833333333 0.3268229166666667 0.057291666666666664 0.044270833333333336