1 0.39453125 0.5169270833333334 0.059895833333333336 0.0703125
1 0.5911458333333334 0.6966145833333334 0.052083333333333336 0.0546875
1 0.7565104166666666 0.4622395833333333 0.046875 0.059895833333333336
1 0.44140625 0.7799479166666666 0.03125 0.036458333333333336
1 0.4166666666666667 0.77734375 0.036458333333333336 0.036458333333333336
1 0.6940104166666666 0.5208333333333334 0.044270833333333336 0.044270833333333336
1 0.4752604166666667 0.8177083333333334 0.046875 0.057291666666666664
1 0.4947916666666667 0.5455729166666666 0.033854166666666664 0.044270833333333336
1 0.53515625 0.87890625 0.046875 0.049479166666666664
1 0.4817708333333333 0.5572916666666666 0.041666666666666664 0.052083333333333336
1 0.59765625 0.6028645833333334 0.044270833333333336 0.0546875
1 0.5286458333333334 0.6158854166666666 0.046875 0.0546875
1 0.4518229166666667 0.72265625 0.049479166666666664 0.044270833333333336
1 0.47265625 0.5247395833333334 0.044270833333333336 0.0546875
1 0.6328125 0.8098958333333334 0.0546875 0.06510416666666667