1 0.3515625 0.4739583333333333 0.028645833333333332 0.0234375
1 0.3697916666666667 0.4674479166666667 0.0234375 0.0234375
1 0.24609375 0.52734375 0.028645833333333332 0.018229166666666668
1 0.2669270833333333 0.5169270833333334 0.028645833333333332 0.020833333333333332
1 0.4153645833333333 0.4635416666666667 0.028645833333333332 0.0234375
1 0.31640625 0.4986979166666667 0.020833333333333332 0.015625
1 0.3515625 0.4895833333333333 0.026041666666666668 0.0234375
1 0.390625 0.4700520833333333 0.028645833333333332 0.018229166666666668
1 0.3372395833333333 0.4869791666666667 0.026041666666666668 0.026041666666666668
1 0.6015625 0.3984375 0.03125 0.018229166666666668
1 0.4427083333333333 0.45703125 0.03125 0.026041666666666668
1 0.4596354166666667 0.44921875 0.028645833333333332 0.0234375
1 0.3854166666666667 0.48046875 0.026041666666666668 0.018229166666666668
1 0.4934895833333333 0.4322916666666667 0.0234375 0.018229166666666668
1 0.3203125 0.50390625 0.020833333333333332 0.013020833333333334
1 0.3971354166666667 0.4544270833333333 0.03125 0.028645833333333332
1 0.4283854166666667 0.44921875 0.036458333333333336 0.028645833333333332
1 0.54296875 0.4166666666666667 0.028645833333333332 0.026041666666666668