1 0.5169270833333334 0.7109375 0.0546875 0.046875
1 0.54296875 0.2981770833333333 0.041666666666666664 0.06510416666666667
1 0.6979166666666666 0.3515625 0.0546875 0.08333333333333333
1 0.3984375 0.3880208333333333 0.052083333333333336 0.078125
1 0.5065104166666666 0.4114583333333333 0.052083333333333336 0.06770833333333333
1 0.12239583333333333 0.50390625 0.07291666666666667 0.07552083333333333
1 0.3580729166666667 0.5833333333333334 0.046875 0.07291666666666667
1 0.4505208333333333 0.18619791666666666 0.059895833333333336 0.0546875
1 0.4114583333333333 0.5859375 0.057291666666666664 0.041666666666666664
1 0.4270833333333333 0.546875 0.046875 0.057291666666666664
1 0.22526041666666666 0.4205729166666667 0.0625 0.0703125
1 0.4869791666666667 0.49609375 0.041666666666666664 0.06510416666666667
1 0.3515625 0.4440104166666667 0.057291666666666664 0.046875
1 0.16666666666666666 0.62109375 0.0390625 0.036458333333333336
1 0.54296875 0.5559895833333334 0.046875 0.057291666666666664
1 0.2981770833333333 0.5625 0.041666666666666664 0.0546875
1 0.48046875 0.7994791666666666 0.057291666666666664 0.08333333333333333