1 0.515625 0.51171875 0.07552083333333333 0.0234375
1 0.390625 0.5807291666666666 0.08333333333333333 0.03125
1 0.8359375 0.4947916666666667 0.06770833333333333 0.044270833333333336
1 0.5416666666666666 0.6067708333333334 0.0625 0.046875
1 0.3072916666666667 0.5611979166666666 0.07552083333333333 0.036458333333333336
1 0.3294270833333333 0.5013020833333334 0.0390625 0.0390625
1 0.47265625 0.6041666666666666 0.044270833333333336 0.0390625
1 0.4739583333333333 0.4479166666666667 0.052083333333333336 0.033854166666666664
1 0.46875 0.484375 0.07552083333333333 0.041666666666666664
1 0.171875 0.5924479166666666 0.07552083333333333 0.03125
1 0.5104166666666666 0.6315104166666666 0.036458333333333336 0.041666666666666664
1 0.34765625 0.57421875 0.0703125 0.041666666666666664
1 0.4544270833333333 0.5690104166666666 0.0703125 0.028645833333333332
1 0.4283854166666667 0.5104166666666666 0.078125 0.03125
1 0.5729166666666666 0.6263020833333334 0.08854166666666667 0.033854166666666664
1 0.3984375 0.5611979166666666 0.08854166666666667 0.03125
1 0.5703125 0.5390625 0.0859375 0.046875