0 0.4114583333333333 0.58203125 0.2109375 0.2682291666666667
0 0.2265625 0.3125 0.1953125 0.18229166666666666
0 0.3502604166666667 0.1640625 0.15364583333333334 0.24739583333333334
0 0.5833333333333334 0.11197916666666667 0.21614583333333334 0.18229166666666666
0 0.3802083333333333 0.7213541666666666 0.18489583333333334 0.15364583333333334
0 0.5677083333333334 0.51171875 0.18489583333333334 0.2109375
0 0.65234375 0.4088541666666667 0.18489583333333334 0.13802083333333334
0 0.3450520833333333 0.5755208333333334 0.16666666666666666 0.2604166666666667
0 0.2708333333333333 0.7825520833333334 0.17708333333333334 0.1640625
0 0.3658854166666667 0.2955729166666667 0.21354166666666666 0.2864583333333333
0 0.4114583333333333 0.9075520833333334 0.1875 0.18489583333333334
0 0.4505208333333333 0.8111979166666666 0.15104166666666666 0.19270833333333334
0 0.23177083333333334 0.7096354166666666 0.203125 0.1953125
0 0.515625 0.4127604166666667 0.20572916666666666 0.2578125
0 0.4765625 0.29296875 0.20052083333333334 0.2604166666666667