1 0.38671875 0.19791666666666666 0.028645833333333332 0.0390625
1 0.3984375 0.6158854166666666 0.0390625 0.028645833333333332
1 0.3971354166666667 0.4153645833333333 0.036458333333333336 0.041666666666666664
1 0.5325520833333334 0.4453125 0.026041666666666668 0.028645833333333332
1 0.296875 0.59765625 0.026041666666666668 0.03125
1 0.4348958333333333 0.3919270833333333 0.020833333333333332 0.033854166666666664
1 0.4908854166666667 0.4856770833333333 0.036458333333333336 0.015625
1 0.4231770833333333 0.2421875 0.026041666666666668 0.028645833333333332
1 0.3411458333333333 0.546875 0.028645833333333332 0.0390625
1 0.39453125 0.640625 0.052083333333333336 0.020833333333333332
1 0.3541666666666667 0.5911458333333334 0.026041666666666668 0.033854166666666664
1 0.3854166666666667 0.22916666666666666 0.028645833333333332 0.026041666666666668
1 0.3411458333333333 0.390625 0.046875 0.046875
1 0.3515625 0.3463541666666667 0.044270833333333336 0.0234375
1 0.4440104166666667 0.31640625 0.057291666666666664 0.026041666666666668
1 0.4713541666666667 0.5533854166666666 0.06510416666666667 0.0234375
1 0.4166666666666667 0.3932291666666667 0.033854166666666664 0.033854166666666664
1 0.4075520833333333 0.2643229166666667 0.0390625 0.033854166666666664
1 0.3333333333333333 0.4908854166666667 0.0390625 0.03125
1 0.4049479166666667 0.6041666666666666 0.033854166666666664 0.036458333333333336
1 0.3984375 0.4661458333333333 0.028645833333333332 0.026041666666666668
1 0.3541666666666667 0.640625 0.03125 0.041666666666666664
1 0.3268229166666667 0.453125 0.0390625 0.0390625
1 0.4192708333333333 0.20052083333333334 0.0390625 0.033854166666666664
1 0.3580729166666667 0.23046875 0.028645833333333332 0.044270833333333336
1 0.3580729166666667 0.4401041666666667 0.057291666666666664 0.020833333333333332
1 0.4375 0.359375 0.033854166666666664 0.041666666666666664
1 0.3111979166666667 0.51953125 0.0390625 0.046875
1 0.4309895833333333 0.6002604166666666 0.03125 0.044270833333333336
1 0.390625 0.3515625 0.026041666666666668 0.036458333333333336
1 0.421875 0.4934895833333333 0.057291666666666664 0.0234375
1 0.2838541666666667 0.6158854166666666 0.028645833333333332 0.033854166666666664
1 0.3216145833333333 0.4713541666666667 0.036458333333333336 0.036458333333333336
1 0.5143229166666666 0.5104166666666666 0.036458333333333336 0.033854166666666664
1 0.4830729166666667 0.5377604166666666 0.052083333333333336 0.0234375
1 0.4244791666666667 0.3385416666666667 0.041666666666666664 0.033854166666666664
1 0.2981770833333333 0.5638020833333334 0.036458333333333336 0.046875
1 0.3893229166666667 0.3828125 0.028645833333333332 0.036458333333333336
1 0.3268229166666667 0.4309895833333333 0.049479166666666664 0.036458333333333336
1 0.45703125 0.6731770833333334 0.046875 0.059895833333333336
1 0.359375 0.2669270833333333 0.033854166666666664 0.036458333333333336
1 0.52734375 0.5364583333333334 0.049479166666666664 0.03125
1 0.328125 0.6419270833333334 0.0390625 0.033854166666666664
1 0.3216145833333333 0.5963541666666666 0.03125 0.033854166666666664
1 0.3463541666666667 0.3072916666666667 0.03125 0.041666666666666664
1 0.3385416666666667 0.5130208333333334 0.036458333333333336 0.026041666666666668
1 0.3059895833333333 0.640625 0.020833333333333332 0.028645833333333332
1 0.390625 0.3307291666666667 0.046875 0.028645833333333332
1 0.38671875 0.2760416666666667 0.028645833333333332 0.03125
1 0.3619791666666667 0.4934895833333333 0.033854166666666664 0.018229166666666668
1 0.3645833333333333 0.4622395833333333 0.0390625 0.03125
1 0.3411458333333333 0.6119791666666666 0.026041666666666668 0.036458333333333336
1 0.4479166666666667 0.5377604166666666 0.041666666666666664 0.0234375
1 0.3997395833333333 0.4361979166666667 0.033854166666666664 0.03125
1 0.4348958333333333 0.2942708333333333 0.03125 0.03125
1 0.5299479166666666 0.4583333333333333 0.052083333333333336 0.026041666666666668
1 0.2916666666666667 0.66796875 0.0390625 0.049479166666666664
1 0.4700520833333333 0.50390625 0.026041666666666668 0.036458333333333336
1 0.51953125 0.5208333333333334 0.044270833333333336 0.028645833333333332
1 0.3151041666666667 0.38671875 0.033854166666666664 0.041666666666666664
1 0.4817708333333333 0.5208333333333334 0.0390625 0.0234375
1 0.3619791666666667 0.37109375 0.0390625 0.033854166666666664
1 0.3658854166666667 0.5572916666666666 0.036458333333333336 0.0390625
1 0.4348958333333333 0.4752604166666667 0.026041666666666668 0.028645833333333332
1 0.5559895833333334 0.4700520833333333 0.041666666666666664 0.018229166666666668
1 0.56640625 0.515625 0.0546875 0.0390625
1 0.4192708333333333 0.4453125 0.033854166666666664 0.018229166666666668
1 0.3450520833333333 0.5234375 0.0390625 0.018229166666666668
1 0.3828125 0.10807291666666667 0.044270833333333336 0.057291666666666664
1 0.3723958333333333 0.16276041666666666 0.018229166666666668 0.028645833333333332
1 0.4010416666666667 0.2265625 0.03125 0.036458333333333336
1 0.4348958333333333 0.22005208333333334 0.049479166666666664 0.0234375
1 0.3671875 0.6223958333333334 0.036458333333333336 0.033854166666666664
1 0.3802083333333333 0.53515625 0.046875 0.026041666666666668
1 0.38671875 0.296875 0.033854166666666664 0.036458333333333336
1 0.4140625 0.359375 0.020833333333333332 0.020833333333333332
1 0.40625 0.5716145833333334 0.044270833333333336 0.041666666666666664
1 0.33203125 0.31640625 0.028645833333333332 0.044270833333333336
1 0.453125 0.4765625 0.03125 0.028645833333333332
1 0.4036458333333333 0.4544270833333333 0.033854166666666664 0.026041666666666668
1 0.38671875 0.6328125 0.041666666666666664 0.03125
1 0.4205729166666667 0.4127604166666667 0.026041666666666668 0.0234375
1 0.3229166666666667 0.6184895833333334 0.026041666666666668 0.033854166666666664
1 0.3828125 0.4700520833333333 0.026041666666666668 0.046875
1 0.43359375 0.5169270833333334 0.044270833333333336 0.026041666666666668
1 0.5598958333333334 0.5052083333333334 0.044270833333333336 0.026041666666666668
1 0.7552083333333334 0.6184895833333334 0.0625 0.033854166666666664
1 0.3671875 0.20052083333333334 0.020833333333333332 0.0390625
1 0.49609375 0.49609375 0.044270833333333336 0.028645833333333332
1 0.3111979166666667 0.5690104166666666 0.036458333333333336 0.033854166666666664
1 0.55859375 0.4934895833333333 0.020833333333333332 0.018229166666666668
1 0.30078125 0.62890625 0.026041666666666668 0.0390625
1 0.4075520833333333 0.2981770833333333 0.028645833333333332 0.036458333333333336
1 0.3125 0.6744791666666666 0.036458333333333336 0.049479166666666664
1 0.3541666666666667 0.6666666666666666 0.0546875 0.046875
1 0.3854166666666667 0.17447916666666666 0.057291666666666664 0.033854166666666664
1 0.45703125 0.4466145833333333 0.036458333333333336 0.036458333333333336
1 0.3828125 0.2421875 0.026041666666666668 0.026041666666666668
1 0.4244791666666667 0.5325520833333334 0.046875 0.033854166666666664
1 0.3619791666666667 0.41796875 0.033854166666666664 0.044270833333333336
1 0.5078125 0.46484375 0.028645833333333332 0.026041666666666668
1 0.26953125 0.2864583333333333 0.036458333333333336 0.026041666666666668
1 0.4479166666666667 0.4583333333333333 0.036458333333333336 0.026041666666666668
1 0.26953125 0.6653645833333334 0.028645833333333332 0.0546875
1 0.2552083333333333 0.7604166666666666 0.059895833333333336 0.0390625
1 0.3333333333333333 0.5807291666666666 0.0234375 0.028645833333333332
1 0.5377604166666666 0.4973958333333333 0.026041666666666668 0.018229166666666668
1 0.34765625 0.33203125 0.036458333333333336 0.03125