1 0.17447916666666666 0.6354166666666666 0.03125 0.0390625
1 0.4973958333333333 0.7486979166666666 0.052083333333333336 0.0390625
1 0.296875 0.734375 0.057291666666666664 0.041666666666666664
1 0.5651041666666666 0.6393229166666666 0.041666666666666664 0.03125
1 0.3932291666666667 0.6875 0.044270833333333336 0.0390625
1 0.4296875 0.6302083333333334 0.049479166666666664 0.033854166666666664
1 0.4817708333333333 0.58984375 0.07552083333333333 0.028645833333333332
1 0.5104166666666666 0.4856770833333333 0.057291666666666664 0.036458333333333336
1 0.6861979166666666 0.4518229166666667 0.07291666666666667 0.041666666666666664
1 0.5911458333333334 0.56640625 0.041666666666666664 0.0390625
1 0.6458333333333334 0.51171875 0.033854166666666664 0.0390625
1 0.7760416666666666 0.6888020833333334 0.046875 0.044270833333333336
1 0.3932291666666667 0.7161458333333334 0.036458333333333336 0.041666666666666664
1 0.16536458333333334 0.734375 0.044270833333333336 0.044270833333333336
1 0.234375 0.6549479166666666 0.0390625 0.033854166666666664
1 0.3072916666666667 0.6158854166666666 0.052083333333333336 0.0390625
1 0.3828125 0.6315104166666666 0.044270833333333336 0.03125
1 0.62890625 0.73828125 0.046875 0.0390625
1 0.25390625 0.7174479166666666 0.0546875 0.036458333333333336
1 0.48046875 0.6067708333333334 0.052083333333333336 0.03125
1 0.4361979166666667 0.58203125 0.057291666666666664 0.033854166666666664
1 0.3203125 0.5221354166666666 0.0546875 0.026041666666666668
1 0.3255208333333333 0.4505208333333333 0.08854166666666667 0.041666666666666664
1 0.5690104166666666 0.59765625 0.041666666666666664 0.028645833333333332
1 0.5885416666666666 0.6731770833333334 0.0546875 0.033854166666666664
1 0.640625 0.58203125 0.046875 0.028645833333333332
1 0.3815104166666667 0.5169270833333334 0.041666666666666664 0.036458333333333336
1 0.62109375 0.66015625 0.057291666666666664 0.044270833333333336
1 0.6393229166666666 0.5377604166666666 0.033854166666666664 0.033854166666666664
1 0.46484375 0.5794270833333334 0.033854166666666664 0.033854166666666664
1 0.4075520833333333 0.6770833333333334 0.036458333333333336 0.033854166666666664
1 0.40625 0.6028645833333334 0.046875 0.028645833333333332
1 0.4908854166666667 0.4166666666666667 0.0546875 0.041666666666666664
1 0.3606770833333333 0.55078125 0.049479166666666664 0.0390625
1 0.5338541666666666 0.70703125 0.0546875 0.0390625
1 0.4700520833333333 0.6354166666666666 0.046875 0.026041666666666668
1 0.5130208333333334 0.62890625 0.057291666666666664 0.03125
1 0.3984375 0.578125 0.0390625 0.03125
1 0.546875 0.5651041666666666 0.049479166666666664 0.041666666666666664
1 0.6744791666666666 0.5677083333333334 0.0546875 0.036458333333333336
1 0.7252604166666666 0.5872395833333334 0.0546875 0.036458333333333336
1 0.7630208333333334 0.6380208333333334 0.059895833333333336 0.03125
1 0.8216145833333334 0.62890625 0.0625 0.033854166666666664
1 0.70703125 0.6848958333333334 0.033854166666666664 0.041666666666666664
1 0.45703125 0.4609375 0.044270833333333336 0.036458333333333336
1 0.6041666666666666 0.6028645833333334 0.0546875 0.0234375
1 0.3567708333333333 0.5143229166666666 0.033854166666666664 0.0390625
1 0.6497395833333334 0.55859375 0.046875 0.028645833333333332
1 0.69140625 0.4114583333333333 0.044270833333333336 0.049479166666666664
1 0.2421875 0.61328125 0.052083333333333336 0.033854166666666664
1 0.65625 0.7265625 0.0546875 0.052083333333333336
1 0.5677083333333334 0.6927083333333334 0.049479166666666664 0.0390625
1 0.3502604166666667 0.59375 0.041666666666666664 0.033854166666666664
1 0.4049479166666667 0.46875 0.044270833333333336 0.036458333333333336
1 0.3033854166666667 0.4986979166666667 0.059895833333333336 0.036458333333333336
1 0.4947916666666667 0.6796875 0.0625 0.0390625
1 0.73828125 0.6171875 0.046875 0.028645833333333332
1 0.4283854166666667 0.7317708333333334 0.06770833333333333 0.036458333333333336
1 0.3736979166666667 0.4817708333333333 0.057291666666666664 0.041666666666666664
1 0.54296875 0.5052083333333334 0.06770833333333333 0.0390625
1 0.328125 0.5755208333333334 0.057291666666666664 0.03125
1 0.9921875 0.5807291666666666 0.015625 0.03125
1 0.3893229166666667 0.55859375 0.046875 0.036458333333333336
1 0.2708333333333333 0.6223958333333334 0.044270833333333336 0.028645833333333332
1 0.30859375 0.7083333333333334 0.049479166666666664 0.044270833333333336
1 0.4479166666666667 0.5208333333333334 0.06510416666666667 0.036458333333333336
1 0.3151041666666667 0.55859375 0.046875 0.0390625
1 0.234375 0.5690104166666666 0.059895833333333336 0.03125
1 0.2955729166666667 0.5963541666666666 0.049479166666666664 0.026041666666666668
1 0.6692708333333334 0.6861979166666666 0.059895833333333336 0.0390625
1 0.42578125 0.5520833333333334 0.0546875 0.036458333333333336
1 0.4153645833333333 0.6158854166666666 0.0546875 0.033854166666666664
1 0.5885416666666666 0.625 0.057291666666666664 0.044270833333333336
1 0.8072916666666666 0.5885416666666666 0.0390625 0.036458333333333336
1 0.7122395833333334 0.55078125 0.046875 0.044270833333333336
1 0.6484375 0.6067708333333334 0.044270833333333336 0.036458333333333336
1 0.5169270833333334 0.6106770833333334 0.052083333333333336 0.036458333333333336
1 0.7408854166666666 0.6744791666666666 0.033854166666666664 0.03125
1 0.7630208333333334 0.5768229166666666 0.044270833333333336 0.044270833333333336
1 0.7565104166666666 0.6302083333333334 0.046875 0.026041666666666668
1 0.21223958333333334 0.6419270833333334 0.028645833333333332 0.028645833333333332
1 0.21744791666666666 0.6979166666666666 0.0390625 0.033854166666666664
1 0.265625 0.58203125 0.044270833333333336 0.03125
1 0.24348958333333334 0.5859375 0.057291666666666664 0.033854166666666664
1 0.3854166666666667 0.78515625 0.036458333333333336 0.036458333333333336
1 0.3580729166666667 0.7161458333333334 0.0625 0.03125
1 0.4674479166666667 0.7317708333333334 0.06510416666666667 0.044270833333333336
1 0.41796875 0.6471354166666666 0.049479166666666664 0.026041666666666668
1 0.3255208333333333 0.4752604166666667 0.0546875 0.033854166666666664
1 0.4505208333333333 0.4713541666666667 0.06770833333333333 0.044270833333333336
1 0.4635416666666667 0.66796875 0.06510416666666667 0.033854166666666664
1 0.7369791666666666 0.5052083333333334 0.033854166666666664 0.033854166666666664
1 0.765625 0.6640625 0.046875 0.0390625
1 0.625 0.5143229166666666 0.049479166666666664 0.036458333333333336
1 0.6822916666666666 0.6028645833333334 0.049479166666666664 0.041666666666666664
1 0.6067708333333334 0.5455729166666666 0.046875 0.041666666666666664
1 0.5690104166666666 0.546875 0.052083333333333336 0.033854166666666664
1 0.15364583333333334 0.6666666666666666 0.046875 0.041666666666666664
1 0.22135416666666666 0.53515625 0.06770833333333333 0.033854166666666664
1 0.5221354166666666 0.4205729166666667 0.049479166666666664 0.0390625
1 0.28125 0.6536458333333334 0.057291666666666664 0.036458333333333336
1 0.2864583333333333 0.6354166666666666 0.06510416666666667 0.03125
1 0.3815104166666667 0.7291666666666666 0.0390625 0.03125
1 0.41796875 0.66796875 0.0546875 0.028645833333333332
1 0.4114583333333333 0.4934895833333333 0.049479166666666664 0.036458333333333336
1 0.453125 0.6796875 0.049479166666666664 0.03125
1 0.6588541666666666 0.640625 0.052083333333333336 0.041666666666666664
1 0.6666666666666666 0.47265625 0.057291666666666664 0.03125
1 0.7096354166666666 0.6588541666666666 0.0625 0.0390625
1 0.5846354166666666 0.5364583333333334 0.044270833333333336 0.044270833333333336
1 0.65625 0.5338541666666666 0.041666666666666664 0.041666666666666664
1 0.5872395833333334 0.5091145833333334 0.0390625 0.0390625
1 0.7330729166666666 0.5546875 0.041666666666666664 0.033854166666666664
1 0.4127604166666667 0.7486979166666666 0.036458333333333336 0.033854166666666664
1 0.3697916666666667 0.5885416666666666 0.049479166666666664 0.03125
1 0.3528645833333333 0.4635416666666667 0.036458333333333336 0.033854166666666664
1 0.375 0.6080729166666666 0.049479166666666664 0.03125
1 0.2109375 0.5625 0.049479166666666664 0.028645833333333332
1 0.2604166666666667 0.69140625 0.0390625 0.036458333333333336
1 0.40625 0.7799479166666666 0.0546875 0.033854166666666664
1 0.5299479166666666 0.5234375 0.057291666666666664 0.033854166666666664
1 0.7057291666666666 0.6315104166666666 0.044270833333333336 0.033854166666666664
1 0.796875 0.6770833333333334 0.049479166666666664 0.036458333333333336
1 0.5950520833333334 0.64453125 0.049479166666666664 0.026041666666666668
1 0.32421875 0.5078125 0.0625 0.033854166666666664
1 0.796875 0.6276041666666666 0.0390625 0.036458333333333336
1 0.6171875 0.5716145833333334 0.036458333333333336 0.026041666666666668
1 0.7096354166666666 0.6080729166666666 0.057291666666666664 0.036458333333333336
1 0.51953125 0.72265625 0.044270833333333336 0.036458333333333336