1 0.3697916666666667 0.5755208333333334 0.026041666666666668 0.015625
1 0.3893229166666667 0.57421875 0.020833333333333332 0.018229166666666668
1 0.2526041666666667 0.5611979166666666 0.026041666666666668 0.010416666666666666
1 0.2760416666666667 0.5638020833333334 0.026041666666666668 0.015625
1 0.43359375 0.5638020833333334 0.026041666666666668 0.015625
1 0.328125 0.5638020833333334 0.020833333333333332 0.010416666666666666
1 0.3645833333333333 0.5611979166666666 0.0234375 0.015625
1 0.4075520833333333 0.5651041666666666 0.026041666666666668 0.010416666666666666
1 0.3515625 0.5677083333333334 0.020833333333333332 0.020833333333333332
1 0.6302083333333334 0.5598958333333334 0.028645833333333332 0.010416666666666666
1 0.4609375 0.5611979166666666 0.028645833333333332 0.018229166666666668
1 0.4791666666666667 0.5611979166666666 0.026041666666666668 0.015625
1 0.3997395833333333 0.5572916666666666 0.026041666666666668 0.013020833333333334
1 0.5169270833333334 0.56640625 0.0234375 0.010416666666666666
1 0.3307291666666667 0.5572916666666666 0.018229166666666668 0.0078125
1 0.4192708333333333 0.578125 0.028645833333333332 0.020833333333333332
1 0.4505208333333333 0.5729166666666666 0.033854166666666664 0.018229166666666668
1 0.5690104166666666 0.5638020833333334 0.026041666666666668 0.018229166666666668