1 0.5169270833333334 0.5078125 0.07552083333333333 0.041666666666666664
1 0.4114583333333333 0.6028645833333334 0.0859375 0.049479166666666664
1 0.8268229166666666 0.4192708333333333 0.07291666666666667 0.057291666666666664
1 0.5638020833333334 0.5950520833333334 0.06770833333333333 0.057291666666666664
1 0.3255208333333333 0.6041666666666666 0.078125 0.052083333333333336
1 0.3333333333333333 0.5403645833333334 0.046875 0.046875
1 0.49609375 0.6067708333333334 0.049479166666666664 0.046875
1 0.4635416666666667 0.4557291666666667 0.057291666666666664 0.044270833333333336
1 0.4661458333333333 0.4908854166666667 0.08072916666666667 0.057291666666666664
1 0.20182291666666666 0.6640625 0.078125 0.046875
1 0.5390625 0.625 0.041666666666666664 0.046875
1 0.3684895833333333 0.6067708333333334 0.07552083333333333 0.0546875
1 0.4700520833333333 0.5768229166666666 0.07291666666666667 0.044270833333333336
1 0.43359375 0.5260416666666666 0.08072916666666667 0.046875
1 0.5989583333333334 0.6067708333333334 0.09114583333333333 0.052083333333333336
1 0.4153645833333333 0.58203125 0.09114583333333333 0.049479166666666664
1 0.578125 0.5221354166666666 0.09114583333333333 0.0625