1 0.6640625 0.59375 0.049479166666666664 0.046875
1 0.43359375 0.4752604166666667 0.049479166666666664 0.041666666666666664
1 0.3684895833333333 0.29296875 0.046875 0.044270833333333336
1 0.7408854166666666 0.4700520833333333 0.0390625 0.049479166666666664
1 0.6953125 0.609375 0.028645833333333332 0.020833333333333332
1 0.7200520833333334 0.5833333333333334 0.028645833333333332 0.0546875
1 0.5872395833333334 0.5416666666666666 0.041666666666666664 0.049479166666666664
1 0.6861979166666666 0.4973958333333333 0.046875 0.041666666666666664
1 0.7447916666666666 0.6666666666666666 0.0390625 0.057291666666666664
1 0.4661458333333333 0.9700520833333334 0.041666666666666664 0.059895833333333336
1 0.7239583333333334 0.55078125 0.033854166666666664 0.046875