1 0.4700520833333333 0.640625 0.046875 0.0703125
1 0.4088541666666667 0.4947916666666667 0.033854166666666664 0.08333333333333333
1 0.4661458333333333 0.4765625 0.033854166666666664 0.057291666666666664
1 0.3515625 0.4713541666666667 0.046875 0.08072916666666667
1 0.5963541666666666 0.5143229166666666 0.03125 0.1015625
1 0.5481770833333334 0.4348958333333333 0.033854166666666664 0.06510416666666667
1 0.640625 0.515625 0.0390625 0.06510416666666667
1 0.48828125 0.5026041666666666 0.052083333333333336 0.03125
1 0.3346354166666667 0.4049479166666667 0.0546875 0.052083333333333336
1 0.4700520833333333 0.4348958333333333 0.0546875 0.059895833333333336
1 0.4322916666666667 0.3098958333333333 0.052083333333333336 0.0703125
1 0.24869791666666666 0.3645833333333333 0.041666666666666664 0.15104166666666666
1 0.6145833333333334 0.4388020833333333 0.0625 0.059895833333333336
1 0.55078125 0.4986979166666667 0.046875 0.0625
1 0.3671875 0.5924479166666666 0.0625 0.08072916666666667
1 0.5182291666666666 0.5533854166666666 0.08072916666666667 0.059895833333333336