1 0.78515625 0.5052083333333334 0.041666666666666664 0.06510416666666667
1 0.6940104166666666 0.6197916666666666 0.0625 0.0703125
1 0.6627604166666666 0.6276041666666666 0.041666666666666664 0.046875
1 0.8645833333333334 0.6536458333333334 0.041666666666666664 0.07291666666666667
1 0.69140625 0.6888020833333334 0.044270833333333336 0.10677083333333333
1 0.7604166666666666 0.4283854166666667 0.036458333333333336 0.07552083333333333
1 0.5078125 0.46875 0.052083333333333336 0.06770833333333333
1 0.6901041666666666 0.3125 0.036458333333333336 0.044270833333333336
1 0.6809895833333334 0.34375 0.0390625 0.0703125
1 0.6888020833333334 0.2669270833333333 0.046875 0.078125
1 0.7356770833333334 0.37109375 0.03125 0.033854166666666664
1 0.6940104166666666 0.5 0.052083333333333336 0.049479166666666664
1 0.6653645833333334 0.4309895833333333 0.0390625 0.07291666666666667
1 0.4830729166666667 0.3645833333333333 0.06510416666666667 0.07552083333333333
1 0.7994791666666666 0.36328125 0.046875 0.0625
1 0.7721354166666666 0.33984375 0.049479166666666664 0.06510416666666667
1 0.7369791666666666 0.5885416666666666 0.0546875 0.078125
1 0.6809895833333334 0.19661458333333334 0.044270833333333336 0.07291666666666667
1 0.6640625 0.3489583333333333 0.041666666666666664 0.059895833333333336
1 0.7057291666666666 0.5559895833333334 0.036458333333333336 0.08333333333333333
1 0.7096354166666666 0.3880208333333333 0.049479166666666664 0.078125
1 0.5755208333333334 0.3763020833333333 0.057291666666666664 0.07552083333333333
1 0.7161458333333334 0.5729166666666666 0.028645833333333332 0.06510416666666667
1 0.47265625 0.55859375 0.0625 0.0703125
1 0.7955729166666666 0.43359375 0.049479166666666664 0.0625
1 0.68359375 0.4609375 0.044270833333333336 0.0546875
1 0.7083333333333334 0.22395833333333334 0.041666666666666664 0.09114583333333333
1 0.72265625 0.3268229166666667 0.036458333333333336 0.06770833333333333
1 0.73828125 0.34765625 0.041666666666666664 0.046875
1 0.4557291666666667 0.6119791666666666 0.057291666666666664 0.06770833333333333
1 0.7669270833333334 0.55078125 0.052083333333333336 0.044270833333333336
1 0.8684895833333334 0.55859375 0.059895833333333336 0.09895833333333333
1 0.69140625 0.3619791666666667 0.036458333333333336 0.078125
1 0.7239583333333334 0.4361979166666667 0.052083333333333336 0.07552083333333333
1 0.734375 0.4440104166666667 0.0390625 0.07291666666666667
1 0.62890625 0.44921875 0.049479166666666664 0.07291666666666667
1 0.6393229166666666 0.6744791666666666 0.057291666666666664 0.078125
1 0.57421875 0.3307291666666667 0.059895833333333336 0.057291666666666664
1 0.7317708333333334 0.5364583333333334 0.044270833333333336 0.046875
1 0.6588541666666666 0.25390625 0.044270833333333336 0.06510416666666667
1 0.40625 0.625 0.044270833333333336 0.08072916666666667
1 0.7526041666666666 0.3776041666666667 0.0390625 0.059895833333333336
1 0.4596354166666667 0.7096354166666666 0.046875 0.07552083333333333
1 0.8125 0.26953125 0.06770833333333333 0.0859375
1 0.609375 0.375 0.049479166666666664 0.09635416666666667
1 0.6393229166666666 0.6080729166666666 0.041666666666666664 0.0703125
1 0.4583333333333333 0.2994791666666667 0.07291666666666667 0.07552083333333333
1 0.6653645833333334 0.3177083333333333 0.0390625 0.07291666666666667
1 0.6640625 0.3893229166666667 0.057291666666666664 0.0625