1 0.5169270833333334 0.2890625 0.0546875 0.046875
1 0.54296875 0.7018229166666666 0.041666666666666664 0.06510416666666667
1 0.6979166666666666 0.6484375 0.0546875 0.08333333333333333
1 0.3984375 0.6119791666666666 0.052083333333333336 0.078125
1 0.5065104166666666 0.5885416666666666 0.052083333333333336 0.06770833333333333
1 0.12239583333333333 0.49609375 0.07291666666666667 0.07552083333333333
1 0.3580729166666667 0.4166666666666667 0.046875 0.07291666666666667
1 0.4505208333333333 0.8138020833333334 0.059895833333333336 0.0546875
1 0.4114583333333333 0.4140625 0.057291666666666664 0.041666666666666664
1 0.4270833333333333 0.453125 0.046875 0.057291666666666664
1 0.22526041666666666 0.5794270833333334 0.0625 0.0703125
1 0.4869791666666667 0.50390625 0.041666666666666664 0.06510416666666667
1 0.3515625 0.5559895833333334 0.057291666666666664 0.046875
1 0.16666666666666666 0.37890625 0.0390625 0.036458333333333336
1 0.54296875 0.4440104166666667 0.046875 0.057291666666666664
1 0.2981770833333333 0.4375 0.041666666666666664 0.0546875
1 0.48046875 0.20052083333333334 0.057291666666666664 0.08333333333333333