1 0.2838541666666667 0.63671875 0.0625 0.057291666666666664
1 0.5208333333333334 0.6119791666666666 0.0625 0.0703125
1 0.5234375 0.4244791666666667 0.0625 0.052083333333333336
1 0.6276041666666666 0.3216145833333333 0.0703125 0.078125
1 0.5364583333333334 0.2578125 0.06510416666666667 0.06770833333333333
1 0.2760416666666667 0.41015625 0.07552083333333333 0.07291666666666667
1 0.23828125 0.7408854166666666 0.059895833333333336 0.08333333333333333
1 0.33984375 0.5416666666666666 0.06770833333333333 0.06770833333333333
1 0.4440104166666667 0.22526041666666666 0.06770833333333333 0.059895833333333336
1 0.21484375 0.7096354166666666 0.07291666666666667 0.08333333333333333
1 0.28125 0.6145833333333334 0.06770833333333333 0.07552083333333333
1 0.4427083333333333 0.5234375 0.06770833333333333 0.08333333333333333
1 0.4973958333333333 0.4401041666666667 0.07291666666666667 0.08072916666666667
1 0.5651041666666666 0.3815104166666667 0.07291666666666667 0.0703125
1 0.4401041666666667 0.37109375 0.08072916666666667 0.07552083333333333
1 0.6770833333333334 0.4231770833333333 0.059895833333333336 0.08072916666666667
1 0.5846354166666666 0.5546875 0.057291666666666664 0.0703125
1 0.5325520833333334 0.3294270833333333 0.0625 0.057291666666666664