1 0.4596354166666667 0.47265625 0.11458333333333333 0.11197916666666667
1 0.3020833333333333 0.7330729166666666 0.08854166666666667 0.09635416666666667
1 0.9440104166666666 0.53125 0.11197916666666667 0.08333333333333333
1 0.061197916666666664 0.578125 0.08854166666666667 0.09635416666666667
1 0.4153645833333333 0.5559895833333334 0.140625 0.12760416666666666
1 0.6783854166666666 0.7526041666666666 0.11197916666666667 0.09375
1 0.6041666666666666 0.4153645833333333 0.11197916666666667 0.125
1 0.8736979166666666 0.4895833333333333 0.12239583333333333 0.08072916666666667
1 0.57421875 0.609375 0.09114583333333333 0.09895833333333333
1 0.53515625 0.4479166666666667 0.09635416666666667 0.1015625
1 0.4231770833333333 0.7408854166666666 0.109375 0.09635416666666667
1 0.7317708333333334 0.4765625 0.1171875 0.06770833333333333
1 0.6028645833333334 0.7981770833333334 0.109375 0.11197916666666667