1 0.23307291666666666 0.67578125 0.052083333333333336 0.041666666666666664
1 0.34765625 0.2760416666666667 0.036458333333333336 0.041666666666666664
1 0.5234375 0.4739583333333333 0.041666666666666664 0.033854166666666664
1 0.3828125 0.4661458333333333 0.0546875 0.057291666666666664
1 0.7395833333333334 0.8033854166666666 0.049479166666666664 0.041666666666666664
1 0.5520833333333334 0.5377604166666666 0.0234375 0.03125
1 0.8385416666666666 0.3958333333333333 0.049479166666666664 0.041666666666666664
1 0.15755208333333334 0.53515625 0.049479166666666664 0.046875
1 0.51171875 0.5481770833333334 0.052083333333333336 0.044270833333333336
1 0.3893229166666667 0.63671875 0.057291666666666664 0.044270833333333336
1 0.6041666666666666 0.3736979166666667 0.049479166666666664 0.046875
1 0.8802083333333334 0.4205729166666667 0.0546875 0.041666666666666664
1 0.5677083333333334 0.4947916666666667 0.046875 0.044270833333333336
1 0.71484375 0.23177083333333334 0.057291666666666664 0.0546875