1 0.6588541666666666 0.2838541666666667 0.033854166666666664 0.0390625
1 0.6536458333333334 0.5651041666666666 0.020833333333333332 0.052083333333333336
1 0.5325520833333334 0.54296875 0.018229166666666668 0.046875
1 0.5247395833333334 0.2513020833333333 0.015625 0.041666666666666664
1 0.51171875 0.5677083333333334 0.020833333333333332 0.028645833333333332
1 0.6263020833333334 0.3307291666666667 0.0234375 0.0234375
1 0.68359375 0.4322916666666667 0.015625 0.041666666666666664
1 0.578125 0.36328125 0.015625 0.052083333333333336
1 0.578125 0.58203125 0.033854166666666664 0.033854166666666664
1 0.4908854166666667 0.33203125 0.0234375 0.020833333333333332
1 0.6640625 0.44140625 0.020833333333333332 0.049479166666666664
1 0.7005208333333334 0.58203125 0.020833333333333332 0.018229166666666668
1 0.72265625 0.5494791666666666 0.018229166666666668 0.044270833333333336
1 0.5872395833333334 0.4934895833333333 0.026041666666666668 0.03125
1 0.5221354166666666 0.5546875 0.026041666666666668 0.026041666666666668
1 0.5143229166666666 0.47265625 0.026041666666666668 0.0234375
1 0.5143229166666666 0.265625 0.018229166666666668 0.03125
1 0.6236979166666666 0.26171875 0.018229166666666668 0.06510416666666667
1 0.7356770833333334 0.6484375 0.026041666666666668 0.044270833333333336
1 0.53125 0.3971354166666667 0.026041666666666668 0.0390625
1 0.5377604166666666 0.22265625 0.026041666666666668 0.026041666666666668
1 0.6888020833333334 0.4622395833333333 0.028645833333333332 0.026041666666666668
1 0.6393229166666666 0.4479166666666667 0.028645833333333332 0.036458333333333336
1 0.7200520833333334 0.3984375 0.026041666666666668 0.0390625
1 0.4973958333333333 0.3203125 0.0234375 0.0234375
1 0.58984375 0.21484375 0.03125 0.03125
1 0.625 0.55859375 0.028645833333333332 0.0234375
1 0.5260416666666666 0.4856770833333333 0.026041666666666668 0.028645833333333332
1 0.4947916666666667 0.4557291666666667 0.028645833333333332 0.026041666666666668