1 0.4778645833333333 0.4778645833333333 0.0546875 0.057291666666666664
1 0.58203125 0.5807291666666666 0.06770833333333333 0.0859375
1 0.6549479166666666 0.6041666666666666 0.0625 0.09114583333333333
1 0.5625 0.5286458333333334 0.052083333333333336 0.06510416666666667
1 0.64453125 0.6575520833333334 0.049479166666666664 0.057291666666666664
1 0.6575520833333334 0.5416666666666666 0.0546875 0.06770833333333333
1 0.58984375 0.6875 0.07291666666666667 0.078125
1 0.5768229166666666 0.63671875 0.057291666666666664 0.0625
1 0.6145833333333334 0.51171875 0.0546875 0.052083333333333336
1 0.61328125 0.6510416666666666 0.052083333333333336 0.0546875
1 0.5989583333333334 0.61328125 0.052083333333333336 0.0703125
1 0.453125 0.4583333333333333 0.052083333333333336 0.046875
1 0.6119791666666666 0.5455729166666666 0.059895833333333336 0.057291666666666664
1 0.6263020833333334 0.7213541666666666 0.06510416666666667 0.07291666666666667
1 0.6302083333333334 0.6510416666666666 0.0546875 0.059895833333333336
1 0.51953125 0.5703125 0.07291666666666667 0.08333333333333333
1 0.6927083333333334 0.6236979166666666 0.052083333333333336 0.0546875
1 0.5807291666666666 0.6588541666666666 0.052083333333333336 0.052083333333333336
1 0.49609375 0.4505208333333333 0.049479166666666664 0.0703125
1 0.4661458333333333 0.5104166666666666 0.049479166666666664 0.0703125
1 0.57421875 0.5546875 0.044270833333333336 0.057291666666666664
1 0.6666666666666666 0.6263020833333334 0.049479166666666664 0.0546875
1 0.6145833333333334 0.5859375 0.049479166666666664 0.046875