1 0.6888020833333334 0.4622395833333333 0.03125 0.028645833333333332
1 0.6783854166666666 0.4973958333333333 0.03125 0.020833333333333332
1 0.3619791666666667 0.4283854166666667 0.0234375 0.03125
1 0.4244791666666667 0.5846354166666666 0.03125 0.020833333333333332
1 0.41015625 0.5338541666666666 0.026041666666666668 0.033854166666666664
1 0.5078125 0.55078125 0.041666666666666664 0.015625
1 0.59765625 0.640625 0.0390625 0.018229166666666668
1 0.6901041666666666 0.5338541666666666 0.059895833333333336 0.028645833333333332
1 0.7057291666666666 0.4348958333333333 0.041666666666666664 0.015625
1 0.6575520833333334 0.4466145833333333 0.028645833333333332 0.028645833333333332
1 0.4609375 0.4270833333333333 0.018229166666666668 0.03125
1 0.5169270833333334 0.3919270833333333 0.041666666666666664 0.018229166666666668
1 0.41015625 0.4205729166666667 0.0390625 0.03125
1 0.5104166666666666 0.3138020833333333 0.026041666666666668 0.0234375
1 0.7447916666666666 0.3138020833333333 0.026041666666666668 0.033854166666666664
1 0.4739583333333333 0.4166666666666667 0.020833333333333332 0.036458333333333336
1 0.6536458333333334 0.4817708333333333 0.044270833333333336 0.020833333333333332
1 0.3645833333333333 0.6380208333333334 0.044270833333333336 0.026041666666666668
1 0.4453125 0.4231770833333333 0.033854166666666664 0.033854166666666664
1 0.5416666666666666 0.55859375 0.036458333333333336 0.013020833333333334
1 0.58984375 0.5169270833333334 0.049479166666666664 0.0234375
1 0.421875 0.4635416666666667 0.026041666666666668 0.028645833333333332
1 0.3997395833333333 0.5221354166666666 0.018229166666666668 0.036458333333333336
1 0.5390625 0.3684895833333333 0.0390625 0.026041666666666668
1 0.3229166666666667 0.4049479166666667 0.03125 0.013020833333333334
1 0.4752604166666667 0.5833333333333334 0.03125 0.0234375
1 0.4166666666666667 0.3763020833333333 0.026041666666666668 0.03125
1 0.4947916666666667 0.4088541666666667 0.026041666666666668 0.015625
1 0.4283854166666667 0.4010416666666667 0.020833333333333332 0.015625
1 0.4830729166666667 0.3216145833333333 0.033854166666666664 0.033854166666666664
1 0.7018229166666666 0.3776041666666667 0.033854166666666664 0.033854166666666664
1 0.48828125 0.3671875 0.046875 0.015625
1 0.6744791666666666 0.7018229166666666 0.044270833333333336 0.036458333333333336
1 0.6979166666666666 0.359375 0.049479166666666664 0.018229166666666668
1 0.71875 0.4609375 0.028645833333333332 0.033854166666666664
1 0.5260416666666666 0.4309895833333333 0.041666666666666664 0.018229166666666668
1 0.5065104166666666 0.3489583333333333 0.041666666666666664 0.020833333333333332
1 0.6197916666666666 0.5807291666666666 0.03125 0.028645833333333332
1 0.3984375 0.4544270833333333 0.041666666666666664 0.0234375
1 0.4986979166666667 0.4856770833333333 0.041666666666666664 0.0234375
1 0.4270833333333333 0.53125 0.026041666666666668 0.033854166666666664
1 0.4244791666666667 0.42578125 0.041666666666666664 0.036458333333333336
1 0.4348958333333333 0.38671875 0.026041666666666668 0.018229166666666668
1 0.4895833333333333 0.3893229166666667 0.020833333333333332 0.028645833333333332
1 0.35546875 0.390625 0.049479166666666664 0.020833333333333332
1 0.3020833333333333 0.4088541666666667 0.03125 0.033854166666666664
1 0.6666666666666666 0.5872395833333334 0.036458333333333336 0.036458333333333336
1 0.70703125 0.6315104166666666 0.028645833333333332 0.036458333333333336
1 0.63671875 0.61328125 0.044270833333333336 0.028645833333333332
1 0.515625 0.4440104166666667 0.0390625 0.0234375
1 0.34375 0.4075520833333333 0.041666666666666664 0.020833333333333332
1 0.4622395833333333 0.6067708333333334 0.028645833333333332 0.033854166666666664
1 0.4401041666666667 0.37890625 0.028645833333333332 0.026041666666666668
1 0.6848958333333334 0.47265625 0.041666666666666664 0.020833333333333332
1 0.44140625 0.60546875 0.028645833333333332 0.028645833333333332
1 0.6901041666666666 0.44921875 0.036458333333333336 0.020833333333333332
1 0.7643229166666666 0.2526041666666667 0.036458333333333336 0.026041666666666668
1 0.3359375 0.41796875 0.041666666666666664 0.018229166666666668
1 0.5377604166666666 0.4635416666666667 0.028645833333333332 0.018229166666666668
1 0.4453125 0.47265625 0.03125 0.03125
1 0.69921875 0.4934895833333333 0.041666666666666664 0.020833333333333332
1 0.3815104166666667 0.4166666666666667 0.0390625 0.018229166666666668
1 0.45703125 0.4934895833333333 0.044270833333333336 0.0234375
1 0.7721354166666666 0.2786458333333333 0.036458333333333336 0.033854166666666664
1 0.6197916666666666 0.49609375 0.028645833333333332 0.026041666666666668
1 0.4856770833333333 0.5677083333333334 0.041666666666666664 0.028645833333333332
1 0.5182291666666666 0.4635416666666667 0.036458333333333336 0.026041666666666668
1 0.3723958333333333 0.4244791666666667 0.013020833333333334 0.03125