1 0.4153645833333333 0.18359375 0.036458333333333336 0.0625
1 0.4427083333333333 0.20572916666666666 0.046875 0.07291666666666667
1 0.6315104166666666 0.171875 0.041666666666666664 0.0546875
1 0.4296875 0.8515625 0.041666666666666664 0.06510416666666667
1 0.4427083333333333 0.76953125 0.0390625 0.07552083333333333
1 0.5403645833333334 0.3333333333333333 0.041666666666666664 0.0859375
1 0.5989583333333334 0.2604166666666667 0.028645833333333332 0.0546875
1 0.6067708333333334 0.5260416666666666 0.03125 0.059895833333333336
1 0.5546875 0.5638020833333334 0.033854166666666664 0.059895833333333336
1 0.3619791666666667 0.6901041666666666 0.041666666666666664 0.044270833333333336
1 0.5989583333333334 0.4596354166666667 0.026041666666666668 0.0546875
1 0.5546875 0.7109375 0.03125 0.044270833333333336
1 0.5638020833333334 0.21614583333333334 0.026041666666666668 0.046875
1 0.5481770833333334 0.1328125 0.049479166666666664 0.059895833333333336
1 0.5182291666666666 0.54296875 0.03125 0.036458333333333336
1 0.4583333333333333 0.37890625 0.033854166666666664 0.033854166666666664
1 0.4479166666666667 0.3424479166666667 0.03125 0.046875
1 0.4166666666666667 0.37109375 0.036458333333333336 0.033854166666666664
1 0.3854166666666667 0.6979166666666666 0.028645833333333332 0.0390625
1 0.3736979166666667 0.5442708333333334 0.033854166666666664 0.052083333333333336
1 0.4895833333333333 0.3098958333333333 0.03125 0.0703125
1 0.5703125 0.6888020833333334 0.036458333333333336 0.036458333333333336
1 0.5651041666666666 0.7643229166666666 0.041666666666666664 0.049479166666666664
1 0.6328125 0.4765625 0.028645833333333332 0.06770833333333333
1 0.3580729166666667 0.5325520833333334 0.0234375 0.049479166666666664
1 0.6458333333333334 0.5950520833333334 0.033854166666666664 0.06510416666666667
1 0.328125 0.7278645833333334 0.046875 0.0859375
1 0.4166666666666667 0.6861979166666666 0.049479166666666664 0.059895833333333336
1 0.4557291666666667 0.5638020833333334 0.033854166666666664 0.06770833333333333
1 0.58203125 0.2552083333333333 0.03125 0.0703125
1 0.5911458333333334 0.2994791666666667 0.049479166666666664 0.057291666666666664
1 0.5833333333333334 0.16276041666666666 0.026041666666666668 0.044270833333333336
1 0.5390625 0.5716145833333334 0.0234375 0.057291666666666664
1 0.3684895833333333 0.5677083333333334 0.03125 0.052083333333333336
1 0.5677083333333334 0.3216145833333333 0.041666666666666664 0.041666666666666664
1 0.4973958333333333 0.6223958333333334 0.046875 0.057291666666666664
1 0.5651041666666666 0.41796875 0.0234375 0.044270833333333336
1 0.3984375 0.21484375 0.036458333333333336 0.057291666666666664
1 0.61328125 0.1484375 0.046875 0.059895833333333336
1 0.4765625 0.3919270833333333 0.041666666666666664 0.078125
1 0.4036458333333333 0.5572916666666666 0.036458333333333336 0.078125
1 0.5481770833333334 0.5143229166666666 0.044270833333333336 0.033854166666666664
1 0.5768229166666666 0.5065104166666666 0.041666666666666664 0.0390625
1 0.5651041666666666 0.6067708333333334 0.036458333333333336 0.036458333333333336
1 0.59765625 0.6875 0.03125 0.06510416666666667
1 0.3997395833333333 0.40625 0.033854166666666664 0.044270833333333336
1 0.4778645833333333 0.24348958333333334 0.026041666666666668 0.041666666666666664
1 0.4375 0.4296875 0.03125 0.052083333333333336
1 0.4075520833333333 0.4453125 0.0390625 0.044270833333333336
1 0.33984375 0.6171875 0.033854166666666664 0.041666666666666664
1 0.38671875 0.7330729166666666 0.028645833333333332 0.0546875
1 0.4739583333333333 0.2604166666666667 0.036458333333333336 0.049479166666666664
1 0.5794270833333334 0.5911458333333334 0.036458333333333336 0.049479166666666664
1 0.6080729166666666 0.6119791666666666 0.0390625 0.0625
1 0.2825520833333333 0.6692708333333334 0.046875 0.057291666666666664
1 0.26171875 0.421875 0.052083333333333336 0.07552083333333333
1 0.5078125 0.4674479166666667 0.044270833333333336 0.059895833333333336
1 0.4986979166666667 0.41015625 0.0390625 0.078125
1 0.47265625 0.5286458333333334 0.0390625 0.059895833333333336
1 0.6315104166666666 0.3346354166666667 0.0390625 0.0390625
1 0.2981770833333333 0.5846354166666666 0.036458333333333336 0.0625
1 0.6041666666666666 0.3893229166666667 0.026041666666666668 0.0546875
1 0.57421875 0.40625 0.026041666666666668 0.049479166666666664
1 0.5963541666666666 0.171875 0.036458333333333336 0.0546875
1 0.5794270833333334 0.546875 0.03125 0.052083333333333336
1 0.3958333333333333 0.4661458333333333 0.020833333333333332 0.044270833333333336
1 0.3138020833333333 0.50390625 0.026041666666666668 0.033854166666666664
1 0.32421875 0.5455729166666666 0.033854166666666664 0.0390625
1 0.5442708333333334 0.53125 0.0390625 0.0390625
1 0.5234375 0.6692708333333334 0.03125 0.041666666666666664
1 0.5729166666666666 0.6380208333333334 0.036458333333333336 0.033854166666666664
1 0.4713541666666667 0.0625 0.044270833333333336 0.059895833333333336
1 0.5364583333333334 0.17057291666666666 0.0390625 0.057291666666666664
1 0.44140625 0.6197916666666666 0.049479166666666664 0.044270833333333336
1 0.4010416666666667 0.3424479166666667 0.033854166666666664 0.041666666666666664
1 0.4544270833333333 0.3125 0.033854166666666664 0.046875
1 0.4296875 0.3229166666666667 0.0234375 0.057291666666666664
1 0.53515625 0.7486979166666666 0.0390625 0.0390625
1 0.3489583333333333 0.5364583333333334 0.020833333333333332 0.0390625
1 0.390625 0.6497395833333334 0.020833333333333332 0.052083333333333336
1 0.52734375 0.6119791666666666 0.0234375 0.044270833333333336
1 0.4557291666666667 0.4127604166666667 0.033854166666666664 0.036458333333333336
1 0.4635416666666667 0.7421875 0.0234375 0.044270833333333336
1 0.3723958333333333 0.5989583333333334 0.026041666666666668 0.052083333333333336
1 0.23958333333333334 0.4622395833333333 0.036458333333333336 0.08072916666666667
1 0.6380208333333334 0.4036458333333333 0.03125 0.0625
1 0.6145833333333334 0.4739583333333333 0.03125 0.0390625
1 0.6497395833333334 0.4622395833333333 0.026041666666666668 0.0546875
1 0.56640625 0.44921875 0.033854166666666664 0.041666666666666664
1 0.5885416666666666 0.4622395833333333 0.03125 0.0703125
1 0.56640625 0.35546875 0.03125 0.041666666666666664
1 0.4765625 0.5755208333333334 0.033854166666666664 0.057291666666666664
1 0.2994791666666667 0.4986979166666667 0.026041666666666668 0.0625
1 0.3033854166666667 0.5377604166666666 0.0390625 0.0390625
1 0.515625 0.1953125 0.036458333333333336 0.041666666666666664
1 0.5013020833333334 0.6940104166666666 0.026041666666666668 0.044270833333333336
1 0.4453125 0.6497395833333334 0.0390625 0.0390625
1 0.6158854166666666 0.4010416666666667 0.0234375 0.052083333333333336
1 0.6432291666666666 0.2825520833333333 0.041666666666666664 0.0859375
1 0.515625 0.23828125 0.033854166666666664 0.059895833333333336
1 0.2760416666666667 0.7630208333333334 0.0390625 0.06510416666666667
1 0.578125 0.75390625 0.044270833333333336 0.0625
1 0.5143229166666666 0.5 0.036458333333333336 0.0546875
1 0.4075520833333333 0.7278645833333334 0.028645833333333332 0.059895833333333336
1 0.5494791666666666 0.390625 0.026041666666666668 0.0546875
1 0.6158854166666666 0.20703125 0.0390625 0.0390625
1 0.48046875 0.7565104166666666 0.0390625 0.049479166666666664
1 0.4700520833333333 0.69921875 0.026041666666666668 0.059895833333333336
1 0.3697916666666667 0.49609375 0.033854166666666664 0.044270833333333336
1 0.3815104166666667 0.6393229166666666 0.0234375 0.057291666666666664
1 0.4088541666666667 0.4986979166666667 0.044270833333333336 0.0390625
1 0.5403645833333334 0.6341145833333334 0.026041666666666668 0.049479166666666664
1 0.5091145833333334 0.6484375 0.03125 0.0390625
1 0.4296875 0.4661458333333333 0.041666666666666664 0.046875
1 0.3684895833333333 0.7174479166666666 0.028645833333333332 0.052083333333333336
1 0.28125 0.6393229166666666 0.0546875 0.06510416666666667
1 0.3763020833333333 0.90234375 0.041666666666666664 0.052083333333333336
1 0.3645833333333333 0.4088541666666667 0.044270833333333336 0.078125
1 0.4791666666666667 0.3138020833333333 0.03125 0.06770833333333333
1 0.6380208333333334 0.53515625 0.044270833333333336 0.052083333333333336
1 0.6223958333333334 0.3645833333333333 0.0234375 0.049479166666666664
1 0.58984375 0.359375 0.03125 0.03125
1 0.578125 0.20703125 0.036458333333333336 0.057291666666666664
1 0.6158854166666666 0.6510416666666666 0.033854166666666664 0.044270833333333336
1 0.484375 0.6953125 0.0234375 0.059895833333333336
1 0.4361979166666667 0.27734375 0.028645833333333332 0.0546875
1 0.4036458333333333 0.3216145833333333 0.033854166666666664 0.03125
1 0.4401041666666667 0.3854166666666667 0.033854166666666664 0.0390625
1 0.4140625 0.4270833333333333 0.036458333333333336 0.03125
1 0.3177083333333333 0.5807291666666666 0.03125 0.0390625
1 0.3671875 0.7591145833333334 0.026041666666666668 0.033854166666666664
1 0.37109375 0.6236979166666666 0.03125 0.0625
1 0.3463541666666667 0.578125 0.036458333333333336 0.049479166666666664
1 0.4635416666666667 0.28125 0.03125 0.044270833333333336
1 0.3893229166666667 0.4544270833333333 0.028645833333333332 0.052083333333333336
1 0.4361979166666667 0.3502604166666667 0.028645833333333332 0.044270833333333336
1 0.625 0.5013020833333334 0.028645833333333332 0.041666666666666664
1 0.6119791666666666 0.35546875 0.033854166666666664 0.03125
1 0.4895833333333333 0.7018229166666666 0.020833333333333332 0.049479166666666664
1 0.5286458333333334 0.5260416666666666 0.026041666666666668 0.049479166666666664