1 0.4479166666666667 0.5807291666666666 0.026041666666666668 0.033854166666666664
1 0.5364583333333334 0.58203125 0.033854166666666664 0.03125
1 0.5234375 0.5364583333333334 0.036458333333333336 0.026041666666666668
1 0.625 0.63671875 0.03125 0.044270833333333336
1 0.22135416666666666 0.63671875 0.046875 0.033854166666666664
1 0.58984375 0.5416666666666666 0.033854166666666664 0.033854166666666664
1 0.5442708333333334 0.5546875 0.026041666666666668 0.041666666666666664
1 0.51953125 0.5690104166666666 0.041666666666666664 0.041666666666666664
1 0.5416666666666666 0.5208333333333334 0.033854166666666664 0.026041666666666668
1 0.5729166666666666 0.5143229166666666 0.041666666666666664 0.036458333333333336
1 0.55078125 0.6041666666666666 0.036458333333333336 0.026041666666666668
1 0.5950520833333334 0.5325520833333334 0.0390625 0.03125