1 0.4674479166666667 0.24869791666666666 0.057291666666666664 0.0625
1 0.3346354166666667 0.2526041666666667 0.049479166666666664 0.059895833333333336
1 0.14322916666666666 0.4778645833333333 0.036458333333333336 0.0703125
1 0.2877604166666667 0.78125 0.046875 0.059895833333333336
1 0.8841145833333334 0.62109375 0.07291666666666667 0.09114583333333333
1 0.3997395833333333 0.40625 0.0546875 0.044270833333333336
1 0.7877604166666666 0.1953125 0.06770833333333333 0.06510416666666667
1 0.7708333333333334 0.359375 0.044270833333333336 0.0625
1 0.2786458333333333 0.26171875 0.06510416666666667 0.0703125
1 0.7356770833333334 0.5208333333333334 0.0625 0.09114583333333333
1 0.41796875 0.30078125 0.06510416666666667 0.0625
1 0.2916666666666667 0.42578125 0.0625 0.0859375
1 0.5572916666666666 0.5572916666666666 0.052083333333333336 0.08072916666666667
1 0.28125 0.6145833333333334 0.057291666666666664 0.08333333333333333
1 0.31640625 0.2864583333333333 0.049479166666666664 0.052083333333333336
1 0.2552083333333333 0.7135416666666666 0.057291666666666664 0.052083333333333336
1 0.4361979166666667 0.6575520833333334 0.06510416666666667 0.059895833333333336
1 0.609375 0.69140625 0.0625 0.0625
1 0.9010416666666666 0.4127604166666667 0.06510416666666667 0.08333333333333333
1 0.7877604166666666 0.3463541666666667 0.03125 0.049479166666666664
1 0.203125 0.3359375 0.059895833333333336 0.0546875
1 0.6458333333333334 0.1640625 0.0625 0.06510416666666667
1 0.77734375 0.578125 0.057291666666666664 0.0703125
1 0.5572916666666666 0.2109375 0.059895833333333336 0.08854166666666667
1 0.5651041666666666 0.3203125 0.057291666666666664 0.08854166666666667
1 0.5247395833333334 0.30859375 0.057291666666666664 0.06770833333333333
1 0.3828125 0.4388020833333333 0.059895833333333336 0.06510416666666667
1 0.4674479166666667 0.4557291666666667 0.052083333333333336 0.059895833333333336
1 0.5520833333333334 0.4713541666666667 0.059895833333333336 0.059895833333333336
1 0.31640625 0.6549479166666666 0.0546875 0.07291666666666667
1 0.31640625 0.8033854166666666 0.049479166666666664 0.08072916666666667
1 0.5690104166666666 0.68359375 0.044270833333333336 0.0859375
1 0.3697916666666667 0.09244791666666667 0.059895833333333336 0.07552083333333333
1 0.6783854166666666 0.90234375 0.06770833333333333 0.078125
1 0.5950520833333334 0.8216145833333334 0.041666666666666664 0.046875
1 0.6783854166666666 0.53515625 0.059895833333333336 0.0546875
1 0.6901041666666666 0.5833333333333334 0.036458333333333336 0.059895833333333336
1 0.5338541666666666 0.4244791666666667 0.07552083333333333 0.078125
1 0.9166666666666666 0.29296875 0.036458333333333336 0.06510416666666667
1 0.7526041666666666 0.2747395833333333 0.059895833333333336 0.0546875
1 0.6419270833333334 0.3411458333333333 0.0625 0.06510416666666667
1 0.6888020833333334 0.2786458333333333 0.044270833333333336 0.041666666666666664
1 0.8658854166666666 0.2526041666666667 0.06770833333333333 0.08072916666666667
1 0.73828125 0.3971354166666667 0.0546875 0.09375
1 0.41015625 0.4869791666666667 0.052083333333333336 0.07291666666666667
1 0.5091145833333334 0.5794270833333334 0.0546875 0.06510416666666667
1 0.8763020833333334 0.3684895833333333 0.052083333333333336 0.052083333333333336
1 0.796875 0.3567708333333333 0.033854166666666664 0.0546875
1 0.6236979166666666 0.4622395833333333 0.052083333333333336 0.07552083333333333
1 0.4947916666666667 0.045572916666666664 0.0703125 0.059895833333333336
1 0.4752604166666667 0.3020833333333333 0.06510416666666667 0.078125
1 0.1953125 0.3880208333333333 0.0546875 0.07291666666666667
1 0.4088541666666667 0.7486979166666666 0.052083333333333336 0.09114583333333333
1 0.3567708333333333 0.6822916666666666 0.059895833333333336 0.07291666666666667
1 0.53125 0.08203125 0.0546875 0.059895833333333336
1 0.3658854166666667 0.27734375 0.06770833333333333 0.078125
1 0.78125 0.7265625 0.0625 0.08854166666666667
1 0.3294270833333333 0.08463541666666667 0.057291666666666664 0.0546875
1 0.5455729166666666 0.14453125 0.046875 0.08333333333333333
1 0.22005208333333334 0.6471354166666666 0.041666666666666664 0.07291666666666667
1 0.6067708333333334 0.4557291666666667 0.057291666666666664 0.06770833333333333
1 0.6744791666666666 0.24739583333333334 0.052083333333333336 0.046875
1 0.7200520833333334 0.022135416666666668 0.07552083333333333 0.044270833333333336
1 0.3828125 0.80859375 0.06510416666666667 0.09375
1 0.23177083333333334 0.5403645833333334 0.0546875 0.07552083333333333
1 0.6666666666666666 0.5833333333333334 0.046875 0.0625
1 0.4830729166666667 0.5182291666666666 0.0703125 0.06770833333333333
1 0.5872395833333334 0.6653645833333334 0.052083333333333336 0.057291666666666664
1 0.7604166666666666 0.65234375 0.059895833333333336 0.044270833333333336