1 0.5572916666666666 0.73046875 0.07291666666666667 0.07291666666666667
1 0.5 0.7786458333333334 0.07291666666666667 0.08333333333333333
1 0.4765625 0.2669270833333333 0.0625 0.0703125
1 0.4635416666666667 0.3268229166666667 0.09895833333333333 0.078125
1 0.09505208333333333 0.23697916666666666 0.08072916666666667 0.0625
1 0.734375 0.5833333333333334 0.109375 0.07291666666666667
1 0.7955729166666666 0.6015625 0.09375 0.046875
1 0.11458333333333333 0.3984375 0.08854166666666667 0.057291666666666664
1 0.23177083333333334 0.5234375 0.10416666666666667 0.06770833333333333
1 0.4361979166666667 0.5169270833333334 0.11979166666666667 0.0625
1 0.7369791666666666 0.4296875 0.078125 0.0703125
1 0.7513020833333334 0.6458333333333334 0.10677083333333333 0.07291666666666667
1 0.49609375 0.73828125 0.09635416666666667 0.07552083333333333
1 0.3372395833333333 0.22395833333333334 0.09375 0.08072916666666667
1 0.5104166666666666 0.19140625 0.08072916666666667 0.059895833333333336
1 0.5533854166666666 0.3567708333333333 0.08333333333333333 0.049479166666666664
1 0.375 0.26171875 0.0859375 0.06510416666666667
1 0.5611979166666666 0.3203125 0.09114583333333333 0.0546875