1 0.3125 0.6223958333333334 0.07291666666666667 0.057291666666666664
1 0.3828125 0.19401041666666666 0.07291666666666667 0.07291666666666667
1 0.3216145833333333 0.5169270833333334 0.028645833333333332 0.033854166666666664
1 0.375 0.5286458333333334 0.057291666666666664 0.049479166666666664
1 0.3619791666666667 0.67578125 0.06770833333333333 0.08854166666666667
1 0.3372395833333333 0.5377604166666666 0.078125 0.11197916666666667
1 0.515625 0.2838541666666667 0.06510416666666667 0.09375
1 0.5638020833333334 0.5572916666666666 0.049479166666666664 0.07552083333333333
1 0.4088541666666667 0.34765625 0.052083333333333336 0.057291666666666664
1 0.5638020833333334 0.2109375 0.06770833333333333 0.059895833333333336
1 0.3932291666666667 0.3177083333333333 0.049479166666666664 0.06510416666666667
1 0.3841145833333333 0.3020833333333333 0.0390625 0.049479166666666664
1 0.5833333333333334 0.18098958333333334 0.078125 0.09895833333333333
1 0.4557291666666667 0.1796875 0.052083333333333336 0.06510416666666667
1 0.359375 0.5026041666666666 0.06510416666666667 0.052083333333333336
1 0.6015625 0.3658854166666667 0.057291666666666664 0.041666666666666664
1 0.6041666666666666 0.23177083333333334 0.0625 0.08333333333333333
1 0.4140625 0.20052083333333334 0.046875 0.08333333333333333
1 0.5846354166666666 0.3255208333333333 0.06510416666666667 0.057291666666666664
1 0.546875 0.39453125 0.059895833333333336 0.052083333333333336
1 0.3854166666666667 0.55859375 0.049479166666666664 0.08854166666666667
1 0.4088541666666667 0.6015625 0.052083333333333336 0.08854166666666667
1 0.5208333333333334 0.6119791666666666 0.059895833333333336 0.0859375
1 0.2942708333333333 0.23307291666666666 0.0546875 0.041666666666666664
1 0.32421875 0.6796875 0.06770833333333333 0.08072916666666667
1 0.31640625 0.22786458333333334 0.06770833333333333 0.046875
1 0.4713541666666667 0.2825520833333333 0.049479166666666664 0.046875
1 0.3411458333333333 0.2994791666666667 0.044270833333333336 0.0703125
1 0.2604166666666667 0.34375 0.059895833333333336 0.0546875
1 0.5755208333333334 0.13541666666666666 0.07291666666666667 0.07291666666666667
1 0.3177083333333333 0.2591145833333333 0.06770833333333333 0.044270833333333336
1 0.4947916666666667 0.4231770833333333 0.036458333333333336 0.06510416666666667
1 0.37890625 0.6223958333333334 0.052083333333333336 0.07552083333333333
1 0.6302083333333334 0.34375 0.0546875 0.0703125
1 0.39453125 0.1328125 0.07552083333333333 0.09114583333333333
1 0.2734375 0.30859375 0.0703125 0.049479166666666664
1 0.15625 0.12109375 0.078125 0.07552083333333333
1 0.2890625 0.4934895833333333 0.057291666666666664 0.09375
1 0.3580729166666667 0.4270833333333333 0.052083333333333336 0.041666666666666664
1 0.5755208333333334 0.2630208333333333 0.08072916666666667 0.07552083333333333
1 0.55859375 0.3489583333333333 0.0546875 0.059895833333333336
1 0.4921875 0.14453125 0.07552083333333333 0.078125
1 0.4088541666666667 0.55078125 0.044270833333333336 0.08072916666666667
1 0.30078125 0.1875 0.06770833333333333 0.052083333333333336
1 0.6549479166666666 0.3502604166666667 0.033854166666666664 0.044270833333333336
1 0.52734375 0.16666666666666666 0.06770833333333333 0.109375
1 0.4427083333333333 0.3216145833333333 0.0703125 0.059895833333333336
1 0.2864583333333333 0.3893229166666667 0.0546875 0.09375
1 0.36328125 0.5598958333333334 0.046875 0.0546875
1 0.3190104166666667 0.5872395833333334 0.06510416666666667 0.06510416666666667
1 0.4296875 0.23697916666666666 0.0546875 0.0859375
1 0.2799479166666667 0.6315104166666666 0.0859375 0.08854166666666667
1 0.5104166666666666 0.4739583333333333 0.046875 0.07291666666666667
1 0.34765625 0.6106770833333334 0.046875 0.078125
1 0.52734375 0.4361979166666667 0.0703125 0.078125
1 0.5299479166666666 0.3763020833333333 0.057291666666666664 0.059895833333333336
1 0.6236979166666666 0.421875 0.0703125 0.09895833333333333
1 0.5182291666666666 0.50390625 0.057291666666666664 0.08333333333333333
1 0.5494791666666666 0.44140625 0.06770833333333333 0.0703125
1 0.3997395833333333 0.2630208333333333 0.06510416666666667 0.07552083333333333
1 0.4244791666666667 0.4166666666666667 0.078125 0.1015625
1 0.3736979166666667 0.7018229166666666 0.06770833333333333 0.06510416666666667
1 0.2747395833333333 0.26171875 0.0625 0.07291666666666667
1 0.64453125 0.3020833333333333 0.06510416666666667 0.046875
1 0.3645833333333333 0.2565104166666667 0.0703125 0.059895833333333336
1 0.46875 0.5611979166666666 0.046875 0.078125
1 0.4244791666666667 0.63671875 0.036458333333333336 0.049479166666666664
1 0.3528645833333333 0.33984375 0.0625 0.08854166666666667
1 0.4713541666666667 0.375 0.052083333333333336 0.059895833333333336
1 0.3463541666666667 0.6666666666666666 0.026041666666666668 0.036458333333333336
1 0.3372395833333333 0.46875 0.059895833333333336 0.049479166666666664
1 0.3177083333333333 0.31640625 0.0625 0.1015625
1 0.4973958333333333 0.60546875 0.06770833333333333 0.0859375
1 0.48828125 0.36328125 0.07291666666666667 0.1015625
1 0.4921875 0.4622395833333333 0.028645833333333332 0.052083333333333336
1 0.3268229166666667 0.1640625 0.059895833333333336 0.0546875
1 0.4375 0.5729166666666666 0.052083333333333336 0.0859375
1 0.59765625 0.3932291666666667 0.06770833333333333 0.044270833333333336
1 0.3919270833333333 0.37890625 0.07291666666666667 0.109375
1 0.2747395833333333 0.5651041666666666 0.0625 0.057291666666666664
1 0.4440104166666667 0.62109375 0.036458333333333336 0.059895833333333336
1 0.5208333333333334 0.3385416666666667 0.044270833333333336 0.078125
1 0.60546875 0.29296875 0.028645833333333332 0.041666666666666664
1 0.4700520833333333 0.22135416666666666 0.06770833333333333 0.0546875
1 0.4375 0.14713541666666666 0.0625 0.09635416666666667
1 0.4427083333333333 0.2916666666666667 0.059895833333333336 0.049479166666666664
1 0.4674479166666667 0.44140625 0.052083333333333336 0.08854166666666667
1 0.4661458333333333 0.4895833333333333 0.08854166666666667 0.0859375
1 0.47265625 0.6002604166666666 0.046875 0.08072916666666667
1 0.4036458333333333 0.45703125 0.0625 0.09635416666666667
1 0.5091145833333334 0.5494791666666666 0.0625 0.0546875