1 0.3893229166666667 0.6510416666666666 0.0234375 0.059895833333333336
1 0.57421875 0.4010416666666667 0.013020833333333334 0.026041666666666668
1 0.5846354166666666 0.4361979166666667 0.020833333333333332 0.036458333333333336
1 0.51953125 0.5533854166666666 0.013020833333333334 0.0234375
1 0.4466145833333333 0.5403645833333334 0.033854166666666664 0.03125
1 0.70703125 0.6171875 0.03125 0.018229166666666668
1 0.69921875 0.5065104166666666 0.015625 0.044270833333333336
1 0.59765625 0.3502604166666667 0.020833333333333332 0.0546875
1 0.28125 0.45703125 0.0390625 0.018229166666666668
1 0.4348958333333333 0.3580729166666667 0.015625 0.044270833333333336
1 0.7513020833333334 0.6276041666666666 0.028645833333333332 0.0390625
1 0.5885416666666666 0.3177083333333333 0.0390625 0.020833333333333332
1 0.2799479166666667 0.4153645833333333 0.026041666666666668 0.0390625
1 0.3893229166666667 0.6015625 0.028645833333333332 0.041666666666666664
1 0.5859375 0.4036458333333333 0.013020833333333334 0.028645833333333332
1 0.6549479166666666 0.56640625 0.015625 0.015625
1 0.6692708333333334 0.5677083333333334 0.013020833333333334 0.018229166666666668
1 0.4283854166666667 0.390625 0.015625 0.036458333333333336
1 0.6588541666666666 0.7942708333333334 0.020833333333333332 0.028645833333333332
1 0.6796875 0.4674479166666667 0.041666666666666664 0.0234375
1 0.6041666666666666 0.64453125 0.018229166666666668 0.033854166666666664
1 0.3151041666666667 0.4205729166666667 0.028645833333333332 0.049479166666666664
1 0.76953125 0.6028645833333334 0.026041666666666668 0.018229166666666668
1 0.3424479166666667 0.64453125 0.015625 0.046875
1 0.5872395833333334 0.4713541666666667 0.020833333333333332 0.028645833333333332
1 0.7747395833333334 0.5859375 0.026041666666666668 0.010416666666666666
1 0.6471354166666666 0.3815104166666667 0.036458333333333336 0.020833333333333332
1 0.5625 0.3307291666666667 0.018229166666666668 0.0390625
1 0.4192708333333333 0.52734375 0.026041666666666668 0.033854166666666664
1 0.4231770833333333 0.6575520833333334 0.036458333333333336 0.026041666666666668
1 0.4596354166666667 0.5885416666666666 0.033854166666666664 0.020833333333333332
1 0.6471354166666666 0.6236979166666666 0.015625 0.020833333333333332
1 0.671875 0.6341145833333334 0.015625 0.028645833333333332
1 0.7083333333333334 0.7239583333333334 0.018229166666666668 0.028645833333333332
1 0.76953125 0.5481770833333334 0.015625 0.049479166666666664
1 0.8138020833333334 0.4375 0.036458333333333336 0.03125
1 0.390625 0.4453125 0.028645833333333332 0.028645833333333332
1 0.6171875 0.8111979166666666 0.041666666666666664 0.041666666666666664
1 0.7421875 0.5533854166666666 0.028645833333333332 0.026041666666666668
1 0.7513020833333334 0.4765625 0.0234375 0.06770833333333333
1 0.6393229166666666 0.4986979166666667 0.03125 0.059895833333333336
1 0.76171875 0.3671875 0.041666666666666664 0.028645833333333332
1 0.7408854166666666 0.5234375 0.028645833333333332 0.0390625
1 0.4557291666666667 0.3333333333333333 0.046875 0.028645833333333332
1 0.3033854166666667 0.3450520833333333 0.0234375 0.036458333333333336
1 0.2721354166666667 0.4778645833333333 0.057291666666666664 0.0234375
1 0.70703125 0.5481770833333334 0.013020833333333334 0.0234375
1 0.5729166666666666 0.36328125 0.013020833333333334 0.0390625
1 0.6666666666666666 0.5494791666666666 0.03125 0.018229166666666668
1 0.5651041666666666 0.3997395833333333 0.013020833333333334 0.0546875
1 0.7161458333333334 0.4231770833333333 0.0234375 0.0234375
1 0.6692708333333334 0.4375 0.041666666666666664 0.018229166666666668
1 0.7278645833333334 0.5078125 0.020833333333333332 0.036458333333333336
1 0.3880208333333333 0.3489583333333333 0.033854166666666664 0.044270833333333336
1 0.6119791666666666 0.41015625 0.013020833333333334 0.052083333333333336
1 0.6171875 0.4739583333333333 0.020833333333333332 0.020833333333333332
1 0.3658854166666667 0.5390625 0.0234375 0.0234375
1 0.6822916666666666 0.3880208333333333 0.033854166666666664 0.03125
1 0.7942708333333334 0.5260416666666666 0.026041666666666668 0.036458333333333336
1 0.7708333333333334 0.4895833333333333 0.018229166666666668 0.033854166666666664
1 0.4140625 0.4192708333333333 0.013020833333333334 0.059895833333333336
1 0.5364583333333334 0.6536458333333334 0.0234375 0.046875
1 0.35546875 0.4010416666666667 0.020833333333333332 0.049479166666666664
1 0.4557291666666667 0.5026041666666666 0.0234375 0.020833333333333332
1 0.5690104166666666 0.6106770833333334 0.018229166666666668 0.057291666666666664
1 0.66796875 0.515625 0.026041666666666668 0.028645833333333332
1 0.7447916666666666 0.59765625 0.026041666666666668 0.041666666666666664
1 0.7486979166666666 0.3932291666666667 0.033854166666666664 0.03125
1 0.7903645833333334 0.5716145833333334 0.015625 0.03125
1 0.7252604166666666 0.59765625 0.015625 0.028645833333333332
1 0.6341145833333334 0.453125 0.0234375 0.018229166666666668
1 0.5729166666666666 0.4921875 0.0078125 0.044270833333333336
1 0.6705729166666666 0.5924479166666666 0.015625 0.020833333333333332
1 0.3828125 0.4700520833333333 0.013020833333333334 0.018229166666666668
1 0.6770833333333334 0.61328125 0.026041666666666668 0.018229166666666668
1 0.3919270833333333 0.53125 0.026041666666666668 0.033854166666666664
1 0.5325520833333334 0.515625 0.026041666666666668 0.028645833333333332
1 0.71875 0.4921875 0.020833333333333332 0.046875
1 0.37109375 0.5963541666666666 0.044270833333333336 0.0390625
1 0.4908854166666667 0.4388020833333333 0.03125 0.041666666666666664
1 0.671875 0.4973958333333333 0.03125 0.028645833333333332
1 0.3776041666666667 0.4075520833333333 0.0390625 0.036458333333333336
1 0.42578125 0.4934895833333333 0.015625 0.028645833333333332
1 0.5546875 0.5963541666666666 0.018229166666666668 0.036458333333333336
1 0.77734375 0.4453125 0.026041666666666668 0.041666666666666664
1 0.484375 0.4609375 0.033854166666666664 0.041666666666666664
1 0.4401041666666667 0.2682291666666667 0.033854166666666664 0.026041666666666668
1 0.7330729166666666 0.7044270833333334 0.026041666666666668 0.0390625
1 0.6536458333333334 0.4088541666666667 0.03125 0.036458333333333336
1 0.45703125 0.4231770833333333 0.033854166666666664 0.03125
1 0.4973958333333333 0.5716145833333334 0.028645833333333332 0.028645833333333332
1 0.5520833333333334 0.6458333333333334 0.015625 0.049479166666666664
1 0.6145833333333334 0.4557291666666667 0.015625 0.018229166666666668
1 0.6171875 0.36328125 0.020833333333333332 0.049479166666666664
1 0.72265625 0.54296875 0.010416666666666666 0.0234375
1 0.7057291666666666 0.5989583333333334 0.0234375 0.015625
1 0.5833333333333334 0.3723958333333333 0.010416666666666666 0.041666666666666664
1 0.55078125 0.5598958333333334 0.0234375 0.028645833333333332
1 0.6783854166666666 0.6692708333333334 0.018229166666666668 0.033854166666666664
1 0.7200520833333334 0.4479166666666667 0.03125 0.028645833333333332
1 0.5638020833333334 0.8307291666666666 0.028645833333333332 0.0390625
1 0.3776041666666667 0.64453125 0.018229166666666668 0.03125
1 0.6302083333333334 0.43359375 0.033854166666666664 0.026041666666666668
1 0.7513020833333334 0.515625 0.0234375 0.03125