1 0.13802083333333334 0.7135416666666666 0.052083333333333336 0.07552083333333333
1 0.1796875 0.68359375 0.049479166666666664 0.052083333333333336
1 0.2981770833333333 0.75390625 0.06510416666666667 0.09114583333333333
1 0.328125 0.80078125 0.059895833333333336 0.09114583333333333
1 0.3359375 0.8463541666666666 0.0625 0.0703125
1 0.2630208333333333 0.7317708333333334 0.059895833333333336 0.059895833333333336
1 0.14453125 0.55859375 0.06510416666666667 0.08333333333333333
1 0.125 0.5078125 0.06770833333333333 0.09635416666666667
1 0.13802083333333334 0.3880208333333333 0.0703125 0.0625
1 0.2565104166666667 0.3958333333333333 0.06510416666666667 0.07291666666666667
1 0.2565104166666667 0.3411458333333333 0.0546875 0.078125
1 0.3203125 0.37890625 0.07291666666666667 0.0703125
1 0.3984375 0.25390625 0.057291666666666664 0.078125
1 0.3216145833333333 0.4322916666666667 0.057291666666666664 0.06770833333333333
1 0.3815104166666667 0.7747395833333334 0.07552083333333333 0.078125
1 0.46484375 0.6901041666666666 0.059895833333333336 0.078125
1 0.55859375 0.6432291666666666 0.057291666666666664 0.08072916666666667
1 0.6848958333333334 0.8541666666666666 0.06770833333333333 0.059895833333333336
1 0.7669270833333334 0.8502604166666666 0.07552083333333333 0.078125
1 0.7643229166666666 0.796875 0.06510416666666667 0.07291666666666667
1 0.8033854166666666 0.7630208333333334 0.07291666666666667 0.07291666666666667
1 0.4427083333333333 0.515625 0.06510416666666667 0.06770833333333333
1 0.54296875 0.3151041666666667 0.057291666666666664 0.07552083333333333
1 0.6822916666666666 0.3723958333333333 0.08072916666666667 0.07552083333333333
1 0.7200520833333334 0.49609375 0.06510416666666667 0.0859375
1 0.6809895833333334 0.5638020833333334 0.07291666666666667 0.0703125
1 0.77734375 0.546875 0.06770833333333333 0.07552083333333333
1 0.9075520833333334 0.5833333333333334 0.06770833333333333 0.07291666666666667
1 0.9322916666666666 0.5651041666666666 0.06510416666666667 0.09375
1 0.8046875 0.4544270833333333 0.049479166666666664 0.0703125
1 0.93359375 0.51171875 0.052083333333333336 0.09375
1 0.9596354166666666 0.484375 0.06510416666666667 0.09895833333333333
1 0.7408854166666666 0.3528645833333333 0.08072916666666667 0.07291666666666667
1 0.83984375 0.3619791666666667 0.07291666666666667 0.06510416666666667
1 0.87109375 0.3125 0.057291666666666664 0.09635416666666667
1 0.90625 0.2760416666666667 0.059895833333333336 0.08333333333333333
1 0.8072916666666666 0.15364583333333334 0.0546875 0.059895833333333336
1 0.4817708333333333 0.19270833333333334 0.06770833333333333 0.057291666666666664
1 0.58203125 0.20442708333333334 0.06510416666666667 0.0546875
1 0.7174479166666666 0.15364583333333334 0.07552083333333333 0.07552083333333333
1 0.052083333333333336 0.8216145833333334 0.07552083333333333 0.09375
1 0.10677083333333333 0.7447916666666666 0.07552083333333333 0.07291666666666667
1 0.14713541666666666 0.6614583333333334 0.0625 0.0859375
1 0.19401041666666666 0.625 0.046875 0.06770833333333333
1 0.21223958333333334 0.3776041666666667 0.046875 0.06510416666666667
1 0.3580729166666667 0.37890625 0.059895833333333336 0.06770833333333333
1 0.3307291666666667 0.46484375 0.0703125 0.059895833333333336
1 0.3736979166666667 0.7434895833333334 0.06510416666666667 0.06770833333333333
1 0.4596354166666667 0.796875 0.052083333333333336 0.06770833333333333
1 0.5013020833333334 0.8528645833333334 0.1015625 0.078125
1 0.5403645833333334 0.7708333333333334 0.078125 0.09375
1 0.6354166666666666 0.7434895833333334 0.057291666666666664 0.06770833333333333
1 0.6315104166666666 0.6783854166666666 0.07552083333333333 0.0625
1 0.6458333333333334 0.80078125 0.07291666666666667 0.0625
1 0.4049479166666667 0.4309895833333333 0.057291666666666664 0.07291666666666667
1 0.4674479166666667 0.3645833333333333 0.0546875 0.078125
1 0.6223958333333334 0.4830729166666667 0.0546875 0.08333333333333333
1 0.6458333333333334 0.4557291666666667 0.059895833333333336 0.0703125
1 0.6640625 0.3268229166666667 0.0703125 0.0625
1 0.7942708333333334 0.61328125 0.0625 0.06770833333333333
1 0.77734375 0.69921875 0.059895833333333336 0.0859375
1 0.8450520833333334 0.30078125 0.078125 0.078125
1 0.7721354166666666 0.27734375 0.06510416666666667 0.09375
1 0.6223958333333334 0.2591145833333333 0.06510416666666667 0.07291666666666667
1 0.4375 0.17838541666666666 0.044270833333333336 0.052083333333333336
1 0.09114583333333333 0.69921875 0.059895833333333336 0.078125
1 0.16015625 0.69921875 0.059895833333333336 0.078125
1 0.203125 0.7903645833333334 0.0703125 0.09635416666666667
1 0.24609375 0.703125 0.0703125 0.0625
1 0.2760416666666667 0.6927083333333334 0.06770833333333333 0.07291666666666667
1 0.234375 0.54296875 0.07291666666666667 0.08854166666666667
1 0.20703125 0.5911458333333334 0.0625 0.08333333333333333
1 0.21484375 0.4309895833333333 0.07552083333333333 0.08854166666666667
1 0.23046875 0.453125 0.06510416666666667 0.057291666666666664
1 0.2916666666666667 0.43359375 0.06510416666666667 0.08333333333333333
1 0.3125 0.3411458333333333 0.0625 0.09114583333333333
1 0.3528645833333333 0.4166666666666667 0.06770833333333333 0.059895833333333336
1 0.4088541666666667 0.13541666666666666 0.0625 0.08854166666666667
1 0.5833333333333334 0.5989583333333334 0.052083333333333336 0.08333333333333333
1 0.58203125 0.8033854166666666 0.08072916666666667 0.09635416666666667
1 0.7369791666666666 0.7903645833333334 0.0546875 0.059895833333333336
1 0.7239583333333334 0.7669270833333334 0.052083333333333336 0.06510416666666667
1 0.7890625 0.8190104166666666 0.052083333333333336 0.059895833333333336
1 0.4244791666666667 0.41796875 0.0625 0.0703125
1 0.4635416666666667 0.4283854166666667 0.059895833333333336 0.052083333333333336
1 0.55859375 0.3580729166666667 0.0703125 0.08333333333333333
1 0.5403645833333334 0.4427083333333333 0.06510416666666667 0.06770833333333333
1 0.734375 0.6067708333333334 0.078125 0.078125
1 0.8020833333333334 0.5690104166666666 0.0625 0.09114583333333333
1 0.9557291666666666 0.4518229166666667 0.0625 0.09114583333333333
1 0.7747395833333334 0.4075520833333333 0.07291666666666667 0.0625
1 0.7981770833333334 0.3736979166666667 0.08333333333333333 0.059895833333333336
1 0.9010416666666666 0.37109375 0.0625 0.07291666666666667
1 0.8346354166666666 0.18619791666666666 0.0625 0.09895833333333333
1 0.7643229166666666 0.20442708333333334 0.059895833333333336 0.0546875
1 0.5260416666666666 0.09635416666666667 0.0703125 0.059895833333333336
1 0.84375 0.7864583333333334 0.059895833333333336 0.078125
1 0.2578125 0.4440104166666667 0.049479166666666664 0.046875
1 0.2825520833333333 0.82421875 0.078125 0.0703125
1 0.12760416666666666 0.4544270833333333 0.0546875 0.08333333333333333
1 0.18229166666666666 0.3450520833333333 0.07291666666666667 0.057291666666666664
1 0.18359375 0.30859375 0.06770833333333333 0.08072916666666667
1 0.2630208333333333 0.5494791666666666 0.08854166666666667 0.08072916666666667
1 0.2942708333333333 0.58203125 0.078125 0.08072916666666667
1 0.2825520833333333 0.3463541666666667 0.06510416666666667 0.0625
1 0.2916666666666667 0.2890625 0.06510416666666667 0.0625
1 0.375 0.20963541666666666 0.07552083333333333 0.0703125
1 0.53515625 0.6328125 0.052083333333333336 0.046875
1 0.609375 0.765625 0.06770833333333333 0.057291666666666664
1 0.6731770833333334 0.7057291666666666 0.057291666666666664 0.07291666666666667
1 0.55859375 0.3958333333333333 0.06510416666666667 0.07291666666666667
1 0.6966145833333334 0.53125 0.078125 0.0625
1 0.8333333333333334 0.7174479166666666 0.09114583333333333 0.07552083333333333
1 0.8684895833333334 0.6888020833333334 0.0625 0.06510416666666667
1 0.8463541666666666 0.2578125 0.078125 0.08072916666666667
1 0.73046875 0.2747395833333333 0.07291666666666667 0.08072916666666667
1 0.6354166666666666 0.16796875 0.07291666666666667 0.046875
1 0.63671875 0.21614583333333334 0.06770833333333333 0.046875
1 0.6848958333333334 0.17838541666666666 0.07291666666666667 0.0546875
1 0.18489583333333334 0.9088541666666666 0.07291666666666667 0.049479166666666664
1 0.10416666666666667 0.6263020833333334 0.06770833333333333 0.08333333333333333
1 0.17578125 0.75 0.078125 0.059895833333333336
1 0.20572916666666666 0.7278645833333334 0.0703125 0.0625
1 0.15364583333333334 0.4075520833333333 0.07291666666666667 0.06510416666666667
1 0.21875 0.2643229166666667 0.0859375 0.06770833333333333
1 0.38671875 0.7005208333333334 0.0546875 0.08333333333333333
1 0.59765625 0.6848958333333334 0.06770833333333333 0.0546875
1 0.7057291666666666 0.8151041666666666 0.057291666666666664 0.09114583333333333
1 0.7369791666666666 0.7408854166666666 0.06770833333333333 0.052083333333333336
1 0.4921875 0.3203125 0.0703125 0.0703125
1 0.5169270833333334 0.515625 0.08072916666666667 0.09114583333333333
1 0.6341145833333334 0.3385416666666667 0.0703125 0.0625
1 0.703125 0.59765625 0.06770833333333333 0.059895833333333336
1 0.7643229166666666 0.62109375 0.0625 0.08333333333333333
1 0.8203125 0.5572916666666666 0.0546875 0.078125
1 0.9713541666666666 0.5130208333333334 0.057291666666666664 0.09375
1 0.8580729166666666 0.4622395833333333 0.057291666666666664 0.08072916666666667
1 0.7265625 0.4088541666666667 0.078125 0.059895833333333336
1 0.7799479166666666 0.31640625 0.0703125 0.06510416666666667
1 0.9075520833333334 0.3294270833333333 0.08072916666666667 0.08072916666666667
1 0.5924479166666666 0.2643229166666667 0.08072916666666667 0.06770833333333333
1 0.50390625 0.13151041666666666 0.07291666666666667 0.08072916666666667
1 0.66796875 0.14713541666666666 0.078125 0.06770833333333333
1 0.4296875 0.13671875 0.044270833333333336 0.07291666666666667
1 0.2109375 0.671875 0.0625 0.09114583333333333
1 0.17447916666666666 0.4322916666666667 0.059895833333333336 0.08072916666666667
1 0.6067708333333334 0.7200520833333334 0.06770833333333333 0.08072916666666667
1 0.65234375 0.7578125 0.0625 0.06510416666666667
1 0.6236979166666666 0.8216145833333334 0.07552083333333333 0.0703125
1 0.6888020833333334 0.7565104166666666 0.06770833333333333 0.0625
1 0.4010416666666667 0.3802083333333333 0.06510416666666667 0.046875
1 0.5846354166666666 0.4622395833333333 0.0625 0.08333333333333333
1 0.7486979166666666 0.5807291666666666 0.052083333333333336 0.078125
1 0.87109375 0.5950520833333334 0.06770833333333333 0.08072916666666667
1 0.83203125 0.5989583333333334 0.0625 0.0859375
1 0.8190104166666666 0.5208333333333334 0.0546875 0.08072916666666667
1 0.7747395833333334 0.4856770833333333 0.0625 0.09375
1 0.9453125 0.3802083333333333 0.0703125 0.0703125
1 0.890625 0.234375 0.0703125 0.078125
1 0.42578125 0.2721354166666667 0.049479166666666664 0.08072916666666667
1 0.4596354166666667 0.15625 0.059895833333333336 0.08072916666666667
1 0.4518229166666667 0.22265625 0.059895833333333336 0.07552083333333333
1 0.5729166666666666 0.17578125 0.06510416666666667 0.09895833333333333
1 0.375 0.34375 0.057291666666666664 0.057291666666666664
1 0.23177083333333334 0.7760416666666666 0.0625 0.06770833333333333
1 0.24609375 0.828125 0.059895833333333336 0.078125
1 0.2825520833333333 0.79296875 0.0703125 0.0625
1 0.125 0.5559895833333334 0.059895833333333336 0.0703125
1 0.16145833333333334 0.484375 0.052083333333333336 0.0703125
1 0.24739583333333334 0.26953125 0.0546875 0.08072916666666667
1 0.2565104166666667 0.2981770833333333 0.06510416666666667 0.07552083333333333
1 0.2890625 0.22526041666666666 0.0625 0.078125
1 0.26953125 0.2109375 0.0625 0.057291666666666664
1 0.34765625 0.703125 0.0625 0.0625
1 0.6627604166666666 0.85546875 0.07291666666666667 0.09635416666666667
1 0.6940104166666666 0.6627604166666666 0.059895833333333336 0.08333333333333333
1 0.7161458333333334 0.69921875 0.0703125 0.0546875
1 0.4973958333333333 0.3580729166666667 0.057291666666666664 0.07552083333333333
1 0.5520833333333334 0.4817708333333333 0.049479166666666664 0.06770833333333333
1 0.6940104166666666 0.4440104166666667 0.08854166666666667 0.06510416666666667
1 0.6458333333333334 0.5013020833333334 0.057291666666666664 0.0703125
1 0.8893229166666666 0.43359375 0.07291666666666667 0.07291666666666667
1 0.7799479166666666 0.1953125 0.06770833333333333 0.0703125
1 0.5611979166666666 0.234375 0.07291666666666667 0.06770833333333333
1 0.51953125 0.17057291666666666 0.0546875 0.08072916666666667
1 0.62109375 0.10416666666666667 0.06770833333333333 0.07291666666666667
1 0.65234375 0.10807291666666667 0.07291666666666667 0.08072916666666667
1 0.6744791666666666 0.22526041666666666 0.0625 0.052083333333333336
1 0.05078125 0.44140625 0.08333333333333333 0.08333333333333333
1 0.13541666666666666 0.7708333333333334 0.07291666666666667 0.078125
1 0.0703125 0.6041666666666666 0.08072916666666667 0.078125
1 0.11197916666666667 0.6848958333333334 0.07552083333333333 0.08854166666666667
1 0.2526041666666667 0.76953125 0.07552083333333333 0.0625
1 0.31640625 0.76953125 0.06510416666666667 0.09895833333333333
1 0.12239583333333333 0.3502604166666667 0.08333333333333333 0.059895833333333336
1 0.23828125 0.3463541666666667 0.057291666666666664 0.07291666666666667
1 0.24479166666666666 0.2265625 0.052083333333333336 0.07552083333333333
1 0.3151041666666667 0.2994791666666667 0.0703125 0.06770833333333333
1 0.3359375 0.2604166666666667 0.06510416666666667 0.0703125
1 0.3515625 0.2864583333333333 0.0546875 0.08333333333333333
1 0.3684895833333333 0.3046875 0.06770833333333333 0.078125
1 0.37890625 0.12760416666666666 0.07291666666666667 0.08854166666666667
1 0.4361979166666667 0.7760416666666666 0.07291666666666667 0.07291666666666667
1 0.4114583333333333 0.8385416666666666 0.08072916666666667 0.078125
1 0.5182291666666666 0.8229166666666666 0.10677083333333333 0.078125
1 0.3776041666666667 0.5325520833333334 0.06770833333333333 0.08072916666666667
1 0.4453125 0.6119791666666666 0.057291666666666664 0.08333333333333333
1 0.4765625 0.625 0.08072916666666667 0.08854166666666667
1 0.67578125 0.8020833333333334 0.06510416666666667 0.0625
1 0.7109375 0.8606770833333334 0.0703125 0.06770833333333333
1 0.71875 0.6692708333333334 0.06770833333333333 0.06770833333333333
1 0.4661458333333333 0.4010416666666667 0.06770833333333333 0.06770833333333333
1 0.6432291666666666 0.4049479166666667 0.0625 0.09635416666666667
1 0.80859375 0.69921875 0.059895833333333336 0.08854166666666667
1 0.90234375 0.4869791666666667 0.0703125 0.059895833333333336
1 0.8515625 0.4947916666666667 0.049479166666666664 0.049479166666666664
1 0.91796875 0.4166666666666667 0.06510416666666667 0.078125
1 0.83203125 0.3958333333333333 0.052083333333333336 0.059895833333333336
1 0.7317708333333334 0.3190104166666667 0.0625 0.0703125
1 0.8151041666666666 0.19791666666666666 0.07291666666666667 0.059895833333333336
1 0.73046875 0.21354166666666666 0.07291666666666667 0.07291666666666667
1 0.4830729166666667 0.25390625 0.0703125 0.052083333333333336
1 0.56640625 0.109375 0.0703125 0.059895833333333336
1 0.74609375 0.16276041666666666 0.06510416666666667 0.06770833333333333
1 0.875 0.80859375 0.06510416666666667 0.0859375
1 0.84375 0.6536458333333334 0.06510416666666667 0.0703125