1 0.4479166666666667 0.58984375 0.044270833333333336 0.08333333333333333
1 0.3385416666666667 0.5885416666666666 0.036458333333333336 0.078125
1 0.4609375 0.6888020833333334 0.036458333333333336 0.06510416666666667
1 0.3880208333333333 0.4830729166666667 0.046875 0.049479166666666664
1 0.3684895833333333 0.69140625 0.057291666666666664 0.08072916666666667
1 0.3984375 0.5833333333333334 0.049479166666666664 0.0625
1 0.6145833333333334 0.4765625 0.059895833333333336 0.059895833333333336
1 0.4075520833333333 0.48828125 0.041666666666666664 0.036458333333333336
1 0.3919270833333333 0.6302083333333334 0.036458333333333336 0.049479166666666664
1 0.4205729166666667 0.5143229166666666 0.049479166666666664 0.07291666666666667
1 0.5885416666666666 0.4270833333333333 0.049479166666666664 0.0546875
1 0.37890625 0.6458333333333334 0.046875 0.046875
1 0.4231770833333333 0.58203125 0.049479166666666664 0.059895833333333336
1 0.4609375 0.4869791666666667 0.0625 0.08072916666666667
1 0.4856770833333333 0.47265625 0.049479166666666664 0.057291666666666664
1 0.46484375 0.6106770833333334 0.057291666666666664 0.07291666666666667
1 0.1796875 0.4348958333333333 0.018229166666666668 0.026041666666666668