1 0.5755208333333334 0.7356770833333334 0.06770833333333333 0.09375
1 0.5065104166666666 0.6653645833333334 0.0703125 0.08854166666666667
1 0.30859375 0.3515625 0.052083333333333336 0.08333333333333333
1 0.47265625 0.67578125 0.059895833333333336 0.059895833333333336
1 0.3424479166666667 0.5625 0.052083333333333336 0.09375
1 0.4427083333333333 0.7682291666666666 0.06770833333333333 0.08333333333333333
1 0.4140625 0.5690104166666666 0.0625 0.078125
1 0.4700520833333333 0.7330729166666666 0.0390625 0.0546875
1 0.3333333333333333 0.515625 0.052083333333333336 0.0859375
1 0.2877604166666667 0.3580729166666667 0.049479166666666664 0.09895833333333333
1 0.4244791666666667 0.63671875 0.06510416666666667 0.08333333333333333
1 0.48046875 0.4166666666666667 0.06510416666666667 0.06510416666666667
1 0.5130208333333334 0.8567708333333334 0.0625 0.09895833333333333
1 0.3736979166666667 0.5755208333333334 0.049479166666666664 0.07291666666666667
1 0.3763020833333333 0.5260416666666666 0.0546875 0.08072916666666667
1 0.4921875 0.5182291666666666 0.07552083333333333 0.09895833333333333
1 0.31640625 0.7994791666666666 0.06770833333333333 0.13020833333333334
1 0.2630208333333333 0.27734375 0.06510416666666667 0.09375
1 0.6692708333333334 0.6588541666666666 0.09114583333333333 0.10677083333333333
1 0.2760416666666667 0.4049479166666667 0.0703125 0.08333333333333333
1 0.3606770833333333 0.5364583333333334 0.059895833333333336 0.10416666666666667
1 0.3346354166666667 0.4674479166666667 0.049479166666666664 0.078125
1 0.265625 0.3502604166666667 0.0625 0.11458333333333333