1 0.6731770833333334 0.5859375 0.033854166666666664 0.03125
1 0.6705729166666666 0.5494791666666666 0.033854166666666664 0.0234375
1 0.34765625 0.5325520833333334 0.028645833333333332 0.033854166666666664
1 0.44921875 0.3984375 0.033854166666666664 0.0234375
1 0.421875 0.4440104166666667 0.03125 0.036458333333333336
1 0.5208333333333334 0.453125 0.041666666666666664 0.020833333333333332
1 0.6302083333333334 0.3893229166666667 0.0390625 0.0234375
1 0.69140625 0.515625 0.0625 0.036458333333333336
1 0.6822916666666666 0.6158854166666666 0.044270833333333336 0.020833333333333332
1 0.6380208333333334 0.5924479166666666 0.03125 0.03125
1 0.4427083333333333 0.5611979166666666 0.0234375 0.033854166666666664
1 0.48828125 0.609375 0.041666666666666664 0.0234375
1 0.3932291666666667 0.5533854166666666 0.041666666666666664 0.036458333333333336
1 0.4622395833333333 0.6822916666666666 0.028645833333333332 0.026041666666666668
1 0.6888020833333334 0.7434895833333334 0.028645833333333332 0.036458333333333336
1 0.4544270833333333 0.5729166666666666 0.026041666666666668 0.0390625
1 0.64453125 0.5572916666666666 0.046875 0.026041666666666668
1 0.4049479166666667 0.33203125 0.044270833333333336 0.03125
1 0.4270833333333333 0.5598958333333334 0.036458333333333336 0.0390625
1 0.5559895833333334 0.453125 0.036458333333333336 0.018229166666666668
1 0.5911458333333334 0.5078125 0.049479166666666664 0.028645833333333332
1 0.4153645833333333 0.515625 0.028645833333333332 0.03125
1 0.4088541666666667 0.453125 0.0234375 0.0390625
1 0.50390625 0.63671875 0.041666666666666664 0.03125
1 0.3046875 0.5455729166666666 0.03125 0.018229166666666668
1 0.4973958333333333 0.4127604166666667 0.03125 0.026041666666666668
1 0.3880208333333333 0.59765625 0.028645833333333332 0.033854166666666664
1 0.4713541666666667 0.5872395833333334 0.026041666666666668 0.018229166666666668
1 0.4049479166666667 0.5768229166666666 0.0234375 0.018229166666666668
1 0.4361979166666667 0.66796875 0.0390625 0.0390625
1 0.6627604166666666 0.6705729166666666 0.0390625 0.036458333333333336
1 0.4544270833333333 0.625 0.049479166666666664 0.020833333333333332
1 0.7200520833333334 0.3502604166666667 0.046875 0.0390625
1 0.6549479166666666 0.6861979166666666 0.049479166666666664 0.0234375
1 0.7005208333333334 0.5950520833333334 0.033854166666666664 0.036458333333333336
1 0.5065104166666666 0.5729166666666666 0.044270833333333336 0.020833333333333332
1 0.4674479166666667 0.6471354166666666 0.044270833333333336 0.026041666666666668
1 0.63671875 0.453125 0.033854166666666664 0.033854166666666664
1 0.390625 0.5169270833333334 0.041666666666666664 0.028645833333333332
1 0.4947916666666667 0.5130208333333334 0.041666666666666664 0.028645833333333332
1 0.4375 0.4505208333333333 0.028645833333333332 0.036458333333333336
1 0.4075520833333333 0.5520833333333334 0.046875 0.0390625
1 0.4075520833333333 0.5924479166666666 0.028645833333333332 0.020833333333333332
1 0.4609375 0.6041666666666666 0.0234375 0.03125
1 0.33203125 0.5677083333333334 0.052083333333333336 0.026041666666666668
1 0.2864583333333333 0.5364583333333334 0.036458333333333336 0.036458333333333336
1 0.68359375 0.4583333333333333 0.041666666666666664 0.0390625
1 0.734375 0.42578125 0.03125 0.0390625
1 0.6614583333333334 0.4270833333333333 0.046875 0.033854166666666664
1 0.5 0.55859375 0.041666666666666664 0.026041666666666668
1 0.32421875 0.5481770833333334 0.044270833333333336 0.026041666666666668
1 0.4908854166666667 0.38671875 0.03125 0.036458333333333336
1 0.4114583333333333 0.6015625 0.03125 0.028645833333333332
1 0.671875 0.57421875 0.044270833333333336 0.0234375
1 0.4713541666666667 0.3828125 0.03125 0.03125
1 0.6705729166666666 0.59765625 0.0390625 0.026041666666666668
1 0.69140625 0.8072916666666666 0.0390625 0.03125
1 0.3203125 0.5364583333333334 0.044270833333333336 0.020833333333333332
1 0.52734375 0.5455729166666666 0.03125 0.020833333333333332
1 0.4401041666666667 0.51171875 0.033854166666666664 0.033854166666666664
1 0.6901041666666666 0.55859375 0.044270833333333336 0.026041666666666668
1 0.3645833333333333 0.55078125 0.041666666666666664 0.0234375
1 0.45703125 0.49609375 0.044270833333333336 0.028645833333333332
1 0.7057291666666666 0.7838541666666666 0.0390625 0.036458333333333336
1 0.6158854166666666 0.5338541666666666 0.03125 0.028645833333333332
1 0.50390625 0.4309895833333333 0.044270833333333336 0.03125
1 0.5078125 0.5403645833333334 0.036458333333333336 0.028645833333333332
1 0.3567708333333333 0.5403645833333334 0.018229166666666668 0.033854166666666664