1 0.61328125 0.3736979166666667 0.06510416666666667 0.0859375
1 0.8125 0.4127604166666667 0.06510416666666667 0.057291666666666664
1 0.8424479166666666 0.4635416666666667 0.06770833333333333 0.0703125
1 0.96875 0.4817708333333333 0.0625 0.078125
1 0.5286458333333334 0.765625 0.078125 0.078125
1 0.21744791666666666 0.2604166666666667 0.08333333333333333 0.08854166666666667
1 0.6888020833333334 0.3111979166666667 0.06770833333333333 0.06770833333333333
1 0.5625 0.3828125 0.07291666666666667 0.06510416666666667
1 0.5299479166666666 0.5182291666666666 0.052083333333333336 0.057291666666666664
1 0.453125 0.23567708333333334 0.059895833333333336 0.07291666666666667
1 0.4427083333333333 0.3736979166666667 0.0625 0.07291666666666667
1 0.4088541666666667 0.5182291666666666 0.0625 0.078125
1 0.765625 0.3971354166666667 0.0703125 0.07552083333333333
1 0.5130208333333334 0.6080729166666666 0.07291666666666667 0.08072916666666667
1 0.265625 0.74609375 0.06770833333333333 0.09375
1 0.3333333333333333 0.7591145833333334 0.0703125 0.0703125
1 0.5065104166666666 0.3802083333333333 0.057291666666666664 0.06770833333333333
1 0.3671875 0.56640625 0.0546875 0.046875
1 0.640625 0.5221354166666666 0.06770833333333333 0.06770833333333333
1 0.41796875 0.2734375 0.059895833333333336 0.057291666666666664
1 0.5755208333333334 0.34375 0.059895833333333336 0.07291666666666667
1 0.3984375 0.4596354166666667 0.059895833333333336 0.07552083333333333
1 0.4348958333333333 0.578125 0.06770833333333333 0.08854166666666667
1 0.19401041666666666 0.8684895833333334 0.0234375 0.026041666666666668
1 0.6015625 0.3541666666666667 0.044270833333333336 0.0625
1 0.5130208333333334 0.3138020833333333 0.0625 0.06510416666666667
1 0.421875 0.5338541666666666 0.057291666666666664 0.07552083333333333
1 0.30078125 0.4895833333333333 0.07552083333333333 0.1015625
1 0.24739583333333334 0.71484375 0.06770833333333333 0.0859375