1 0.4479166666666667 0.6979166666666666 0.0390625 0.03125
1 0.6106770833333334 0.4270833333333333 0.049479166666666664 0.028645833333333332
1 0.4752604166666667 0.4036458333333333 0.049479166666666664 0.018229166666666668
1 0.3919270833333333 0.4895833333333333 0.03125 0.026041666666666668
1 0.3463541666666667 0.6276041666666666 0.03125 0.026041666666666668
1 0.5859375 0.65625 0.033854166666666664 0.028645833333333332
1 0.4947916666666667 0.5611979166666666 0.052083333333333336 0.015625
1 0.6158854166666666 0.45703125 0.057291666666666664 0.026041666666666668
1 0.35546875 0.5559895833333334 0.041666666666666664 0.018229166666666668
1 0.4388020833333333 0.875 0.057291666666666664 0.033854166666666664
1 0.6705729166666666 0.5690104166666666 0.03125 0.028645833333333332
1 0.6197916666666666 0.5638020833333334 0.041666666666666664 0.020833333333333332
1 0.63671875 0.5885416666666666 0.033854166666666664 0.018229166666666668
1 0.578125 0.6028645833333334 0.044270833333333336 0.015625
1 0.4739583333333333 0.3932291666666667 0.0390625 0.015625
1 0.57421875 0.43359375 0.026041666666666668 0.028645833333333332
1 0.5338541666666666 0.4127604166666667 0.0390625 0.020833333333333332
1 0.3893229166666667 0.7122395833333334 0.0234375 0.020833333333333332
1 0.4700520833333333 0.6328125 0.0390625 0.020833333333333332
1 0.22265625 0.5989583333333334 0.033854166666666664 0.028645833333333332
1 0.4010416666666667 0.5221354166666666 0.041666666666666664 0.018229166666666668
1 0.4166666666666667 0.6341145833333334 0.033854166666666664 0.0234375
1 0.3828125 0.6536458333333334 0.057291666666666664 0.015625
1 0.4583333333333333 0.6653645833333334 0.052083333333333336 0.0234375
1 0.4583333333333333 0.5572916666666666 0.041666666666666664 0.028645833333333332
1 0.45703125 0.3763020833333333 0.0390625 0.033854166666666664
1 0.5611979166666666 0.45703125 0.044270833333333336 0.020833333333333332
1 0.4856770833333333 0.37890625 0.036458333333333336 0.028645833333333332
1 0.5 0.6770833333333334 0.033854166666666664 0.03125
1 0.546875 0.6380208333333334 0.049479166666666664 0.026041666666666668
1 0.65234375 0.53515625 0.0546875 0.020833333333333332
1 0.6315104166666666 0.5677083333333334 0.033854166666666664 0.018229166666666668
1 0.48828125 0.5221354166666666 0.0546875 0.020833333333333332
1 0.27734375 0.56640625 0.036458333333333336 0.018229166666666668
1 0.40625 0.5690104166666666 0.041666666666666664 0.026041666666666668
1 0.4375 0.6510416666666666 0.036458333333333336 0.018229166666666668
1 0.3046875 0.6276041666666666 0.0234375 0.0234375
1 0.3463541666666667 0.6106770833333334 0.0390625 0.018229166666666668
1 0.4986979166666667 0.5755208333333334 0.06770833333333333 0.028645833333333332
1 0.3072916666666667 0.6484375 0.046875 0.03125
1 0.5572916666666666 0.4296875 0.033854166666666664 0.03125
1 0.5716145833333334 0.6184895833333334 0.0390625 0.020833333333333332
1 0.6471354166666666 0.5989583333333334 0.052083333333333336 0.018229166666666668
1 0.6015625 0.6354166666666666 0.0390625 0.018229166666666668
1 0.53515625 0.46484375 0.028645833333333332 0.028645833333333332
1 0.24869791666666666 0.5859375 0.033854166666666664 0.026041666666666668
1 0.390625 0.6184895833333334 0.0390625 0.026041666666666668
1 0.3919270833333333 0.5859375 0.046875 0.018229166666666668
1 0.35546875 0.5442708333333334 0.052083333333333336 0.026041666666666668
1 0.4544270833333333 0.5872395833333334 0.033854166666666664 0.026041666666666668
1 0.5859375 0.5859375 0.0390625 0.03125
1 0.5234375 0.3919270833333333 0.057291666666666664 0.028645833333333332
1 0.5182291666666666 0.46875 0.03125 0.028645833333333332
1 0.2916666666666667 0.59765625 0.0234375 0.026041666666666668
1 0.2747395833333333 0.59765625 0.049479166666666664 0.020833333333333332
1 0.2760416666666667 0.6197916666666666 0.0390625 0.0234375
1 0.48828125 0.5989583333333334 0.0390625 0.0234375
1 0.4244791666666667 0.6015625 0.033854166666666664 0.0234375
1 0.4973958333333333 0.6549479166666666 0.036458333333333336 0.044270833333333336
1 0.5143229166666666 0.8854166666666666 0.049479166666666664 0.036458333333333336
1 0.390625 0.8463541666666666 0.041666666666666664 0.028645833333333332
1 0.24088541666666666 0.60546875 0.041666666666666664 0.028645833333333332
1 0.8919270833333334 0.4661458333333333 0.0390625 0.020833333333333332
1 0.45703125 0.4244791666666667 0.044270833333333336 0.028645833333333332
1 0.55859375 0.4778645833333333 0.0234375 0.026041666666666668
1 0.3697916666666667 0.5013020833333334 0.028645833333333332 0.0234375
1 0.5221354166666666 0.4205729166666667 0.033854166666666664 0.018229166666666668
1 0.3151041666666667 0.609375 0.033854166666666664 0.028645833333333332
1 0.4127604166666667 0.5 0.036458333333333336 0.0234375
1 0.4934895833333333 0.5013020833333334 0.036458333333333336 0.028645833333333332
1 0.37109375 0.5625 0.044270833333333336 0.018229166666666668
1 0.3606770833333333 0.6432291666666666 0.0234375 0.0234375
1 0.4700520833333333 0.6888020833333334 0.026041666666666668 0.03125
1 0.6328125 0.6236979166666666 0.033854166666666664 0.03125
1 0.3854166666666667 0.515625 0.03125 0.0234375
1 0.3515625 0.5924479166666666 0.044270833333333336 0.0234375
1 0.5182291666666666 0.4908854166666667 0.041666666666666664 0.028645833333333332