1 0.4518229166666667 0.5833333333333334 0.057291666666666664 0.078125
1 0.19401041666666666 0.34375 0.036458333333333336 0.09114583333333333
1 0.4544270833333333 0.3736979166666667 0.033854166666666664 0.0625
1 0.546875 0.5052083333333334 0.059895833333333336 0.0390625
1 0.5143229166666666 0.4388020833333333 0.033854166666666664 0.059895833333333336
1 0.5364583333333334 0.4674479166666667 0.06510416666666667 0.026041666666666668
1 0.5572916666666666 0.33984375 0.041666666666666664 0.0546875
1 0.5911458333333334 0.3385416666666667 0.028645833333333332 0.07552083333333333
1 0.6458333333333334 0.3502604166666667 0.044270833333333336 0.078125
1 0.4986979166666667 0.3984375 0.057291666666666664 0.08072916666666667
1 0.25390625 0.4244791666666667 0.036458333333333336 0.09895833333333333
1 0.62890625 0.3984375 0.052083333333333336 0.08333333333333333
1 0.4986979166666667 0.5 0.033854166666666664 0.0625
1 0.5442708333333334 0.4166666666666667 0.046875 0.07291666666666667
1 0.6002604166666666 0.4986979166666667 0.033854166666666664 0.07291666666666667
1 0.4934895833333333 0.57421875 0.044270833333333336 0.07552083333333333
1 0.375 0.5169270833333334 0.057291666666666664 0.044270833333333336
1 0.6197916666666666 0.4518229166666667 0.033854166666666664 0.078125
1 0.4322916666666667 0.40625 0.057291666666666664 0.041666666666666664
1 0.5872395833333334 0.40234375 0.033854166666666664 0.0546875
1 0.3111979166666667 0.484375 0.0703125 0.044270833333333336
1 0.62109375 0.34375 0.046875 0.057291666666666664
1 0.40234375 0.37890625 0.052083333333333336 0.052083333333333336
1 0.3645833333333333 0.5546875 0.0703125 0.046875
1 0.4010416666666667 0.6015625 0.06510416666666667 0.03125
1 0.28515625 0.5846354166666666 0.06770833333333333 0.057291666666666664
1 0.4231770833333333 0.64453125 0.052083333333333336 0.041666666666666664
1 0.5325520833333334 0.3424479166666667 0.028645833333333332 0.0625
1 0.40234375 0.3033854166666667 0.052083333333333336 0.06770833333333333
1 0.2734375 0.4635416666666667 0.044270833333333336 0.07291666666666667
1 0.58984375 0.5325520833333334 0.0234375 0.0625