1 0.4778645833333333 0.3033854166666667 0.010416666666666666 0.03125
1 0.4309895833333333 0.5390625 0.018229166666666668 0.026041666666666668
1 0.4440104166666667 0.4661458333333333 0.015625 0.0234375
1 0.5130208333333334 0.2721354166666667 0.015625 0.036458333333333336
1 0.4075520833333333 0.4479166666666667 0.013020833333333334 0.028645833333333332
1 0.4947916666666667 0.38671875 0.010416666666666666 0.033854166666666664
1 0.40234375 0.51953125 0.018229166666666668 0.013020833333333334
1 0.4674479166666667 0.52734375 0.018229166666666668 0.013020833333333334
1 0.5338541666666666 0.4205729166666667 0.013020833333333334 0.033854166666666664
1 0.5338541666666666 0.3307291666666667 0.020833333333333332 0.033854166666666664
1 0.4283854166666667 0.3216145833333333 0.018229166666666668 0.03125
1 0.45703125 0.20052083333333334 0.028645833333333332 0.028645833333333332
1 0.4375 0.20572916666666666 0.013020833333333334 0.03125
1 0.4453125 0.375 0.020833333333333332 0.018229166666666668
1 0.4322916666666667 0.3606770833333333 0.013020833333333334 0.033854166666666664
1 0.421875 0.5 0.013020833333333334 0.026041666666666668
1 0.56640625 0.43359375 0.020833333333333332 0.018229166666666668
1 0.4036458333333333 0.30078125 0.020833333333333332 0.026041666666666668
1 0.4075520833333333 0.48046875 0.018229166666666668 0.026041666666666668
1 0.47265625 0.43359375 0.015625 0.013020833333333334
1 0.5078125 0.4375 0.010416666666666666 0.028645833333333332