0 0.640625 0.5 0.046875 0.036458333333333336
0 0.6471354166666666 0.4296875 0.049479166666666664 0.06770833333333333
0 0.2760416666666667 0.46875 0.028645833333333332 0.049479166666666664
0 0.7005208333333334 0.3515625 0.03125 0.044270833333333336
0 0.4231770833333333 0.4700520833333333 0.033854166666666664 0.0859375
0 0.203125 0.4544270833333333 0.0703125 0.06770833333333333
0 0.3098958333333333 0.41796875 0.044270833333333336 0.09375
0 0.4479166666666667 0.3059895833333333 0.044270833333333336 0.07552083333333333
0 0.453125 0.44140625 0.0234375 0.06770833333333333
0 0.51171875 0.3177083333333333 0.052083333333333336 0.0859375
0 0.3567708333333333 0.4674479166666667 0.07291666666666667 0.036458333333333336
0 0.5833333333333334 0.4921875 0.078125 0.0546875
0 0.5 0.5559895833333334 0.03125 0.059895833333333336
0 0.3385416666666667 0.4453125 0.06510416666666667 0.052083333333333336
0 0.39453125 0.55859375 0.078125 0.08854166666666667
0 0.32421875 0.37109375 0.049479166666666664 0.07552083333333333
0 0.4830729166666667 0.3203125 0.057291666666666664 0.052083333333333336
0 0.4869791666666667 0.4075520833333333 0.0703125 0.06510416666666667
0 0.6197916666666666 0.5520833333333334 0.0546875 0.0703125
0 0.3736979166666667 0.37109375 0.0625 0.07552083333333333
0 0.5859375 0.3932291666666667 0.041666666666666664 0.059895833333333336
0 0.3763020833333333 0.32421875 0.0390625 0.07291666666666667
1 0.48046875 0.56640625 0.010416666666666666 0.03125
1 0.6549479166666666 0.3893229166666667 0.03125 0.020833333333333332
1 0.11067708333333333 0.4765625 0.08072916666666667 0.10416666666666667
1 0.6588541666666666 0.5924479166666666 0.041666666666666664 0.10416666666666667
1 0.4049479166666667 0.35546875 0.0546875 0.10416666666666667
1 0.4453125 0.51171875 0.0546875 0.08854166666666667
1 0.3515625 0.5729166666666666 0.041666666666666664 0.0859375
1 0.765625 0.5026041666666666 0.0703125 0.09375
1 0.6927083333333334 0.5104166666666666 0.078125 0.046875
1 0.15625 0.5130208333333334 0.0703125 0.0546875
1 0.037760416666666664 0.5533854166666666 0.057291666666666664 0.08072916666666667
1 0.7994791666666666 0.5611979166666666 0.078125 0.11197916666666667
1 0.7942708333333334 0.46875 0.06770833333333333 0.06770833333333333
1 0.609375 0.5872395833333334 0.0625 0.078125
1 0.5390625 0.546875 0.046875 0.06770833333333333
1 0.5390625 0.3385416666666667 0.0703125 0.08854166666666667
1 0.3958333333333333 0.4778645833333333 0.057291666666666664 0.09375
1 0.5143229166666666 0.4388020833333333 0.06770833333333333 0.1015625
1 0.2890625 0.4231770833333333 0.041666666666666664 0.08333333333333333
1 0.5950520833333334 0.4440104166666667 0.0625 0.08854166666666667
1 0.7161458333333334 0.4583333333333333 0.044270833333333336 0.07291666666666667
1 0.5768229166666666 0.5833333333333334 0.0546875 0.09635416666666667
1 0.16276041666666666 0.41015625 0.049479166666666664 0.07291666666666667
1 0.6184895833333334 0.3658854166666667 0.07291666666666667 0.09375
1 0.6028645833333334 0.5234375 0.0703125 0.06510416666666667
1 0.4440104166666667 0.4036458333333333 0.057291666666666664 0.08072916666666667
1 0.2669270833333333 0.3971354166666667 0.0625 0.0625
1 0.5208333333333334 0.5546875 0.044270833333333336 0.0859375
1 0.6848958333333334 0.4622395833333333 0.041666666666666664 0.09895833333333333
1 0.7057291666666666 0.5533854166666666 0.08072916666666667 0.0625
1 0.6848958333333334 0.3841145833333333 0.0625 0.08333333333333333
1 0.09765625 0.56640625 0.0703125 0.08072916666666667
1 0.5546875 0.42578125 0.049479166666666664 0.08854166666666667
1 0.20182291666666666 0.41015625 0.06510416666666667 0.044270833333333336
1 0.7669270833333334 0.4036458333333333 0.0859375 0.1015625
1 0.7578125 0.3502604166666667 0.07552083333333333 0.06510416666666667
1 0.3919270833333333 0.2877604166666667 0.033854166666666664 0.07552083333333333
1 0.4830729166666667 0.50390625 0.07291666666666667 0.09895833333333333
1 0.3528645833333333 0.4986979166666667 0.06510416666666667 0.052083333333333336