1 0.6263020833333334 0.041666666666666664 0.0546875 0.046875
1 0.4622395833333333 0.8776041666666666 0.046875 0.0625
1 0.3020833333333333 0.39453125 0.041666666666666664 0.041666666666666664
1 0.859375 0.13671875 0.041666666666666664 0.0546875
1 0.4700520833333333 0.23697916666666666 0.041666666666666664 0.0546875
1 0.4596354166666667 0.3489583333333333 0.046875 0.049479166666666664
1 0.5143229166666666 0.60546875 0.057291666666666664 0.057291666666666664
1 0.5520833333333334 0.5755208333333334 0.046875 0.06770833333333333
1 0.3450520833333333 0.23046875 0.041666666666666664 0.06510416666666667
1 0.3216145833333333 0.2604166666666667 0.049479166666666664 0.041666666666666664
1 0.64453125 0.34375 0.06770833333333333 0.0625
1 0.5989583333333334 0.5963541666666666 0.0546875 0.0625
1 0.4518229166666667 0.765625 0.0546875 0.06510416666666667
1 0.22265625 0.6276041666666666 0.0390625 0.0625
1 0.15234375 0.69921875 0.044270833333333336 0.046875
1 0.2903645833333333 0.546875 0.044270833333333336 0.0546875
1 0.2747395833333333 0.390625 0.036458333333333336 0.033854166666666664
1 0.4348958333333333 0.005208333333333333 0.03125 0.010416666666666666
1 0.4283854166666667 0.26171875 0.0390625 0.057291666666666664
1 0.5 0.49609375 0.059895833333333336 0.07291666666666667
1 0.23046875 0.8268229166666666 0.059895833333333336 0.0546875
1 0.1015625 0.8216145833333334 0.052083333333333336 0.07291666666666667
1 0.5390625 0.5690104166666666 0.044270833333333336 0.06770833333333333
1 0.5911458333333334 0.0546875 0.0546875 0.07291666666666667
1 0.4453125 0.07552083333333333 0.041666666666666664 0.0546875
1 0.4752604166666667 0.4127604166666667 0.049479166666666664 0.06510416666666667
1 0.19791666666666666 0.40625 0.0390625 0.052083333333333336
1 0.7005208333333334 0.5299479166666666 0.06510416666666667 0.059895833333333336
1 0.7565104166666666 0.53515625 0.06510416666666667 0.08072916666666667
1 0.7122395833333334 0.5572916666666666 0.0546875 0.044270833333333336
1 0.17708333333333334 0.7083333333333334 0.052083333333333336 0.044270833333333336
1 0.296875 0.4140625 0.044270833333333336 0.0390625
1 0.4140625 0.6848958333333334 0.057291666666666664 0.0625
1 0.7096354166666666 0.12630208333333334 0.0546875 0.0703125
1 0.5091145833333334 0.013020833333333334 0.049479166666666664 0.026041666666666668
1 0.4049479166666667 0.028645833333333332 0.046875 0.036458333333333336
1 0.4778645833333333 0.3645833333333333 0.049479166666666664 0.059895833333333336
1 0.19010416666666666 0.3841145833333333 0.036458333333333336 0.0546875
1 0.5625 0.60546875 0.046875 0.0546875
1 0.68359375 0.5104166666666666 0.046875 0.046875
1 0.6627604166666666 0.5221354166666666 0.046875 0.036458333333333336
1 0.45703125 0.6848958333333334 0.059895833333333336 0.07552083333333333
1 0.24609375 0.78515625 0.049479166666666664 0.0625
1 0.14322916666666666 0.8463541666666666 0.046875 0.052083333333333336
1 0.4674479166666667 0.28515625 0.046875 0.07291666666666667
1 0.359375 0.15234375 0.052083333333333336 0.057291666666666664
1 0.3385416666666667 0.22786458333333334 0.036458333333333336 0.033854166666666664
1 0.4205729166666667 0.40625 0.036458333333333336 0.049479166666666664
1 0.5286458333333334 0.5377604166666666 0.049479166666666664 0.0625
1 0.2721354166666667 0.68359375 0.049479166666666664 0.0703125
1 0.2630208333333333 0.8190104166666666 0.046875 0.057291666666666664
1 0.6575520833333334 0.052083333333333336 0.0546875 0.0625
1 0.3776041666666667 0.09895833333333333 0.044270833333333336 0.044270833333333336
1 0.44921875 0.2591145833333333 0.041666666666666664 0.06510416666666667
1 0.44140625 0.31640625 0.049479166666666664 0.052083333333333336
1 0.4596354166666667 0.3997395833333333 0.03125 0.044270833333333336
1 0.8151041666666666 0.3893229166666667 0.0703125 0.057291666666666664
1 0.671875 0.5755208333333334 0.057291666666666664 0.0703125
1 0.34765625 0.6731770833333334 0.046875 0.057291666666666664
1 0.16276041666666666 0.7630208333333334 0.057291666666666664 0.046875
1 0.19921875 0.8307291666666666 0.052083333333333336 0.044270833333333336
1 0.4622395833333333 0.015625 0.044270833333333336 0.03125
1 0.21354166666666666 0.6184895833333334 0.044270833333333336 0.0625
1 0.421875 0.14583333333333334 0.026041666666666668 0.0390625
1 0.3802083333333333 0.12630208333333334 0.044270833333333336 0.036458333333333336
1 0.3684895833333333 0.3072916666666667 0.06770833333333333 0.0703125
1 0.4114583333333333 0.24348958333333334 0.046875 0.046875
1 0.17447916666666666 0.3815104166666667 0.0390625 0.057291666666666664
1 0.6041666666666666 0.37109375 0.059895833333333336 0.06770833333333333