1 0.4778645833333333 0.2877604166666667 0.03125 0.0234375
1 0.6848958333333334 0.3828125 0.026041666666666668 0.036458333333333336
1 0.5026041666666666 0.5182291666666666 0.013020833333333334 0.03125
1 0.66015625 0.3515625 0.028645833333333332 0.03125
1 0.4869791666666667 0.49609375 0.020833333333333332 0.028645833333333332
1 0.7083333333333334 0.3763020833333333 0.026041666666666668 0.033854166666666664
1 0.5625 0.5559895833333334 0.026041666666666668 0.0234375
1 0.55859375 0.5338541666666666 0.028645833333333332 0.0234375
1 0.62109375 0.5638020833333334 0.020833333333333332 0.033854166666666664
1 0.6666666666666666 0.6966145833333334 0.028645833333333332 0.033854166666666664
1 0.3919270833333333 0.45703125 0.026041666666666668 0.015625
1 0.4986979166666667 0.30078125 0.033854166666666664 0.033854166666666664
1 0.6666666666666666 0.5872395833333334 0.026041666666666668 0.0234375
1 0.6393229166666666 0.42578125 0.036458333333333336 0.026041666666666668
1 0.7096354166666666 0.5690104166666666 0.033854166666666664 0.044270833333333336
1 0.5208333333333334 0.3854166666666667 0.026041666666666668 0.03125
1 0.703125 0.4388020833333333 0.0390625 0.033854166666666664
1 0.6822916666666666 0.3372395833333333 0.020833333333333332 0.03125
1 0.6184895833333334 0.3294270833333333 0.020833333333333332 0.033854166666666664
1 0.6809895833333334 0.7278645833333334 0.026041666666666668 0.041666666666666664
1 0.44921875 0.37890625 0.03125 0.0390625
1 0.3736979166666667 0.4466145833333333 0.018229166666666668 0.03125
1 0.5716145833333334 0.29296875 0.015625 0.028645833333333332
1 0.640625 0.2877604166666667 0.026041666666666668 0.020833333333333332
1 0.5716145833333334 0.6380208333333334 0.03125 0.026041666666666668
1 0.5638020833333334 0.3177083333333333 0.0234375 0.028645833333333332
1 0.62890625 0.5377604166666666 0.03125 0.026041666666666668
1 0.6380208333333334 0.59375 0.026041666666666668 0.026041666666666668
1 0.50390625 0.390625 0.026041666666666668 0.0390625
1 0.55859375 0.3854166666666667 0.0234375 0.03125
1 0.46875 0.4830729166666667 0.028645833333333332 0.033854166666666664
1 0.44921875 0.4674479166666667 0.03125 0.026041666666666668
1 0.7330729166666666 0.4036458333333333 0.028645833333333332 0.041666666666666664
1 0.6822916666666666 0.4765625 0.033854166666666664 0.020833333333333332
1 0.63671875 0.4440104166666667 0.026041666666666668 0.020833333333333332
1 0.7018229166666666 0.3111979166666667 0.020833333333333332 0.033854166666666664
1 0.6861979166666666 0.59375 0.028645833333333332 0.026041666666666668
1 0.7317708333333334 0.3697916666666667 0.020833333333333332 0.028645833333333332
1 0.5078125 0.4856770833333333 0.028645833333333332 0.03125
1 0.453125 0.24869791666666666 0.028645833333333332 0.049479166666666664
1 0.36328125 0.44140625 0.026041666666666668 0.026041666666666668
1 0.6588541666666666 0.37890625 0.015625 0.03125
1 0.4895833333333333 0.4700520833333333 0.03125 0.028645833333333332
1 0.5078125 0.45703125 0.028645833333333332 0.03125
1 0.4765625 0.3828125 0.036458333333333336 0.036458333333333336
1 0.6158854166666666 0.59765625 0.0390625 0.036458333333333336
1 0.7005208333333334 0.3424479166666667 0.020833333333333332 0.026041666666666668
1 0.65625 0.4635416666666667 0.033854166666666664 0.03125
1 0.53515625 0.56640625 0.018229166666666668 0.036458333333333336
1 0.4934895833333333 0.5221354166666666 0.018229166666666668 0.041666666666666664
1 0.6940104166666666 0.66796875 0.028645833333333332 0.020833333333333332
1 0.7174479166666666 0.484375 0.0234375 0.036458333333333336
1 0.5 0.3111979166666667 0.0234375 0.03125
1 0.421875 0.4609375 0.0234375 0.026041666666666668
1 0.4739583333333333 0.4140625 0.020833333333333332 0.033854166666666664
1 0.5611979166666666 0.57421875 0.026041666666666668 0.03125
1 0.6692708333333334 0.6041666666666666 0.033854166666666664 0.026041666666666668
1 0.46875 0.3424479166666667 0.020833333333333332 0.033854166666666664
1 0.4817708333333333 0.5104166666666666 0.0234375 0.03125
1 0.6315104166666666 0.3450520833333333 0.026041666666666668 0.033854166666666664
1 0.5403645833333334 0.3515625 0.026041666666666668 0.020833333333333332
1 0.7174479166666666 0.3411458333333333 0.018229166666666668 0.036458333333333336
1 0.5950520833333334 0.3893229166666667 0.015625 0.028645833333333332
1 0.65625 0.4427083333333333 0.015625 0.015625
1 0.4622395833333333 0.4453125 0.028645833333333332 0.015625
1 0.4075520833333333 0.4466145833333333 0.028645833333333332 0.026041666666666668
1 0.3841145833333333 0.4309895833333333 0.028645833333333332 0.028645833333333332
1 0.4453125 0.3580729166666667 0.0234375 0.026041666666666668
1 0.5364583333333334 0.6419270833333334 0.028645833333333332 0.06510416666666667
1 0.7317708333333334 0.4674479166666667 0.026041666666666668 0.03125
1 0.65234375 0.3229166666666667 0.028645833333333332 0.020833333333333332
1 0.3958333333333333 0.4739583333333333 0.026041666666666668 0.03125
1 0.58984375 0.5377604166666666 0.028645833333333332 0.018229166666666668
1 0.6263020833333334 0.3033854166666667 0.010416666666666666 0.018229166666666668
1 0.4322916666666667 0.48046875 0.033854166666666664 0.020833333333333332
1 0.5989583333333334 0.5638020833333334 0.018229166666666668 0.03125
1 0.4127604166666667 0.2682291666666667 0.0234375 0.028645833333333332