1 0.4934895833333333 0.4466145833333333 0.026041666666666668 0.028645833333333332
1 0.20833333333333334 0.5638020833333334 0.0234375 0.036458333333333336
1 0.4544270833333333 0.4388020833333333 0.018229166666666668 0.036458333333333336
1 0.3528645833333333 0.546875 0.0234375 0.020833333333333332
1 0.4453125 0.4388020833333333 0.015625 0.033854166666666664
1 0.4309895833333333 0.5013020833333334 0.015625 0.044270833333333336
1 0.4270833333333333 0.4127604166666667 0.013020833333333334 0.028645833333333332
1 0.4244791666666667 0.4401041666666667 0.0234375 0.033854166666666664
1 0.421875 0.5182291666666666 0.0234375 0.018229166666666668
1 0.4518229166666667 0.4700520833333333 0.0234375 0.0234375
1 0.44140625 0.45703125 0.015625 0.03125