1 0.5078125 0.4479166666666667 0.078125 0.0546875
1 0.5807291666666666 0.46875 0.044270833333333336 0.052083333333333336
1 0.46484375 0.4609375 0.0703125 0.0546875
1 0.4986979166666667 0.4908854166666667 0.057291666666666664 0.06770833333333333
1 0.5403645833333334 0.5286458333333334 0.08333333333333333 0.046875
1 0.4427083333333333 0.546875 0.07291666666666667 0.059895833333333336
1 0.5221354166666666 0.4973958333333333 0.057291666666666664 0.052083333333333336
1 0.4231770833333333 0.4895833333333333 0.08072916666666667 0.036458333333333336
1 0.58984375 0.51171875 0.046875 0.06510416666666667
1 0.4661458333333333 0.5026041666666666 0.059895833333333336 0.057291666666666664
1 0.4609375 0.5234375 0.0625 0.059895833333333336
1 0.5533854166666666 0.4375 0.0546875 0.06510416666666667
1 0.5533854166666666 0.4947916666666667 0.044270833333333336 0.06510416666666667