1 0.5572916666666666 0.4401041666666667 0.049479166666666664 0.07552083333333333
1 0.4466145833333333 0.50390625 0.041666666666666664 0.057291666666666664
1 0.4296875 0.6119791666666666 0.0546875 0.06770833333333333
1 0.4075520833333333 0.5911458333333334 0.033854166666666664 0.049479166666666664
1 0.5299479166666666 0.66796875 0.0546875 0.08072916666666667
1 0.4479166666666667 0.5572916666666666 0.046875 0.0546875
1 0.4986979166666667 0.53515625 0.044270833333333336 0.0390625
1 0.4153645833333333 0.6041666666666666 0.0546875 0.06770833333333333
1 0.43359375 0.5338541666666666 0.0625 0.0859375
1 0.5989583333333334 0.6458333333333334 0.049479166666666664 0.041666666666666664
1 0.6731770833333334 0.5052083333333334 0.0546875 0.059895833333333336
1 0.5390625 0.3815104166666667 0.049479166666666664 0.06510416666666667
1 0.5546875 0.5403645833333334 0.057291666666666664 0.06510416666666667
1 0.52734375 0.56640625 0.044270833333333336 0.0390625
1 0.5403645833333334 0.4361979166666667 0.052083333333333336 0.078125
1 0.48828125 0.5638020833333334 0.046875 0.0390625
1 0.5885416666666666 0.38671875 0.052083333333333336 0.046875
1 0.4557291666666667 0.5794270833333334 0.046875 0.046875
1 0.4453125 0.4739583333333333 0.036458333333333336 0.036458333333333336