1 0.3606770833333333 0.5963541666666666 0.049479166666666664 0.044270833333333336
1 0.3125 0.5286458333333334 0.036458333333333336 0.06770833333333333
1 0.3880208333333333 0.5390625 0.033854166666666664 0.052083333333333336
1 0.40234375 0.5546875 0.036458333333333336 0.052083333333333336
1 0.41015625 0.4674479166666667 0.049479166666666664 0.052083333333333336
1 0.5572916666666666 0.4466145833333333 0.049479166666666664 0.041666666666666664
1 0.6471354166666666 0.4375 0.0546875 0.0703125
1 0.65234375 0.4075520833333333 0.059895833333333336 0.0703125
1 0.6861979166666666 0.4557291666666667 0.0390625 0.07552083333333333
1 0.4205729166666667 0.6276041666666666 0.0546875 0.03125
1 0.4505208333333333 0.6002604166666666 0.036458333333333336 0.057291666666666664
1 0.4505208333333333 0.55078125 0.036458333333333336 0.0625
1 0.58984375 0.5234375 0.057291666666666664 0.026041666666666668
1 0.4661458333333333 0.515625 0.028645833333333332 0.057291666666666664
1 0.6080729166666666 0.4635416666666667 0.057291666666666664 0.044270833333333336
1 0.60546875 0.44140625 0.044270833333333336 0.044270833333333336
1 0.6484375 0.5481770833333334 0.0625 0.046875
1 0.5572916666666666 0.5924479166666666 0.052083333333333336 0.03125
1 0.5078125 0.55078125 0.057291666666666664 0.036458333333333336
1 0.4557291666666667 0.4596354166666667 0.03125 0.0625
1 0.5247395833333334 0.47265625 0.044270833333333336 0.059895833333333336
1 0.5651041666666666 0.5065104166666666 0.0390625 0.036458333333333336
1 0.5169270833333334 0.4127604166666667 0.046875 0.0546875
1 0.55078125 0.39453125 0.03125 0.0703125
1 0.4244791666666667 0.5559895833333334 0.0390625 0.044270833333333336
1 0.4739583333333333 0.6106770833333334 0.0546875 0.033854166666666664
1 0.4830729166666667 0.57421875 0.049479166666666664 0.07291666666666667
1 0.6145833333333334 0.57421875 0.057291666666666664 0.041666666666666664
1 0.5924479166666666 0.5442708333333334 0.057291666666666664 0.03125
1 0.6041666666666666 0.49609375 0.06510416666666667 0.046875
1 0.4466145833333333 0.4427083333333333 0.028645833333333332 0.049479166666666664
1 0.7109375 0.5104166666666666 0.044270833333333336 0.08072916666666667
1 0.72265625 0.4479166666666667 0.046875 0.08854166666666667
1 0.37890625 0.60546875 0.052083333333333336 0.046875
1 0.42578125 0.5833333333333334 0.049479166666666664 0.0390625
1 0.5559895833333334 0.5716145833333334 0.041666666666666664 0.028645833333333332
1 0.5130208333333334 0.5065104166666666 0.044270833333333336 0.08333333333333333
1 0.64453125 0.51171875 0.044270833333333336 0.0390625
1 0.6549479166666666 0.4856770833333333 0.046875 0.0546875
1 0.2643229166666667 0.5924479166666666 0.0390625 0.0625
1 0.5078125 0.578125 0.052083333333333336 0.052083333333333336
1 0.3359375 0.5924479166666666 0.0546875 0.036458333333333336
1 0.3489583333333333 0.5455729166666666 0.044270833333333336 0.059895833333333336
1 0.59375 0.5846354166666666 0.0390625 0.052083333333333336
1 0.3723958333333333 0.5364583333333334 0.041666666666666664 0.06770833333333333
1 0.5481770833333334 0.5377604166666666 0.03125 0.046875
1 0.47265625 0.48046875 0.052083333333333336 0.052083333333333336
1 0.4231770833333333 0.5091145833333334 0.052083333333333336 0.052083333333333336
1 0.484375 0.4427083333333333 0.049479166666666664 0.049479166666666664
1 0.5833333333333334 0.4010416666666667 0.057291666666666664 0.07291666666666667
1 0.69140625 0.5078125 0.0390625 0.0703125