1 0.5364583333333334 0.5859375 0.09114583333333333 0.08333333333333333
1 0.7708333333333334 0.19140625 0.11458333333333333 0.109375
1 0.35546875 0.609375 0.08072916666666667 0.08854166666666667
1 0.4296875 0.13411458333333334 0.07291666666666667 0.0625
1 0.44140625 0.4752604166666667 0.11197916666666667 0.13020833333333334
1 0.5104166666666666 0.6263020833333334 0.06510416666666667 0.07552083333333333
1 0.6184895833333334 0.016927083333333332 0.059895833333333336 0.033854166666666664
1 0.8984375 0.16796875 0.033854166666666664 0.033854166666666664
1 0.71484375 0.09375 0.0703125 0.0859375
1 0.6263020833333334 0.515625 0.078125 0.0703125
1 0.52734375 0.6380208333333334 0.07552083333333333 0.09375
1 0.5481770833333334 0.4427083333333333 0.0703125 0.07291666666666667
1 0.5703125 0.5377604166666666 0.0546875 0.06510416666666667
1 0.5638020833333334 0.4908854166666667 0.08854166666666667 0.07552083333333333
1 0.3658854166666667 0.6341145833333334 0.0703125 0.059895833333333336
1 0.6184895833333334 0.4739583333333333 0.0625 0.06770833333333333
1 0.9296875 0.19791666666666666 0.046875 0.0546875
1 0.4635416666666667 0.5950520833333334 0.1015625 0.08854166666666667
1 0.5729166666666666 0.4388020833333333 0.08072916666666667 0.0859375
1 0.6940104166666666 0.07291666666666667 0.06510416666666667 0.07552083333333333
1 0.8385416666666666 0.20052083333333334 0.08072916666666667 0.0859375
1 0.5052083333333334 0.5390625 0.09114583333333333 0.08333333333333333
1 0.8697916666666666 0.15885416666666666 0.0546875 0.052083333333333336
1 0.4296875 0.07161458333333333 0.06510416666666667 0.08854166666666667
1 0.4661458333333333 0.12369791666666667 0.049479166666666664 0.052083333333333336