1 0.6432291666666666 0.53515625 0.036458333333333336 0.046875
1 0.4244791666666667 0.45703125 0.052083333333333336 0.041666666666666664
1 0.7421875 0.68359375 0.057291666666666664 0.046875
1 0.40234375 0.3736979166666667 0.044270833333333336 0.03125
1 0.5208333333333334 0.3372395833333333 0.041666666666666664 0.057291666666666664
1 0.4765625 0.3776041666666667 0.044270833333333336 0.041666666666666664
1 0.5690104166666666 0.4114583333333333 0.026041666666666668 0.041666666666666664
1 0.5703125 0.3919270833333333 0.033854166666666664 0.057291666666666664
1 0.6002604166666666 0.4140625 0.020833333333333332 0.036458333333333336
1 0.5911458333333334 0.3359375 0.0390625 0.036458333333333336
1 0.6276041666666666 0.328125 0.0390625 0.0390625
1 0.5885416666666666 0.4127604166666667 0.03125 0.041666666666666664
1 0.67578125 0.4557291666666667 0.0625 0.059895833333333336
1 0.4375 0.3841145833333333 0.044270833333333336 0.03125
1 0.53515625 0.3216145833333333 0.0390625 0.03125
1 0.6106770833333334 0.3684895833333333 0.036458333333333336 0.0390625
1 0.58984375 0.4388020833333333 0.041666666666666664 0.044270833333333336
1 0.3997395833333333 0.4934895833333333 0.052083333333333336 0.0390625
1 0.6328125 0.55859375 0.044270833333333336 0.03125
1 0.3880208333333333 0.5455729166666666 0.046875 0.052083333333333336
1 0.56640625 0.2786458333333333 0.049479166666666664 0.036458333333333336
1 0.6380208333333334 0.37109375 0.041666666666666664 0.046875
1 0.5520833333333334 0.3580729166666667 0.03125 0.046875
1 0.57421875 0.3216145833333333 0.028645833333333332 0.0390625
1 0.59375 0.359375 0.03125 0.03125
1 0.578125 0.375 0.033854166666666664 0.057291666666666664
1 0.6236979166666666 0.4088541666666667 0.03125 0.046875
1 0.6080729166666666 0.3216145833333333 0.036458333333333336 0.052083333333333336
1 0.6184895833333334 0.5026041666666666 0.041666666666666664 0.044270833333333336
1 0.3072916666666667 0.5325520833333334 0.052083333333333336 0.041666666666666664
1 0.48046875 0.3424479166666667 0.044270833333333336 0.033854166666666664
1 0.6197916666666666 0.4309895833333333 0.033854166666666664 0.057291666666666664
1 0.3450520833333333 0.57421875 0.0625 0.049479166666666664
1 0.5625 0.3333333333333333 0.036458333333333336 0.044270833333333336
1 0.5260416666666666 0.3893229166666667 0.028645833333333332 0.018229166666666668
1 0.6966145833333334 0.5703125 0.057291666666666664 0.057291666666666664
1 0.3645833333333333 0.55078125 0.044270833333333336 0.0546875
1 0.5533854166666666 0.3059895833333333 0.028645833333333332 0.036458333333333336
1 0.6380208333333334 0.34375 0.044270833333333336 0.028645833333333332
1 0.3424479166666667 0.5247395833333334 0.046875 0.028645833333333332
1 0.49609375 0.6822916666666666 0.036458333333333336 0.052083333333333336