1 0.5911458333333334 0.67578125 0.020833333333333332 0.03125
1 0.421875 0.5065104166666666 0.026041666666666668 0.03125
1 0.47265625 0.5598958333333334 0.0234375 0.028645833333333332
1 0.6380208333333334 0.6809895833333334 0.028645833333333332 0.0390625
1 0.453125 0.5950520833333334 0.0234375 0.03125
1 0.5598958333333334 0.5963541666666666 0.0234375 0.033854166666666664
1 0.4088541666666667 0.5390625 0.020833333333333332 0.018229166666666668
1 0.45703125 0.4947916666666667 0.020833333333333332 0.018229166666666668
1 0.5729166666666666 0.5481770833333334 0.0234375 0.033854166666666664
1 0.6223958333333334 0.62109375 0.03125 0.036458333333333336
1 0.5403645833333334 0.6875 0.028645833333333332 0.033854166666666664
1 0.6315104166666666 0.7721354166666666 0.036458333333333336 0.036458333333333336
1 0.61328125 0.7786458333333334 0.0234375 0.03125
1 0.5247395833333334 0.6341145833333334 0.0234375 0.0234375
1 0.5221354166666666 0.65234375 0.026041666666666668 0.033854166666666664
1 0.4348958333333333 0.54296875 0.0234375 0.026041666666666668
1 0.5911458333333334 0.5182291666666666 0.0234375 0.0234375
1 0.5325520833333334 0.71875 0.028645833333333332 0.03125
1 0.4348958333333333 0.5677083333333334 0.026041666666666668 0.03125
1 0.515625 0.5703125 0.018229166666666668 0.018229166666666668
1 0.5416666666666666 0.546875 0.020833333333333332 0.028645833333333332