1 0.5572916666666666 0.4583333333333333 0.0234375 0.046875
1 0.5 0.3567708333333333 0.0234375 0.0390625
1 0.46484375 0.4322916666666667 0.018229166666666668 0.033854166666666664
1 0.3919270833333333 0.37109375 0.015625 0.013020833333333334
1 0.41796875 0.38671875 0.028645833333333332 0.015625
1 0.41015625 0.4622395833333333 0.028645833333333332 0.018229166666666668
1 0.54296875 0.375 0.018229166666666668 0.046875
1 0.5221354166666666 0.3958333333333333 0.026041666666666668 0.026041666666666668
1 0.515625 0.47265625 0.015625 0.036458333333333336
1 0.4505208333333333 0.4010416666666667 0.020833333333333332 0.026041666666666668
1 0.4401041666666667 0.4127604166666667 0.020833333333333332 0.036458333333333336