0 0.3489583333333333 0.5234375 0.13020833333333334 0.21875
0 0.16666666666666666 0.20833333333333334 0.15625 0.14322916666666666
0 0.7252604166666666 0.2265625 0.203125 0.22916666666666666
0 0.09505208333333333 0.6432291666666666 0.1484375 0.23697916666666666
0 0.4075520833333333 0.83984375 0.109375 0.203125
0 0.23828125 0.1171875 0.11458333333333333 0.21354166666666666
0 0.75390625 0.2838541666666667 0.14583333333333334 0.21614583333333334
0 0.5078125 0.8151041666666666 0.125 0.21354166666666666
0 0.4908854166666667 0.5208333333333334 0.1640625 0.1640625
0 0.6145833333333334 0.9010416666666666 0.19791666666666666 0.19791666666666666
0 0.5286458333333334 0.6536458333333334 0.16927083333333334 0.1796875
0 0.4661458333333333 0.2552083333333333 0.15625 0.20833333333333334
0 0.5611979166666666 0.2643229166666667 0.171875 0.1640625
0 0.24479166666666666 0.68359375 0.17708333333333334 0.234375
0 0.21484375 0.40234375 0.16145833333333334 0.24739583333333334