1 0.4140625 0.3619791666666667 0.044270833333333336 0.041666666666666664
1 0.7252604166666666 0.3958333333333333 0.046875 0.06770833333333333
1 0.2825520833333333 0.3190104166666667 0.057291666666666664 0.059895833333333336
1 0.4700520833333333 0.20963541666666666 0.041666666666666664 0.044270833333333336
1 0.6888020833333334 0.5403645833333334 0.046875 0.0625
1 0.6302083333333334 0.3997395833333333 0.041666666666666664 0.036458333333333336
1 0.6015625 0.3502604166666667 0.044270833333333336 0.0546875
1 0.60546875 0.2786458333333333 0.046875 0.0625
1 0.5364583333333334 0.3502604166666667 0.049479166666666664 0.07291666666666667
1 0.3684895833333333 0.3736979166666667 0.044270833333333336 0.049479166666666664
1 0.4049479166666667 0.3828125 0.057291666666666664 0.0703125
1 0.5703125 0.328125 0.041666666666666664 0.044270833333333336
1 0.5416666666666666 0.5247395833333334 0.0390625 0.059895833333333336
1 0.62109375 0.421875 0.041666666666666664 0.044270833333333336
1 0.4986979166666667 0.51953125 0.041666666666666664 0.0546875
1 0.4661458333333333 0.5260416666666666 0.046875 0.041666666666666664
1 0.4401041666666667 0.21614583333333334 0.049479166666666664 0.059895833333333336
1 0.5572916666666666 0.4127604166666667 0.046875 0.06770833333333333
1 0.5455729166666666 0.3216145833333333 0.036458333333333336 0.049479166666666664
1 0.5963541666666666 0.49609375 0.052083333333333336 0.06770833333333333
1 0.53515625 0.6119791666666666 0.057291666666666664 0.07552083333333333
1 0.5377604166666666 0.6549479166666666 0.041666666666666664 0.049479166666666664
1 0.52734375 0.5182291666666666 0.044270833333333336 0.059895833333333336
1 0.43359375 0.3229166666666667 0.041666666666666664 0.049479166666666664
1 0.4361979166666667 0.3919270833333333 0.0390625 0.0546875
1 0.5651041666666666 0.4765625 0.044270833333333336 0.052083333333333336
1 0.6484375 0.5065104166666666 0.041666666666666664 0.041666666666666664
1 0.3815104166666667 0.1953125 0.041666666666666664 0.046875
1 0.51953125 0.4244791666666667 0.041666666666666664 0.049479166666666664
1 0.4622395833333333 0.4036458333333333 0.041666666666666664 0.044270833333333336
1 0.50390625 0.15104166666666666 0.044270833333333336 0.057291666666666664
1 0.6705729166666666 0.3802083333333333 0.049479166666666664 0.049479166666666664
1 0.4127604166666667 0.24739583333333334 0.046875 0.052083333333333336
1 0.64453125 0.3125 0.0390625 0.046875
1 0.6419270833333334 0.5364583333333334 0.044270833333333336 0.057291666666666664
1 0.6341145833333334 0.3658854166666667 0.052083333333333336 0.059895833333333336
1 0.4752604166666667 0.2747395833333333 0.044270833333333336 0.0546875
1 0.4583333333333333 0.7265625 0.044270833333333336 0.049479166666666664
1 0.4375 0.6953125 0.052083333333333336 0.06510416666666667
1 0.5598958333333334 0.5494791666666666 0.046875 0.057291666666666664
1 0.4947916666666667 0.5 0.046875 0.06510416666666667
1 0.41015625 0.4296875 0.046875 0.06770833333333333
1 0.4635416666666667 0.4518229166666667 0.044270833333333336 0.044270833333333336
1 0.4140625 0.3333333333333333 0.044270833333333336 0.0546875
1 0.5481770833333334 0.5 0.046875 0.0546875
1 0.37890625 0.3515625 0.044270833333333336 0.057291666666666664
1 0.51171875 0.6315104166666666 0.052083333333333336 0.059895833333333336
1 0.3802083333333333 0.24479166666666666 0.036458333333333336 0.041666666666666664
1 0.56640625 0.5091145833333334 0.046875 0.0546875
1 0.6575520833333334 0.265625 0.049479166666666664 0.049479166666666664
1 0.6041666666666666 0.234375 0.041666666666666664 0.046875
1 0.5208333333333334 0.1171875 0.046875 0.059895833333333336
1 0.5299479166666666 0.20182291666666666 0.046875 0.057291666666666664
1 0.3932291666666667 0.296875 0.046875 0.052083333333333336
1 0.46484375 0.19401041666666666 0.052083333333333336 0.0546875
1 0.6822916666666666 0.41796875 0.049479166666666664 0.059895833333333336
1 0.6549479166666666 0.4309895833333333 0.041666666666666664 0.046875
1 0.6015625 0.4296875 0.046875 0.0625
1 0.58203125 0.3815104166666667 0.049479166666666664 0.0703125
1 0.5611979166666666 0.21484375 0.0546875 0.06510416666666667
1 0.4934895833333333 0.2994791666666667 0.046875 0.041666666666666664
1 0.5716145833333334 0.29296875 0.046875 0.046875
1 0.4388020833333333 0.4934895833333333 0.044270833333333336 0.0546875
1 0.4674479166666667 0.48046875 0.052083333333333336 0.059895833333333336
1 0.671875 0.4973958333333333 0.052083333333333336 0.0625
1 0.5247395833333334 0.3671875 0.044270833333333336 0.0546875
1 0.5260416666666666 0.4700520833333333 0.0625 0.07552083333333333
1 0.5013020833333334 0.3229166666666667 0.036458333333333336 0.041666666666666664
1 0.54296875 0.2747395833333333 0.044270833333333336 0.0625
1 0.6432291666666666 0.4895833333333333 0.046875 0.041666666666666664
1 0.6276041666666666 0.1328125 0.046875 0.059895833333333336
1 0.7057291666666666 0.484375 0.052083333333333336 0.06770833333333333
1 0.6393229166666666 0.2864583333333333 0.046875 0.049479166666666664
1 0.6614583333333334 0.5416666666666666 0.044270833333333336 0.0625
1 0.5065104166666666 0.34765625 0.0390625 0.044270833333333336
1 0.5299479166666666 0.7239583333333334 0.052083333333333336 0.059895833333333336
1 0.5299479166666666 0.7825520833333334 0.0546875 0.0703125
1 0.5481770833333334 0.4440104166666667 0.044270833333333336 0.0546875
1 0.4270833333333333 0.46875 0.0546875 0.059895833333333336
1 0.4544270833333333 0.43359375 0.049479166666666664 0.046875
1 0.4283854166666667 0.4153645833333333 0.049479166666666664 0.059895833333333336
1 0.5104166666666666 0.25 0.046875 0.06770833333333333
1 0.5859375 0.34375 0.0390625 0.041666666666666664
1 0.4869791666666667 0.4440104166666667 0.036458333333333336 0.041666666666666664
1 0.828125 0.5611979166666666 0.041666666666666664 0.0390625
1 0.4309895833333333 0.22786458333333334 0.0390625 0.057291666666666664
1 0.63671875 0.5572916666666666 0.057291666666666664 0.0703125
1 0.54296875 0.5755208333333334 0.041666666666666664 0.052083333333333336
1 0.5065104166666666 0.4114583333333333 0.046875 0.0546875
1 0.4635416666666667 0.3411458333333333 0.057291666666666664 0.06510416666666667
1 0.5026041666666666 0.4609375 0.044270833333333336 0.057291666666666664
1 0.4830729166666667 0.55859375 0.052083333333333336 0.06510416666666667
1 0.58984375 0.4583333333333333 0.049479166666666664 0.06770833333333333
1 0.6848958333333334 0.3489583333333333 0.046875 0.0546875
1 0.3697916666666667 0.2916666666666667 0.0546875 0.06770833333333333
1 0.3385416666666667 0.21484375 0.052083333333333336 0.0625
1 0.6341145833333334 0.4283854166666667 0.052083333333333336 0.057291666666666664
1 0.6145833333333334 0.37890625 0.049479166666666664 0.049479166666666664
1 0.5703125 0.2421875 0.052083333333333336 0.06510416666666667
1 0.59765625 0.3020833333333333 0.049479166666666664 0.06770833333333333
1 0.51953125 0.24348958333333334 0.049479166666666664 0.0625
1 0.58203125 0.5364583333333334 0.044270833333333336 0.044270833333333336
1 0.5794270833333334 0.6692708333333334 0.057291666666666664 0.07291666666666667
1 0.61328125 0.46484375 0.044270833333333336 0.0625
1 0.4635416666666667 0.5091145833333334 0.041666666666666664 0.044270833333333336
1 0.4505208333333333 0.3606770833333333 0.046875 0.0546875
1 0.5338541666666666 0.3020833333333333 0.041666666666666664 0.0546875
1 0.5442708333333334 0.23828125 0.041666666666666664 0.044270833333333336
1 0.6276041666666666 0.17838541666666666 0.057291666666666664 0.07291666666666667
1 0.6471354166666666 0.4557291666666667 0.044270833333333336 0.057291666666666664
1 0.4973958333333333 0.2630208333333333 0.0390625 0.0546875
1 0.4817708333333333 0.4049479166666667 0.049479166666666664 0.052083333333333336
1 0.4817708333333333 0.3828125 0.044270833333333336 0.036458333333333336
1 0.3697916666666667 0.2265625 0.046875 0.059895833333333336
1 0.3932291666666667 0.20833333333333334 0.044270833333333336 0.052083333333333336
1 0.4921875 0.53515625 0.044270833333333336 0.057291666666666664
1 0.56640625 0.40625 0.036458333333333336 0.0390625