1 0.3841145833333333 0.17578125 0.0546875 0.0390625
1 0.4244791666666667 0.3606770833333333 0.0546875 0.049479166666666664
1 0.2903645833333333 0.49609375 0.0390625 0.057291666666666664
1 0.48046875 0.74609375 0.0546875 0.049479166666666664
1 0.6236979166666666 0.5924479166666666 0.044270833333333336 0.059895833333333336
1 0.5520833333333334 0.21484375 0.0546875 0.052083333333333336
1 0.8463541666666666 0.48828125 0.057291666666666664 0.0625
1 0.7005208333333334 0.2421875 0.057291666666666664 0.06510416666666667
1 0.3997395833333333 0.3138020833333333 0.0546875 0.046875
1 0.33203125 0.4036458333333333 0.06510416666666667 0.0546875
1 0.6979166666666666 0.3333333333333333 0.052083333333333336 0.052083333333333336
1 0.4440104166666667 0.15755208333333334 0.046875 0.07552083333333333
1 0.3125 0.52734375 0.0625 0.049479166666666664
1 0.9192708333333334 0.6770833333333334 0.046875 0.0703125
1 0.3763020833333333 0.20182291666666666 0.041666666666666664 0.044270833333333336
1 0.4166666666666667 0.76171875 0.0546875 0.052083333333333336
1 0.60546875 0.5729166666666666 0.041666666666666664 0.059895833333333336
1 0.7578125 0.4674479166666667 0.049479166666666664 0.078125
1 0.85546875 0.40625 0.049479166666666664 0.0703125
1 0.3463541666666667 0.3059895833333333 0.0546875 0.06510416666666667
1 0.5130208333333334 0.7109375 0.046875 0.06770833333333333
1 0.6888020833333334 0.4583333333333333 0.049479166666666664 0.06770833333333333
1 0.7786458333333334 0.6588541666666666 0.041666666666666664 0.07552083333333333
1 0.87109375 0.6080729166666666 0.0546875 0.0625
1 0.3919270833333333 0.6197916666666666 0.0546875 0.057291666666666664
1 0.38671875 0.6627604166666666 0.049479166666666664 0.06510416666666667
1 0.6341145833333334 0.3229166666666667 0.0546875 0.0625
1 0.3138020833333333 0.4427083333333333 0.0625 0.059895833333333336
1 0.4635416666666667 0.8072916666666666 0.059895833333333336 0.0625