1 0.6497395833333334 0.4453125 0.046875 0.078125
1 0.3190104166666667 0.65625 0.046875 0.057291666666666664
1 0.5546875 0.2877604166666667 0.03125 0.057291666666666664
1 0.3033854166666667 0.4348958333333333 0.057291666666666664 0.06770833333333333
1 0.041666666666666664 0.6028645833333334 0.0390625 0.07291666666666667
1 0.70703125 0.7734375 0.046875 0.057291666666666664
1 0.328125 0.4348958333333333 0.046875 0.0546875
1 0.42578125 0.33203125 0.046875 0.03125
1 0.5377604166666666 0.8307291666666666 0.046875 0.0703125
1 0.4609375 0.3854166666666667 0.041666666666666664 0.078125
1 0.46484375 0.8736979166666666 0.036458333333333336 0.06770833333333333
1 0.4817708333333333 0.9010416666666666 0.041666666666666664 0.0625
1 0.34765625 0.63671875 0.057291666666666664 0.057291666666666664
1 0.5833333333333334 0.3736979166666667 0.026041666666666668 0.08333333333333333
1 0.5611979166666666 0.3815104166666667 0.033854166666666664 0.078125
1 0.6028645833333334 0.4700520833333333 0.041666666666666664 0.06770833333333333
1 0.19010416666666666 0.07682291666666667 0.057291666666666664 0.0546875
1 0.3619791666666667 0.5390625 0.0546875 0.041666666666666664
1 0.4830729166666667 0.7578125 0.057291666666666664 0.044270833333333336