1 0.3645833333333333 0.4934895833333333 0.044270833333333336 0.059895833333333336
1 0.0625 0.2890625 0.057291666666666664 0.044270833333333336
1 0.15234375 0.3307291666666667 0.033854166666666664 0.06510416666666667
1 0.6158854166666666 0.296875 0.044270833333333336 0.06770833333333333
1 0.4895833333333333 0.21354166666666666 0.049479166666666664 0.041666666666666664
1 0.5130208333333334 0.7083333333333334 0.057291666666666664 0.044270833333333336
1 0.08072916666666667 0.3736979166666667 0.044270833333333336 0.0546875
1 0.19791666666666666 0.3294270833333333 0.033854166666666664 0.0546875
1 0.2877604166666667 0.5182291666666666 0.052083333333333336 0.06770833333333333
1 0.59765625 0.4713541666666667 0.041666666666666664 0.06510416666666667
1 0.3671875 0.47265625 0.028645833333333332 0.049479166666666664