1 0.2890625 0.5520833333333334 0.0703125 0.059895833333333336
1 0.265625 0.7760416666666666 0.059895833333333336 0.049479166666666664
1 0.4583333333333333 0.7122395833333334 0.06510416666666667 0.09895833333333333
1 0.13802083333333334 0.765625 0.06770833333333333 0.059895833333333336
1 0.3971354166666667 0.6536458333333334 0.033854166666666664 0.049479166666666664
1 0.3359375 0.7330729166666666 0.0625 0.07291666666666667
1 0.4309895833333333 0.6901041666666666 0.044270833333333336 0.07552083333333333
1 0.20182291666666666 0.7955729166666666 0.052083333333333336 0.07291666666666667
1 0.2604166666666667 0.7513020833333334 0.06770833333333333 0.06770833333333333
1 0.01953125 0.6341145833333334 0.0390625 0.0703125
1 0.10546875 0.625 0.0546875 0.06770833333333333