1 0.7604166666666666 0.3151041666666667 0.052083333333333336 0.041666666666666664
1 0.66015625 0.71875 0.036458333333333336 0.041666666666666664
1 0.4778645833333333 0.52734375 0.044270833333333336 0.033854166666666664
1 0.6171875 0.5299479166666666 0.057291666666666664 0.057291666666666664
1 0.25 0.20442708333333334 0.049479166666666664 0.041666666666666664
1 0.4466145833333333 0.4635416666666667 0.0234375 0.03125
1 0.16536458333333334 0.6171875 0.049479166666666664 0.041666666666666664
1 0.83984375 0.453125 0.052083333333333336 0.046875
1 0.4869791666666667 0.4518229166666667 0.052083333333333336 0.044270833333333336
1 0.60546875 0.359375 0.057291666666666664 0.046875
1 0.3997395833333333 0.62890625 0.049479166666666664 0.046875
1 0.12239583333333333 0.5924479166666666 0.0546875 0.044270833333333336
1 0.4322916666666667 0.5078125 0.049479166666666664 0.046875
1 0.2942708333333333 0.7760416666666666 0.057291666666666664 0.0546875