1 0.6263020833333334 0.6315104166666666 0.020833333333333332 0.0234375
1 0.640625 0.6028645833333334 0.036458333333333336 0.036458333333333336
1 0.4557291666666667 0.296875 0.033854166666666664 0.033854166666666664
1 0.6940104166666666 0.6458333333333334 0.033854166666666664 0.0390625
1 0.6901041666666666 0.53515625 0.028645833333333332 0.026041666666666668
1 0.4140625 0.20182291666666666 0.044270833333333336 0.036458333333333336
1 0.5455729166666666 0.2421875 0.033854166666666664 0.0390625
1 0.40234375 0.2786458333333333 0.026041666666666668 0.033854166666666664
1 0.3815104166666667 0.2682291666666667 0.0390625 0.049479166666666664
1 0.421875 0.29296875 0.0234375 0.028645833333333332
1 0.4622395833333333 0.4322916666666667 0.033854166666666664 0.044270833333333336
1 0.5481770833333334 0.375 0.033854166666666664 0.041666666666666664
1 0.4908854166666667 0.45703125 0.026041666666666668 0.033854166666666664
1 0.6263020833333334 0.4544270833333333 0.033854166666666664 0.044270833333333336
1 0.60546875 0.4895833333333333 0.033854166666666664 0.033854166666666664
1 0.6276041666666666 0.4869791666666667 0.028645833333333332 0.036458333333333336
1 0.6263020833333334 0.5234375 0.018229166666666668 0.020833333333333332
1 0.6575520833333334 0.5026041666666666 0.0234375 0.028645833333333332
1 0.5794270833333334 0.5065104166666666 0.028645833333333332 0.026041666666666668
1 0.6497395833333334 0.5520833333333334 0.0234375 0.0234375
1 0.59765625 0.52734375 0.03125 0.028645833333333332
1 0.6328125 0.6223958333333334 0.028645833333333332 0.033854166666666664
1 0.609375 0.60546875 0.026041666666666668 0.033854166666666664
1 0.640625 0.6783854166666666 0.036458333333333336 0.046875
1 0.515625 0.4895833333333333 0.033854166666666664 0.028645833333333332
1 0.4947916666666667 0.43359375 0.03125 0.026041666666666668
1 0.66796875 0.5598958333333334 0.033854166666666664 0.033854166666666664
1 0.3515625 0.2864583333333333 0.033854166666666664 0.041666666666666664
1 0.56640625 0.3072916666666667 0.03125 0.026041666666666668
1 0.4114583333333333 0.2981770833333333 0.0234375 0.028645833333333332
1 0.5286458333333334 0.40234375 0.028645833333333332 0.036458333333333336
1 0.4934895833333333 0.3815104166666667 0.03125 0.03125
1 0.5690104166666666 0.3671875 0.03125 0.0390625
1 0.6484375 0.3815104166666667 0.0390625 0.044270833333333336
1 0.5703125 0.4153645833333333 0.03125 0.041666666666666664
1 0.5872395833333334 0.41015625 0.028645833333333332 0.036458333333333336
1 0.5299479166666666 0.4661458333333333 0.0234375 0.028645833333333332
1 0.5104166666666666 0.5416666666666666 0.033854166666666664 0.033854166666666664
1 0.6901041666666666 0.5143229166666666 0.036458333333333336 0.0390625
1 0.6536458333333334 0.5234375 0.026041666666666668 0.03125
1 0.6041666666666666 0.5677083333333334 0.018229166666666668 0.0234375
1 0.65625 0.6002604166666666 0.036458333333333336 0.03125
1 0.65625 0.6328125 0.028645833333333332 0.0390625
1 0.6471354166666666 0.703125 0.03125 0.041666666666666664
1 0.6627604166666666 0.7135416666666666 0.0234375 0.03125
1 0.4752604166666667 0.33203125 0.033854166666666664 0.033854166666666664
1 0.5885416666666666 0.5729166666666666 0.036458333333333336 0.044270833333333336
1 0.5638020833333334 0.6145833333333334 0.033854166666666664 0.044270833333333336
1 0.3606770833333333 0.14192708333333334 0.033854166666666664 0.036458333333333336
1 0.3671875 0.20442708333333334 0.03125 0.026041666666666668
1 0.51953125 0.2265625 0.033854166666666664 0.041666666666666664
1 0.4283854166666667 0.3450520833333333 0.03125 0.03125
1 0.4296875 0.28125 0.03125 0.036458333333333336
1 0.6497395833333334 0.5755208333333334 0.026041666666666668 0.0234375
1 0.6888020833333334 0.5872395833333334 0.036458333333333336 0.044270833333333336
1 0.6848958333333334 0.64453125 0.0234375 0.020833333333333332
1 0.7044270833333334 0.6171875 0.028645833333333332 0.036458333333333336
1 0.6315104166666666 0.6822916666666666 0.026041666666666668 0.026041666666666668
1 0.44140625 0.2864583333333333 0.033854166666666664 0.0390625
1 0.5286458333333334 0.4309895833333333 0.026041666666666668 0.0234375
1 0.5494791666666666 0.40625 0.033854166666666664 0.03125
1 0.8020833333333334 0.44140625 0.036458333333333336 0.046875
1 0.5091145833333334 0.2864583333333333 0.036458333333333336 0.044270833333333336
1 0.4596354166666667 0.375 0.028645833333333332 0.036458333333333336
1 0.4518229166666667 0.23046875 0.033854166666666664 0.046875
1 0.6119791666666666 0.4322916666666667 0.028645833333333332 0.0234375
1 0.5924479166666666 0.44921875 0.033854166666666664 0.033854166666666664
1 0.6692708333333334 0.4856770833333333 0.036458333333333336 0.036458333333333336
1 0.609375 0.45703125 0.026041666666666668 0.0234375
1 0.625 0.5013020833333334 0.026041666666666668 0.03125
1 0.609375 0.5885416666666666 0.020833333333333332 0.026041666666666668
1 0.625 0.58984375 0.026041666666666668 0.028645833333333332
1 0.6809895833333334 0.6315104166666666 0.028645833333333332 0.028645833333333332
1 0.63671875 0.6458333333333334 0.020833333333333332 0.026041666666666668
1 0.4635416666666667 0.3541666666666667 0.026041666666666668 0.028645833333333332
1 0.6458333333333334 0.4765625 0.033854166666666664 0.0390625
1 0.4986979166666667 0.26171875 0.028645833333333332 0.033854166666666664
1 0.34765625 0.26953125 0.033854166666666664 0.041666666666666664
1 0.4583333333333333 0.3072916666666667 0.03125 0.03125
1 0.4466145833333333 0.3203125 0.026041666666666668 0.033854166666666664
1 0.5130208333333334 0.41015625 0.028645833333333332 0.036458333333333336
1 0.5143229166666666 0.3580729166666667 0.03125 0.033854166666666664
1 0.5260416666666666 0.3815104166666667 0.028645833333333332 0.0390625
1 0.4895833333333333 0.484375 0.0234375 0.020833333333333332
1 0.5716145833333334 0.4921875 0.028645833333333332 0.03125
1 0.5846354166666666 0.47265625 0.026041666666666668 0.036458333333333336
1 0.5833333333333334 0.48046875 0.03125 0.033854166666666664
1 0.63671875 0.5208333333333334 0.0234375 0.0234375
1 0.5768229166666666 0.5703125 0.03125 0.03125
1 0.5703125 0.5338541666666666 0.026041666666666668 0.026041666666666668
1 0.5598958333333334 0.52734375 0.0234375 0.0234375
1 0.5494791666666666 0.5598958333333334 0.018229166666666668 0.020833333333333332
1 0.6640625 0.6614583333333334 0.026041666666666668 0.03125
1 0.671875 0.6888020833333334 0.036458333333333336 0.036458333333333336
1 0.46875 0.3216145833333333 0.036458333333333336 0.036458333333333336
1 0.56640625 0.3372395833333333 0.036458333333333336 0.033854166666666664
1 0.5455729166666666 0.3515625 0.026041666666666668 0.026041666666666668
1 0.5611979166666666 0.4205729166666667 0.026041666666666668 0.036458333333333336
1 0.5442708333333334 0.43359375 0.03125 0.026041666666666668
1 0.4205729166666667 0.16796875 0.028645833333333332 0.0234375
1 0.4752604166666667 0.28125 0.041666666666666664 0.049479166666666664
1 0.55078125 0.2890625 0.026041666666666668 0.033854166666666664
1 0.51953125 0.3151041666666667 0.033854166666666664 0.0390625
1 0.5442708333333334 0.3333333333333333 0.03125 0.028645833333333332
1 0.3932291666666667 0.3059895833333333 0.033854166666666664 0.041666666666666664
1 0.40625 0.3828125 0.033854166666666664 0.044270833333333336
1 0.46484375 0.45703125 0.033854166666666664 0.033854166666666664
1 0.50390625 0.4127604166666667 0.03125 0.0390625
1 0.5807291666666666 0.3333333333333333 0.0390625 0.0390625
1 0.5169270833333334 0.44140625 0.033854166666666664 0.036458333333333336
1 0.5481770833333334 0.4505208333333333 0.028645833333333332 0.03125
1 0.53515625 0.48828125 0.026041666666666668 0.028645833333333332
1 0.6783854166666666 0.5078125 0.026041666666666668 0.03125
1 0.6419270833333334 0.5377604166666666 0.0234375 0.0234375
1 0.58203125 0.6041666666666666 0.036458333333333336 0.044270833333333336
1 0.72265625 0.6497395833333334 0.03125 0.033854166666666664
1 0.5703125 0.5846354166666666 0.028645833333333332 0.026041666666666668
1 0.54296875 0.57421875 0.028645833333333332 0.036458333333333336
1 0.5078125 0.4609375 0.0234375 0.03125
1 0.5416666666666666 0.46875 0.0234375 0.028645833333333332
1 0.6341145833333334 0.4440104166666667 0.03125 0.036458333333333336
1 0.5104166666666666 0.24609375 0.026041666666666668 0.0234375
1 0.58203125 0.19921875 0.036458333333333336 0.036458333333333336
1 0.4739583333333333 0.3958333333333333 0.026041666666666668 0.026041666666666668
1 0.40234375 0.2643229166666667 0.03125 0.041666666666666664
1 0.6028645833333334 0.46875 0.0234375 0.020833333333333332
1 0.57421875 0.55078125 0.0234375 0.020833333333333332
1 0.6263020833333334 0.69921875 0.041666666666666664 0.0546875
1 0.7434895833333334 0.5716145833333334 0.044270833333333336 0.044270833333333336
1 0.6705729166666666 0.6197916666666666 0.028645833333333332 0.03125
1 0.5390625 0.2552083333333333 0.033854166666666664 0.044270833333333336
1 0.5390625 0.3828125 0.028645833333333332 0.033854166666666664
1 0.6393229166666666 0.4791666666666667 0.03125 0.0390625
1 0.5026041666666666 0.49609375 0.0234375 0.026041666666666668
1 0.5260416666666666 0.2877604166666667 0.026041666666666668 0.033854166666666664
1 0.5390625 0.3125 0.028645833333333332 0.026041666666666668
1 0.4856770833333333 0.3671875 0.033854166666666664 0.033854166666666664
1 0.4114583333333333 0.2578125 0.0234375 0.028645833333333332
1 0.4114583333333333 0.32421875 0.033854166666666664 0.028645833333333332
1 0.4544270833333333 0.3411458333333333 0.0390625 0.03125
1 0.4322916666666667 0.359375 0.033854166666666664 0.033854166666666664
1 0.4778645833333333 0.4244791666666667 0.028645833333333332 0.036458333333333336
1 0.5338541666666666 0.578125 0.026041666666666668 0.036458333333333336
1 0.609375 0.6236979166666666 0.026041666666666668 0.0234375
1 0.6302083333333334 0.65625 0.026041666666666668 0.028645833333333332
1 0.765625 0.5963541666666666 0.044270833333333336 0.044270833333333336
1 0.7955729166666666 0.6328125 0.041666666666666664 0.041666666666666664