1 0.453125 0.6640625 0.0703125 0.07291666666666667
1 0.3372395833333333 0.6145833333333334 0.046875 0.06510416666666667
1 0.26953125 0.6354166666666666 0.046875 0.07291666666666667
1 0.4270833333333333 0.703125 0.057291666666666664 0.059895833333333336
1 0.5455729166666666 0.78515625 0.0546875 0.08072916666666667
1 0.55859375 0.71875 0.052083333333333336 0.044270833333333336
1 0.62890625 0.5768229166666666 0.049479166666666664 0.049479166666666664
1 0.53515625 0.5716145833333334 0.046875 0.07291666666666667
1 0.3893229166666667 0.66015625 0.0546875 0.06770833333333333
1 0.3841145833333333 0.5794270833333334 0.0546875 0.046875
1 0.4388020833333333 0.5416666666666666 0.059895833333333336 0.08072916666666667
1 0.28515625 0.51953125 0.07552083333333333 0.08072916666666667
1 0.3111979166666667 0.5247395833333334 0.0546875 0.041666666666666664
1 0.3098958333333333 0.3203125 0.0546875 0.0546875
1 0.4140625 0.6471354166666666 0.049479166666666664 0.044270833333333336
1 0.5130208333333334 0.51171875 0.059895833333333336 0.049479166666666664
1 0.3177083333333333 0.48046875 0.0703125 0.08333333333333333
1 0.5234375 0.7903645833333334 0.041666666666666664 0.0546875
1 0.6028645833333334 0.59375 0.046875 0.06770833333333333
1 0.4088541666666667 0.60546875 0.049479166666666664 0.06510416666666667
1 0.3346354166666667 0.6822916666666666 0.044270833333333336 0.06770833333333333
1 0.23828125 0.3971354166666667 0.0546875 0.0390625
1 0.6184895833333334 0.5559895833333334 0.059895833333333336 0.06510416666666667
1 0.6067708333333334 0.5286458333333334 0.057291666666666664 0.059895833333333336
1 0.5833333333333334 0.5338541666666666 0.06770833333333333 0.0859375
1 0.6015625 0.4322916666666667 0.044270833333333336 0.057291666666666664
1 0.2721354166666667 0.3697916666666667 0.06770833333333333 0.057291666666666664
1 0.32421875 0.3502604166666667 0.059895833333333336 0.046875
1 0.4153645833333333 0.6861979166666666 0.046875 0.041666666666666664
1 0.2721354166666667 0.74609375 0.06770833333333333 0.09635416666666667
1 0.2955729166666667 0.6236979166666666 0.059895833333333336 0.08333333333333333
1 0.3033854166666667 0.3815104166666667 0.0625 0.046875
1 0.5338541666666666 0.7109375 0.049479166666666664 0.06510416666666667
1 0.6197916666666666 0.6588541666666666 0.052083333333333336 0.06770833333333333
1 0.3151041666666667 0.6041666666666666 0.052083333333333336 0.057291666666666664
1 0.5872395833333334 0.6223958333333334 0.06510416666666667 0.08072916666666667
1 0.5065104166666666 0.59765625 0.06770833333333333 0.0703125
1 0.5911458333333334 0.4674479166666667 0.0625 0.057291666666666664
1 0.3671875 0.6236979166666666 0.057291666666666664 0.08333333333333333
1 0.2526041666666667 0.4088541666666667 0.059895833333333336 0.057291666666666664
1 0.21614583333333334 0.3294270833333333 0.049479166666666664 0.0625
0 0.3684895833333333 0.40625 0.049479166666666664 0.052083333333333336