1 0.2565104166666667 0.3541666666666667 0.033854166666666664 0.052083333333333336
1 0.3033854166666667 0.3932291666666667 0.033854166666666664 0.0546875
1 0.34375 0.3346354166666667 0.03125 0.044270833333333336
1 0.3268229166666667 0.2916666666666667 0.036458333333333336 0.0390625
1 0.3229166666666667 0.5924479166666666 0.036458333333333336 0.041666666666666664
1 0.3658854166666667 0.5989583333333334 0.03125 0.052083333333333336
1 0.390625 0.6171875 0.036458333333333336 0.049479166666666664
1 0.4479166666666667 0.32421875 0.041666666666666664 0.059895833333333336
1 0.421875 0.2955729166666667 0.03125 0.0390625
1 0.48828125 0.2721354166666667 0.0390625 0.044270833333333336
1 0.4661458333333333 0.24609375 0.0390625 0.046875
1 0.4986979166666667 0.3020833333333333 0.036458333333333336 0.0546875
1 0.4895833333333333 0.328125 0.0390625 0.057291666666666664
1 0.5078125 0.3515625 0.041666666666666664 0.044270833333333336
1 0.5390625 0.265625 0.033854166666666664 0.033854166666666664
1 0.56640625 0.48828125 0.0390625 0.052083333333333336
1 0.4661458333333333 0.5794270833333334 0.0390625 0.0390625
1 0.4921875 0.5416666666666666 0.028645833333333332 0.041666666666666664
1 0.5052083333333334 0.5013020833333334 0.033854166666666664 0.036458333333333336
1 0.3333333333333333 0.6536458333333334 0.046875 0.052083333333333336
1 0.3997395833333333 0.4635416666666667 0.0390625 0.046875
1 0.3580729166666667 0.3450520833333333 0.036458333333333336 0.0546875
1 0.359375 0.3177083333333333 0.036458333333333336 0.036458333333333336
1 0.44140625 0.38671875 0.033854166666666664 0.046875
1 0.2109375 0.3541666666666667 0.028645833333333332 0.046875
1 0.22916666666666666 0.3880208333333333 0.033854166666666664 0.052083333333333336
1 0.28515625 0.34375 0.033854166666666664 0.033854166666666664
1 0.31640625 0.3411458333333333 0.028645833333333332 0.041666666666666664
1 0.3138020833333333 0.375 0.036458333333333336 0.036458333333333336
1 0.4010416666666667 0.2760416666666667 0.03125 0.028645833333333332
1 0.3125 0.4895833333333333 0.0390625 0.049479166666666664
1 0.3255208333333333 0.5091145833333334 0.041666666666666664 0.0546875
1 0.3385416666666667 0.55078125 0.033854166666666664 0.0546875
1 0.3450520833333333 0.5950520833333334 0.0390625 0.041666666666666664
1 0.3580729166666667 0.5442708333333334 0.03125 0.0390625
1 0.4309895833333333 0.6354166666666666 0.044270833333333336 0.0546875
1 0.40625 0.5325520833333334 0.033854166666666664 0.036458333333333336
1 0.3919270833333333 0.4401041666666667 0.028645833333333332 0.044270833333333336
1 0.4127604166666667 0.3307291666666667 0.033854166666666664 0.03125
1 0.5403645833333334 0.3138020833333333 0.044270833333333336 0.052083333333333336
1 0.5325520833333334 0.5 0.03125 0.046875
1 0.4674479166666667 0.6263020833333334 0.044270833333333336 0.0546875
1 0.4505208333333333 0.48046875 0.028645833333333332 0.044270833333333336
1 0.2825520833333333 0.3203125 0.046875 0.046875
1 0.55859375 0.5625 0.036458333333333336 0.044270833333333336
1 0.23697916666666666 0.3411458333333333 0.028645833333333332 0.044270833333333336
1 0.2890625 0.3971354166666667 0.033854166666666664 0.049479166666666664
1 0.3411458333333333 0.42578125 0.0390625 0.059895833333333336
1 0.3645833333333333 0.4479166666666667 0.033854166666666664 0.0546875
1 0.3463541666666667 0.3567708333333333 0.0390625 0.052083333333333336
1 0.3177083333333333 0.3020833333333333 0.044270833333333336 0.041666666666666664
1 0.2890625 0.4583333333333333 0.033854166666666664 0.033854166666666664
1 0.3671875 0.5494791666666666 0.036458333333333336 0.044270833333333336
1 0.3854166666666667 0.5494791666666666 0.0390625 0.0390625
1 0.40625 0.6484375 0.036458333333333336 0.036458333333333336
1 0.4153645833333333 0.4765625 0.036458333333333336 0.033854166666666664
1 0.4270833333333333 0.3385416666666667 0.041666666666666664 0.0390625
1 0.4934895833333333 0.4114583333333333 0.0390625 0.046875
1 0.4127604166666667 0.2942708333333333 0.0390625 0.046875
1 0.5625 0.2760416666666667 0.03125 0.049479166666666664
1 0.5598958333333334 0.2942708333333333 0.036458333333333336 0.049479166666666664
1 0.5520833333333334 0.5377604166666666 0.03125 0.0390625
1 0.2682291666666667 0.6067708333333334 0.046875 0.0546875
1 0.3828125 0.7018229166666666 0.033854166666666664 0.049479166666666664
1 0.51171875 0.5247395833333334 0.036458333333333336 0.041666666666666664
1 0.2942708333333333 0.3671875 0.033854166666666664 0.036458333333333336
1 0.23958333333333334 0.3216145833333333 0.036458333333333336 0.049479166666666664
1 0.3815104166666667 0.2565104166666667 0.03125 0.036458333333333336
1 0.2981770833333333 0.47265625 0.03125 0.033854166666666664
1 0.3763020833333333 0.578125 0.028645833333333332 0.033854166666666664
1 0.4479166666666667 0.671875 0.028645833333333332 0.03125
1 0.4283854166666667 0.51171875 0.041666666666666664 0.044270833333333336
1 0.4231770833333333 0.4947916666666667 0.0390625 0.033854166666666664
1 0.40234375 0.4856770833333333 0.033854166666666664 0.036458333333333336
1 0.390625 0.4700520833333333 0.020833333333333332 0.03125
1 0.3841145833333333 0.3893229166666667 0.028645833333333332 0.041666666666666664
1 0.3893229166666667 0.35546875 0.036458333333333336 0.0390625
1 0.4166666666666667 0.3736979166666667 0.041666666666666664 0.046875
1 0.4557291666666667 0.36328125 0.0390625 0.046875
1 0.4453125 0.43359375 0.033854166666666664 0.036458333333333336
1 0.45703125 0.4583333333333333 0.036458333333333336 0.044270833333333336
1 0.44140625 0.2890625 0.0390625 0.0546875
1 0.6067708333333334 0.6080729166666666 0.044270833333333336 0.0546875
1 0.4375 0.5364583333333334 0.03125 0.044270833333333336
1 0.40234375 0.6028645833333334 0.03125 0.044270833333333336
1 0.3177083333333333 0.328125 0.033854166666666664 0.052083333333333336
1 0.5286458333333334 0.5403645833333334 0.0390625 0.044270833333333336
1 0.5403645833333334 0.5338541666666666 0.033854166666666664 0.041666666666666664
1 0.18619791666666666 0.2877604166666667 0.033854166666666664 0.03125
1 0.20182291666666666 0.31640625 0.0390625 0.0390625
1 0.2955729166666667 0.3072916666666667 0.0390625 0.046875
1 0.3333333333333333 0.3958333333333333 0.0390625 0.046875
1 0.3736979166666667 0.2799479166666667 0.0390625 0.041666666666666664
1 0.4166666666666667 0.5598958333333334 0.036458333333333336 0.052083333333333336
1 0.3919270833333333 0.3854166666666667 0.03125 0.052083333333333336
1 0.4661458333333333 0.4778645833333333 0.036458333333333336 0.046875
1 0.47265625 0.4479166666666667 0.0390625 0.0546875
1 0.4700520833333333 0.4140625 0.041666666666666664 0.049479166666666664
1 0.49609375 0.3815104166666667 0.036458333333333336 0.049479166666666664
1 0.4947916666666667 0.3203125 0.033854166666666664 0.057291666666666664
1 0.5208333333333334 0.26171875 0.036458333333333336 0.052083333333333336
1 0.6106770833333334 0.3723958333333333 0.041666666666666664 0.044270833333333336
1 0.5520833333333334 0.421875 0.036458333333333336 0.0390625
1 0.57421875 0.5325520833333334 0.028645833333333332 0.046875
1 0.4309895833333333 0.5598958333333334 0.03125 0.03125
1 0.4947916666666667 0.5963541666666666 0.0390625 0.0390625
1 0.5104166666666666 0.5924479166666666 0.036458333333333336 0.046875
1 0.5182291666666666 0.5729166666666666 0.028645833333333332 0.049479166666666664
1 0.3138020833333333 0.6393229166666666 0.041666666666666664 0.052083333333333336
1 0.5677083333333334 0.53515625 0.044270833333333336 0.0703125
1 0.3763020833333333 0.3671875 0.03125 0.046875
1 0.5559895833333334 0.3463541666666667 0.041666666666666664 0.041666666666666664
1 0.515625 0.4934895833333333 0.041666666666666664 0.049479166666666664
1 0.5221354166666666 0.55859375 0.033854166666666664 0.0390625
1 0.4713541666666667 0.4596354166666667 0.036458333333333336 0.046875
1 0.24088541666666666 0.3645833333333333 0.028645833333333332 0.0390625
1 0.24479166666666666 0.39453125 0.041666666666666664 0.0546875
1 0.26953125 0.3502604166666667 0.041666666666666664 0.0546875
1 0.3177083333333333 0.4049479166666667 0.033854166666666664 0.044270833333333336
1 0.3098958333333333 0.2526041666666667 0.036458333333333336 0.0546875
1 0.39453125 0.2643229166666667 0.03125 0.026041666666666668
1 0.2890625 0.4986979166666667 0.033854166666666664 0.03125
1 0.2942708333333333 0.5260416666666666 0.041666666666666664 0.046875
1 0.3841145833333333 0.5338541666666666 0.03125 0.033854166666666664
1 0.40234375 0.41796875 0.041666666666666664 0.046875
1 0.41796875 0.4036458333333333 0.041666666666666664 0.0546875
1 0.4713541666666667 0.3359375 0.033854166666666664 0.044270833333333336
1 0.55078125 0.4440104166666667 0.036458333333333336 0.052083333333333336
1 0.5859375 0.4583333333333333 0.033854166666666664 0.052083333333333336
1 0.6080729166666666 0.4869791666666667 0.036458333333333336 0.036458333333333336
1 0.5013020833333334 0.5690104166666666 0.03125 0.044270833333333336
1 0.3216145833333333 0.3958333333333333 0.033854166666666664 0.044270833333333336
1 0.5013020833333334 0.53125 0.036458333333333336 0.0390625
1 0.22916666666666666 0.3359375 0.026041666666666668 0.036458333333333336
1 0.24088541666666666 0.2903645833333333 0.033854166666666664 0.044270833333333336
1 0.2578125 0.2916666666666667 0.044270833333333336 0.049479166666666664
1 0.3033854166666667 0.34375 0.03125 0.049479166666666664
1 0.2786458333333333 0.4791666666666667 0.03125 0.0390625
1 0.3385416666666667 0.5716145833333334 0.028645833333333332 0.046875
1 0.3854166666666667 0.5911458333333334 0.03125 0.03125
1 0.37109375 0.5 0.041666666666666664 0.041666666666666664
1 0.41796875 0.59375 0.033854166666666664 0.033854166666666664
1 0.38671875 0.5104166666666666 0.036458333333333336 0.049479166666666664
1 0.3763020833333333 0.4817708333333333 0.03125 0.044270833333333336
1 0.46875 0.5 0.033854166666666664 0.049479166666666664
1 0.44921875 0.4973958333333333 0.036458333333333336 0.03125
1 0.4921875 0.48046875 0.0390625 0.0390625
1 0.56640625 0.31640625 0.028645833333333332 0.044270833333333336
1 0.5794270833333334 0.3528645833333333 0.033854166666666664 0.036458333333333336
1 0.5546875 0.3645833333333333 0.0390625 0.046875
1 0.53125 0.4127604166666667 0.033854166666666664 0.033854166666666664
1 0.5885416666666666 0.5091145833333334 0.0390625 0.046875
1 0.5794270833333334 0.5208333333333334 0.036458333333333336 0.049479166666666664
1 0.4479166666666667 0.5859375 0.033854166666666664 0.03125
1 0.4700520833333333 0.54296875 0.033854166666666664 0.0546875
1 0.48046875 0.55859375 0.0390625 0.0390625
1 0.3736979166666667 0.5182291666666666 0.0390625 0.044270833333333336
1 0.2799479166666667 0.3776041666666667 0.0390625 0.044270833333333336
1 0.48046875 0.47265625 0.03125 0.033854166666666664
1 0.54296875 0.5559895833333334 0.0390625 0.036458333333333336
1 0.21744791666666666 0.30078125 0.0390625 0.044270833333333336
1 0.24348958333333334 0.2591145833333333 0.049479166666666664 0.049479166666666664
1 0.3450520833333333 0.3854166666666667 0.03125 0.041666666666666664
1 0.33203125 0.27734375 0.041666666666666664 0.049479166666666664
1 0.3528645833333333 0.2838541666666667 0.041666666666666664 0.059895833333333336
1 0.4088541666666667 0.5104166666666666 0.033854166666666664 0.057291666666666664
1 0.3671875 0.34375 0.03125 0.046875
1 0.5716145833333334 0.3671875 0.041666666666666664 0.046875
1 0.546875 0.4609375 0.0390625 0.052083333333333336
1 0.4440104166666667 0.5677083333333334 0.033854166666666664 0.03125
1 0.5481770833333334 0.5794270833333334 0.0390625 0.046875
1 0.3216145833333333 0.6575520833333334 0.041666666666666664 0.0546875
1 0.41015625 0.625 0.0390625 0.0390625
1 0.421875 0.5416666666666666 0.033854166666666664 0.033854166666666664
1 0.45703125 0.5481770833333334 0.036458333333333336 0.057291666666666664
1 0.3424479166666667 0.30078125 0.0390625 0.041666666666666664
1 0.5716145833333334 0.27734375 0.041666666666666664 0.0546875
1 0.4895833333333333 0.3450520833333333 0.041666666666666664 0.052083333333333336