1 0.51171875 0.44921875 0.07552083333333333 0.049479166666666664
1 0.5833333333333334 0.4765625 0.041666666666666664 0.049479166666666664
1 0.46875 0.4583333333333333 0.06770833333333333 0.049479166666666664
1 0.4986979166666667 0.4908854166666667 0.052083333333333336 0.0625
1 0.5377604166666666 0.5325520833333334 0.08333333333333333 0.0390625
1 0.4388020833333333 0.5416666666666666 0.0703125 0.0546875
1 0.5221354166666666 0.5 0.052083333333333336 0.049479166666666664
1 0.4244791666666667 0.4830729166666667 0.08072916666666667 0.03125
1 0.5885416666666666 0.51953125 0.044270833333333336 0.06510416666666667
1 0.4661458333333333 0.5 0.057291666666666664 0.0546875
1 0.4596354166666667 0.51953125 0.057291666666666664 0.0546875
1 0.55859375 0.4427083333333333 0.049479166666666664 0.0625
1 0.5533854166666666 0.5 0.041666666666666664 0.0625