1 0.5143229166666666 0.55078125 0.07291666666666667 0.046875
1 0.5846354166666666 0.51953125 0.0390625 0.046875
1 0.4713541666666667 0.5442708333333334 0.06510416666666667 0.046875
1 0.5 0.5091145833333334 0.049479166666666664 0.0625
1 0.5364583333333334 0.4661458333333333 0.08072916666666667 0.036458333333333336
1 0.4361979166666667 0.4622395833333333 0.06770833333333333 0.052083333333333336
1 0.5221354166666666 0.4986979166666667 0.052083333333333336 0.046875
1 0.42578125 0.5208333333333334 0.078125 0.026041666666666668
1 0.5872395833333334 0.4765625 0.041666666666666664 0.0625
1 0.4661458333333333 0.5013020833333334 0.0546875 0.052083333333333336
1 0.4583333333333333 0.4830729166666667 0.0546875 0.052083333333333336
1 0.5611979166666666 0.5533854166666666 0.046875 0.0625
1 0.5533854166666666 0.4973958333333333 0.0390625 0.059895833333333336