1 0.60546875 0.73046875 0.059895833333333336 0.06510416666666667
1 0.4908854166666667 0.796875 0.052083333333333336 0.0625
1 0.20833333333333334 0.7083333333333334 0.0390625 0.0703125
1 0.171875 0.3736979166666667 0.049479166666666664 0.059895833333333336
1 0.76171875 0.19270833333333334 0.078125 0.09375
1 0.46484375 0.6315104166666666 0.057291666666666664 0.046875
1 0.90625 0.6067708333333334 0.0703125 0.06770833333333333
1 0.8046875 0.4752604166666667 0.049479166666666664 0.06510416666666667
1 0.4388020833333333 0.8203125 0.06770833333333333 0.07291666666666667
1 0.6888020833333334 0.3580729166666667 0.06770833333333333 0.09375
1 0.5364583333333334 0.7122395833333334 0.06770833333333333 0.06510416666666667
1 0.36328125 0.6731770833333334 0.06510416666666667 0.0859375
1 0.5182291666666666 0.421875 0.0546875 0.08072916666666667
1 0.25390625 0.5182291666666666 0.059895833333333336 0.08333333333333333
1 0.45703125 0.7786458333333334 0.052083333333333336 0.0546875
1 0.1796875 0.4479166666666667 0.059895833333333336 0.0546875
1 0.3619791666666667 0.4010416666666667 0.06770833333333333 0.0625
1 0.4908854166666667 0.2799479166666667 0.06510416666666667 0.06510416666666667
1 0.88671875 0.3619791666666667 0.0703125 0.0859375
1 0.8255208333333334 0.4778645833333333 0.033854166666666664 0.052083333333333336
1 0.3346354166666667 0.7955729166666666 0.0625 0.057291666666666664
1 0.8020833333333334 0.70703125 0.06510416666666667 0.06770833333333333
1 0.6940104166666666 0.2864583333333333 0.0625 0.07291666666666667
1 0.7018229166666666 0.71484375 0.0625 0.09114583333333333
1 0.6510416666666666 0.6184895833333334 0.0625 0.08854166666666667
1 0.6223958333333334 0.6497395833333334 0.059895833333333336 0.0703125
1 0.4322916666666667 0.61328125 0.0625 0.06770833333333333
1 0.49609375 0.5546875 0.0546875 0.0625
1 0.5598958333333334 0.4973958333333333 0.0625 0.0625
1 0.2630208333333333 0.4661458333333333 0.057291666666666664 0.07291666666666667
1 0.18359375 0.33984375 0.0546875 0.08072916666666667
1 0.4609375 0.3072916666666667 0.049479166666666664 0.0859375
1 0.60546875 0.9140625 0.0625 0.078125
1 0.4375 0.06380208333333333 0.0703125 0.08072916666666667
1 0.41015625 0.17708333333333334 0.044270833333333336 0.049479166666666664
1 0.6328125 0.3763020833333333 0.0625 0.057291666666666664
1 0.6171875 0.3294270833333333 0.041666666666666664 0.059895833333333336
1 0.5690104166666666 0.546875 0.08072916666666667 0.08072916666666667
1 0.9635416666666666 0.4544270833333333 0.041666666666666664 0.06510416666666667
1 0.8333333333333334 0.5572916666666666 0.0625 0.057291666666666664
1 0.7044270833333334 0.5598958333333334 0.06770833333333333 0.06770833333333333
1 0.77734375 0.5872395833333334 0.046875 0.041666666666666664
1 0.94140625 0.515625 0.0703125 0.08333333333333333
1 0.7565104166666666 0.4609375 0.059895833333333336 0.09375
1 0.4296875 0.55859375 0.0546875 0.07291666666666667
1 0.4661458333333333 0.4270833333333333 0.057291666666666664 0.06770833333333333
1 0.8893229166666666 0.4114583333333333 0.0546875 0.0546875
1 0.828125 0.46484375 0.0390625 0.0546875
1 0.625 0.4661458333333333 0.0546875 0.07552083333333333
1 0.7369791666666666 0.8880208333333334 0.07291666666666667 0.0625
1 0.5833333333333334 0.6809895833333334 0.06770833333333333 0.08072916666666667
1 0.30078125 0.7565104166666666 0.059895833333333336 0.07552083333333333
1 0.2916666666666667 0.3372395833333333 0.057291666666666664 0.09114583333333333
1 0.28125 0.421875 0.0625 0.07552083333333333
1 0.7486979166666666 0.8385416666666666 0.057291666666666664 0.0625
1 0.50390625 0.7604166666666666 0.0703125 0.08072916666666667
1 0.6184895833333334 0.15885416666666666 0.06510416666666667 0.09114583333333333
1 0.5755208333333334 0.9427083333333334 0.059895833333333336 0.057291666666666664
1 0.7265625 0.77734375 0.052083333333333336 0.08333333333333333
1 0.18489583333333334 0.5234375 0.044270833333333336 0.07291666666666667
1 0.6145833333333334 0.48046875 0.059895833333333336 0.0703125
1 0.7825520833333334 0.6223958333333334 0.0546875 0.049479166666666664
1 0.9453125 0.796875 0.078125 0.06770833333333333
1 0.23697916666666666 0.30078125 0.0703125 0.09375
1 0.2513020833333333 0.6080729166666666 0.059895833333333336 0.078125
1 0.59765625 0.3411458333333333 0.049479166666666664 0.0625
1 0.4765625 0.4934895833333333 0.07291666666666667 0.0703125
1 0.4856770833333333 0.3138020833333333 0.0546875 0.059895833333333336
1 0.640625 0.23307291666666666 0.0625 0.046875