1 0.34765625 0.50390625 0.020833333333333332 0.028645833333333332
1 0.53125 0.5729166666666666 0.028645833333333332 0.0390625
1 0.17708333333333334 0.7486979166666666 0.020833333333333332 0.028645833333333332
1 0.23046875 0.54296875 0.028645833333333332 0.033854166666666664
1 0.09765625 0.21744791666666666 0.0234375 0.0234375
1 0.5625 0.203125 0.0234375 0.026041666666666668
1 0.6119791666666666 0.4205729166666667 0.0234375 0.015625
1 0.44921875 0.7434895833333334 0.0234375 0.036458333333333336
1 0.8059895833333334 0.4700520833333333 0.010416666666666666 0.033854166666666664
1 0.7682291666666666 0.5234375 0.013020833333333334 0.036458333333333336
1 0.2526041666666667 0.9361979166666666 0.020833333333333332 0.03125
1 0.6171875 0.45703125 0.020833333333333332 0.028645833333333332
1 0.8307291666666666 0.7786458333333334 0.028645833333333332 0.0390625
1 0.4114583333333333 0.23177083333333334 0.013020833333333334 0.03125
1 0.6171875 0.12630208333333334 0.026041666666666668 0.046875
1 0.546875 0.0703125 0.018229166666666668 0.036458333333333336
1 0.5325520833333334 0.44921875 0.020833333333333332 0.03125
1 0.5377604166666666 0.8033854166666666 0.020833333333333332 0.033854166666666664
1 0.4921875 0.82421875 0.018229166666666668 0.0234375
1 0.5963541666666666 0.7955729166666666 0.0234375 0.049479166666666664
1 0.609375 0.4713541666666667 0.010416666666666666 0.033854166666666664
1 0.3424479166666667 0.9192708333333334 0.0234375 0.033854166666666664
1 0.5221354166666666 0.9361979166666666 0.0234375 0.018229166666666668
1 0.7955729166666666 0.53515625 0.0234375 0.033854166666666664
1 0.421875 0.7161458333333334 0.013020833333333334 0.0234375
1 0.6666666666666666 0.5299479166666666 0.0234375 0.036458333333333336
1 0.3971354166666667 0.6328125 0.026041666666666668 0.026041666666666668
1 0.4296875 0.7096354166666666 0.010416666666666666 0.044270833333333336
1 0.22916666666666666 0.7578125 0.018229166666666668 0.018229166666666668
1 0.5143229166666666 0.08854166666666667 0.020833333333333332 0.03125
1 0.8580729166666666 0.109375 0.026041666666666668 0.020833333333333332
1 0.8098958333333334 0.5052083333333334 0.028645833333333332 0.028645833333333332
1 0.5872395833333334 0.8216145833333334 0.03125 0.0234375
1 0.4908854166666667 0.6796875 0.020833333333333332 0.028645833333333332
1 0.3216145833333333 0.640625 0.020833333333333332 0.020833333333333332
1 0.55078125 0.4908854166666667 0.028645833333333332 0.03125
1 0.40625 0.5078125 0.020833333333333332 0.015625
1 0.3528645833333333 0.58984375 0.013020833333333334 0.0234375
1 0.7447916666666666 0.5625 0.0234375 0.046875
1 0.7916666666666666 0.4505208333333333 0.0390625 0.010416666666666666
1 0.13151041666666666 0.4140625 0.026041666666666668 0.028645833333333332
1 0.546875 0.3606770833333333 0.018229166666666668 0.033854166666666664
1 0.46875 0.9869791666666666 0.028645833333333332 0.026041666666666668
1 0.041666666666666664 0.5859375 0.015625 0.0234375
1 0.08203125 0.5755208333333334 0.010416666666666666 0.028645833333333332
1 0.8151041666666666 0.42578125 0.03125 0.033854166666666664
1 0.6640625 0.4752604166666667 0.0390625 0.018229166666666668
1 0.01171875 0.4518229166666667 0.020833333333333332 0.018229166666666668
1 0.3268229166666667 0.3997395833333333 0.0234375 0.020833333333333332
1 0.4908854166666667 0.8111979166666666 0.013020833333333334 0.028645833333333332
1 0.4205729166666667 0.4895833333333333 0.028645833333333332 0.018229166666666668
1 0.3763020833333333 0.515625 0.013020833333333334 0.033854166666666664
1 0.87890625 0.8359375 0.015625 0.041666666666666664
1 0.4192708333333333 0.4752604166666667 0.036458333333333336 0.020833333333333332
1 0.4010416666666667 0.3059895833333333 0.020833333333333332 0.028645833333333332
1 0.6276041666666666 0.3841145833333333 0.028645833333333332 0.028645833333333332
1 0.6145833333333334 0.20442708333333334 0.028645833333333332 0.026041666666666668
1 0.4674479166666667 0.609375 0.015625 0.033854166666666664
1 0.11588541666666667 0.8984375 0.026041666666666668 0.03125
1 0.08723958333333333 0.5690104166666666 0.010416666666666666 0.028645833333333332
1 0.375 0.18619791666666666 0.018229166666666668 0.013020833333333334
1 0.3763020833333333 0.64453125 0.020833333333333332 0.026041666666666668
1 0.3984375 0.4986979166666667 0.018229166666666668 0.028645833333333332
1 0.6276041666666666 0.4348958333333333 0.018229166666666668 0.03125
1 0.5494791666666666 0.20182291666666666 0.013020833333333334 0.028645833333333332
1 0.9049479166666666 0.12760416666666666 0.026041666666666668 0.013020833333333334
1 0.51171875 0.7434895833333334 0.015625 0.03125
1 0.5546875 0.9388020833333334 0.026041666666666668 0.03125
1 0.3854166666666667 0.4895833333333333 0.015625 0.026041666666666668
1 0.13541666666666666 0.8489583333333334 0.010416666666666666 0.028645833333333332
1 0.828125 0.51171875 0.033854166666666664 0.015625
1 0.09505208333333333 0.23307291666666666 0.028645833333333332 0.018229166666666668
1 0.059895833333333336 0.3190104166666667 0.010416666666666666 0.028645833333333332