1 0.6341145833333334 0.5104166666666666 0.049479166666666664 0.06510416666666667
1 0.9596354166666666 0.34375 0.059895833333333336 0.052083333333333336
1 0.8658854166666666 0.375 0.041666666666666664 0.06770833333333333
1 0.4088541666666667 0.28515625 0.052083333333333336 0.0703125
1 0.5455729166666666 0.21744791666666666 0.052083333333333336 0.046875
1 0.4609375 0.7044270833333334 0.0625 0.052083333333333336
1 0.9309895833333334 0.42578125 0.049479166666666664 0.057291666666666664
1 0.8203125 0.3671875 0.041666666666666664 0.057291666666666664
1 0.7083333333333334 0.5442708333333334 0.057291666666666664 0.0703125
1 0.4075520833333333 0.4596354166666667 0.046875 0.06770833333333333
1 0.6354166666666666 0.4895833333333333 0.033854166666666664 0.049479166666666664