1 0.5598958333333334 0.71875 0.07552083333333333 0.06770833333333333
1 0.24739583333333334 0.3059895833333333 0.11197916666666667 0.078125
1 0.44140625 0.55859375 0.09895833333333333 0.07552083333333333
1 0.24348958333333334 0.2799479166666667 0.11979166666666667 0.078125
1 0.5234375 0.5690104166666666 0.125 0.10416666666666667
1 0.38671875 0.3671875 0.09895833333333333 0.08854166666666667
1 0.4231770833333333 0.5013020833333334 0.1015625 0.09635416666666667
1 0.53515625 0.75 0.10416666666666667 0.09635416666666667
1 0.4231770833333333 0.38671875 0.10677083333333333 0.0859375
1 0.578125 0.6940104166666666 0.12760416666666666 0.0859375
1 0.36328125 0.34765625 0.0625 0.0625
1 0.4791666666666667 0.49609375 0.09895833333333333 0.109375
1 0.5130208333333334 0.6861979166666666 0.13802083333333334 0.12760416666666666
1 0.62890625 0.69140625 0.08333333333333333 0.057291666666666664
1 0.24479166666666666 0.3489583333333333 0.11197916666666667 0.0859375
1 0.53515625 0.6315104166666666 0.08072916666666667 0.0859375
1 0.3697916666666667 0.4192708333333333 0.1328125 0.10416666666666667
1 0.3111979166666667 0.3736979166666667 0.10416666666666667 0.09114583333333333
1 0.56640625 0.6276041666666666 0.125 0.10416666666666667
1 0.5859375 0.6028645833333334 0.08854166666666667 0.0703125