1 0.5559895833333334 0.5104166666666666 0.013020833333333334 0.015625
1 0.5247395833333334 0.5234375 0.010416666666666666 0.013020833333333334
1 0.5234375 0.4856770833333333 0.013020833333333334 0.018229166666666668
1 0.5299479166666666 0.55859375 0.013020833333333334 0.010416666666666666
1 0.515625 0.4348958333333333 0.015625 0.020833333333333332
1 0.51953125 0.5026041666666666 0.010416666666666666 0.010416666666666666
1 0.5221354166666666 0.5481770833333334 0.010416666666666666 0.015625
1 0.6380208333333334 0.5572916666666666 0.015625 0.010416666666666666
1 0.5130208333333334 0.4856770833333333 0.013020833333333334 0.013020833333333334
1 0.5078125 0.5169270833333334 0.010416666666666666 0.010416666666666666
1 0.50390625 0.5130208333333334 0.010416666666666666 0.013020833333333334
1 0.5130208333333334 0.5989583333333334 0.015625 0.015625
1 0.5299479166666666 0.53125 0.010416666666666666 0.010416666666666666
1 0.5221354166666666 0.6223958333333334 0.013020833333333334 0.010416666666666666
1 0.5625 0.5533854166666666 0.013020833333333334 0.015625
1 0.5299479166666666 0.51171875 0.010416666666666666 0.015625
1 0.5104166666666666 0.55859375 0.013020833333333334 0.013020833333333334
1 0.53125 0.5013020833333334 0.013020833333333334 0.010416666666666666
1 0.51171875 0.55078125 0.010416666666666666 0.013020833333333334
1 0.5130208333333334 0.58984375 0.010416666666666666 0.0078125
1 0.5169270833333334 0.5546875 0.0078125 0.013020833333333334
1 0.4609375 0.5221354166666666 0.013020833333333334 0.013020833333333334
1 0.50390625 0.56640625 0.015625 0.018229166666666668
1 0.5 0.5846354166666666 0.010416666666666666 0.015625
1 0.5091145833333334 0.5052083333333334 0.0078125 0.010416666666666666
1 0.5078125 0.578125 0.010416666666666666 0.010416666666666666