1 0.2955729166666667 0.3229166666666667 0.1015625 0.059895833333333336
1 0.4453125 0.3268229166666667 0.09895833333333333 0.08854166666666667
1 0.328125 0.2981770833333333 0.109375 0.06510416666666667
1 0.14322916666666666 0.49609375 0.08333333333333333 0.09114583333333333
1 0.23828125 0.40234375 0.11979166666666667 0.07291666666666667
1 0.3671875 0.59765625 0.09375 0.06770833333333333
1 0.4140625 0.3828125 0.11197916666666667 0.09635416666666667
1 0.5065104166666666 0.4401041666666667 0.11197916666666667 0.10677083333333333
1 0.19921875 0.6875 0.10416666666666667 0.078125
1 0.7317708333333334 0.5638020833333334 0.10416666666666667 0.109375
1 0.3294270833333333 0.3971354166666667 0.07552083333333333 0.0859375
1 0.18489583333333334 0.5638020833333334 0.07291666666666667 0.09375
1 0.3098958333333333 0.4778645833333333 0.10677083333333333 0.0859375
1 0.3580729166666667 0.3411458333333333 0.11458333333333333 0.07552083333333333
1 0.14322916666666666 0.70703125 0.07291666666666667 0.1171875
1 0.5169270833333334 0.3255208333333333 0.078125 0.1171875
1 0.20572916666666666 0.75390625 0.07291666666666667 0.09635416666666667
1 0.265625 0.5546875 0.13020833333333334 0.0859375
1 0.2565104166666667 0.5963541666666666 0.11458333333333333 0.0546875
1 0.11328125 0.6419270833333334 0.08072916666666667 0.09375
1 0.14453125 0.60546875 0.07291666666666667 0.09375