1 0.5559895833333334 0.3932291666666667 0.018229166666666668 0.0390625
1 0.5143229166666666 0.4778645833333333 0.010416666666666666 0.0234375
1 0.5390625 0.421875 0.020833333333333332 0.018229166666666668
1 0.5221354166666666 0.3984375 0.010416666666666666 0.015625
1 0.5013020833333334 0.53125 0.018229166666666668 0.036458333333333336
1 0.41796875 0.4791666666666667 0.026041666666666668 0.03125
1 0.4830729166666667 0.5260416666666666 0.013020833333333334 0.028645833333333332
1 0.4791666666666667 0.4596354166666667 0.018229166666666668 0.03125
1 0.5104166666666666 0.4427083333333333 0.0234375 0.020833333333333332
1 0.453125 0.5325520833333334 0.0234375 0.028645833333333332
1 0.5768229166666666 0.37890625 0.020833333333333332 0.03125
1 0.5520833333333334 0.3671875 0.03125 0.015625
1 0.55859375 0.5078125 0.033854166666666664 0.026041666666666668
1 0.5104166666666666 0.4947916666666667 0.0234375 0.028645833333333332
1 0.5572916666666666 0.41015625 0.015625 0.028645833333333332
1 0.5013020833333334 0.39453125 0.020833333333333332 0.03125
1 0.484375 0.49609375 0.026041666666666668 0.0390625
1 0.44140625 0.4283854166666667 0.015625 0.0234375
1 0.4752604166666667 0.5455729166666666 0.026041666666666668 0.013020833333333334
1 0.5481770833333334 0.43359375 0.0234375 0.0234375
1 0.5690104166666666 0.4309895833333333 0.026041666666666668 0.033854166666666664
1 0.5247395833333334 0.4609375 0.033854166666666664 0.026041666666666668
1 0.5130208333333334 0.4557291666666667 0.026041666666666668 0.03125
1 0.4778645833333333 0.4166666666666667 0.0234375 0.036458333333333336
1 0.4283854166666667 0.5338541666666666 0.026041666666666668 0.015625
1 0.4921875 0.41796875 0.018229166666666668 0.0390625
1 0.5052083333333334 0.4830729166666667 0.018229166666666668 0.036458333333333336
1 0.4947916666666667 0.5221354166666666 0.015625 0.036458333333333336
1 0.4361979166666667 0.5143229166666666 0.026041666666666668 0.03125
1 0.515625 0.4205729166666667 0.018229166666666668 0.015625
1 0.45703125 0.4296875 0.028645833333333332 0.036458333333333336
1 0.52734375 0.48828125 0.015625 0.03125
1 0.5455729166666666 0.4479166666666667 0.028645833333333332 0.018229166666666668
1 0.47265625 0.5234375 0.026041666666666668 0.028645833333333332
1 0.5651041666666666 0.48046875 0.020833333333333332 0.036458333333333336
1 0.4518229166666667 0.5013020833333334 0.028645833333333332 0.036458333333333336
1 0.5481770833333334 0.4713541666666667 0.026041666666666668 0.026041666666666668
1 0.4947916666666667 0.4674479166666667 0.015625 0.033854166666666664
1 0.52734375 0.4075520833333333 0.018229166666666668 0.033854166666666664
1 0.5455729166666666 0.39453125 0.015625 0.028645833333333332
1 0.5677083333333334 0.4153645833333333 0.015625 0.033854166666666664