1 0.6927083333333334 0.3671875 0.0625 0.078125
1 0.6510416666666666 0.4166666666666667 0.07291666666666667 0.08072916666666667
1 0.7513020833333334 0.359375 0.0703125 0.0625
1 0.6119791666666666 0.47265625 0.06510416666666667 0.07291666666666667
1 0.7265625 0.4700520833333333 0.06510416666666667 0.07552083333333333
1 0.7591145833333334 0.4049479166666667 0.06510416666666667 0.057291666666666664
1 0.6848958333333334 0.4947916666666667 0.059895833333333336 0.07291666666666667
1 0.4895833333333333 0.5026041666666666 0.059895833333333336 0.08854166666666667
1 0.84375 0.5390625 0.078125 0.09114583333333333
1 0.86328125 0.5 0.0703125 0.08072916666666667
1 0.7408854166666666 0.31640625 0.07552083333333333 0.08072916666666667
1 0.8046875 0.328125 0.08072916666666667 0.0703125
1 0.65625 0.4908854166666667 0.06770833333333333 0.08854166666666667