1 0.671875 0.4010416666666667 0.049479166666666664 0.057291666666666664
1 0.9088541666666666 0.53515625 0.052083333333333336 0.06770833333333333
1 0.4661458333333333 0.2747395833333333 0.052083333333333336 0.08333333333333333
1 0.6536458333333334 0.4388020833333333 0.0625 0.078125
1 0.5481770833333334 0.4309895833333333 0.041666666666666664 0.06510416666666667
1 0.9049479166666666 0.3684895833333333 0.049479166666666664 0.057291666666666664
1 0.4140625 0.16666666666666666 0.044270833333333336 0.057291666666666664
1 0.6302083333333334 0.5078125 0.06510416666666667 0.06770833333333333
1 0.5377604166666666 0.06380208333333333 0.06510416666666667 0.06510416666666667
1 0.9544270833333334 0.4049479166666667 0.06510416666666667 0.07291666666666667
1 0.5690104166666666 0.4088541666666667 0.059895833333333336 0.07552083333333333
1 0.5208333333333334 0.3776041666666667 0.036458333333333336 0.0546875
1 0.7122395833333334 0.3268229166666667 0.046875 0.057291666666666664
1 0.4140625 0.0703125 0.0546875 0.06770833333333333
1 0.9244791666666666 0.5013020833333334 0.046875 0.057291666666666664
1 0.5052083333333334 0.42578125 0.044270833333333336 0.0625
1 0.7083333333333334 0.13541666666666666 0.046875 0.052083333333333336
1 0.8802083333333334 0.4322916666666667 0.052083333333333336 0.057291666666666664
1 0.6080729166666666 0.01953125 0.059895833333333336 0.0390625
1 0.4947916666666667 0.2786458333333333 0.044270833333333336 0.0625
1 0.4401041666666667 0.22005208333333334 0.041666666666666664 0.052083333333333336
1 0.6783854166666666 0.4309895833333333 0.0546875 0.06770833333333333
1 0.6276041666666666 0.5807291666666666 0.0546875 0.078125
1 0.4505208333333333 0.16276041666666666 0.046875 0.059895833333333336
1 0.5638020833333334 0.12890625 0.052083333333333336 0.07291666666666667
1 0.5338541666666666 0.0859375 0.052083333333333336 0.046875
1 0.6627604166666666 0.546875 0.0546875 0.078125
1 0.5091145833333334 0.19401041666666666 0.059895833333333336 0.0546875
1 0.5885416666666666 0.4453125 0.0390625 0.049479166666666664
1 0.5859375 0.5091145833333334 0.036458333333333336 0.044270833333333336
1 0.625 0.484375 0.049479166666666664 0.0546875
1 0.8671875 0.5052083333333334 0.052083333333333336 0.059895833333333336
1 0.64453125 0.6549479166666666 0.049479166666666664 0.052083333333333336
1 0.6783854166666666 0.50390625 0.049479166666666664 0.057291666666666664
1 0.5390625 0.32421875 0.049479166666666664 0.057291666666666664
1 0.5963541666666666 0.38671875 0.03125 0.033854166666666664
1 0.5416666666666666 0.12630208333333334 0.0546875 0.059895833333333336
1 0.65234375 0.3411458333333333 0.041666666666666664 0.036458333333333336
1 0.9700520833333334 0.359375 0.044270833333333336 0.06770833333333333
1 0.3841145833333333 0.08463541666666667 0.044270833333333336 0.036458333333333336
1 0.9375 0.3033854166666667 0.0546875 0.0703125
1 0.58203125 0.4791666666666667 0.044270833333333336 0.07291666666666667
1 0.68359375 0.3138020833333333 0.052083333333333336 0.049479166666666664
1 0.7395833333333334 0.09635416666666667 0.03125 0.036458333333333336
1 0.8359375 0.13411458333333334 0.06770833333333333 0.07291666666666667
1 0.8072916666666666 0.5377604166666666 0.044270833333333336 0.07291666666666667