1 0.6028645833333334 0.4296875 0.1015625 0.12760416666666666
1 0.6497395833333334 0.4440104166666667 0.08072916666666667 0.125
1 0.5052083333333334 0.2799479166666667 0.052083333333333336 0.041666666666666664
1 0.4986979166666667 0.6979166666666666 0.078125 0.11979166666666667
1 0.58984375 0.5807291666666666 0.1171875 0.10416666666666667
1 0.7096354166666666 0.3645833333333333 0.08854166666666667 0.13541666666666666
1 0.6731770833333334 0.5 0.11458333333333333 0.14583333333333334
1 0.5794270833333334 0.6432291666666666 0.109375 0.10677083333333333
1 0.5221354166666666 0.51171875 0.11458333333333333 0.13020833333333334
1 0.5807291666666666 0.5325520833333334 0.07291666666666667 0.09114583333333333
1 0.4856770833333333 0.3684895833333333 0.11979166666666667 0.14583333333333334
1 0.7825520833333334 0.2981770833333333 0.049479166666666664 0.07552083333333333