1 0.6510416666666666 0.4088541666666667 0.028645833333333332 0.052083333333333336
1 0.5703125 0.3450520833333333 0.026041666666666668 0.049479166666666664
1 0.5651041666666666 0.2955729166666667 0.03125 0.03125
1 0.53515625 0.3411458333333333 0.026041666666666668 0.049479166666666664
1 0.5104166666666666 0.3294270833333333 0.026041666666666668 0.0234375
1 0.48828125 0.23307291666666666 0.020833333333333332 0.052083333333333336
1 0.4921875 0.20963541666666666 0.0234375 0.041666666666666664
1 0.4388020833333333 0.2708333333333333 0.0234375 0.03125
1 0.42578125 0.3541666666666667 0.033854166666666664 0.036458333333333336
1 0.4049479166666667 0.3346354166666667 0.0234375 0.0546875
1 0.33984375 0.3658854166666667 0.026041666666666668 0.044270833333333336
1 0.4153645833333333 0.48828125 0.028645833333333332 0.033854166666666664
1 0.4817708333333333 0.5651041666666666 0.0234375 0.0390625
1 0.5416666666666666 0.421875 0.026041666666666668 0.041666666666666664
1 0.5013020833333334 0.4479166666666667 0.026041666666666668 0.03125
1 0.5104166666666666 0.4348958333333333 0.028645833333333332 0.049479166666666664
1 0.4908854166666667 0.3736979166666667 0.020833333333333332 0.041666666666666664
1 0.4817708333333333 0.4127604166666667 0.0234375 0.033854166666666664
1 0.4661458333333333 0.4361979166666667 0.020833333333333332 0.044270833333333336
1 0.4752604166666667 0.5130208333333334 0.026041666666666668 0.044270833333333336
1 0.5677083333333334 0.6197916666666666 0.028645833333333332 0.041666666666666664
1 0.4986979166666667 0.7526041666666666 0.028645833333333332 0.0234375
1 0.609375 0.66796875 0.028645833333333332 0.033854166666666664
1 0.3658854166666667 0.7669270833333334 0.026041666666666668 0.0390625
1 0.51953125 0.140625 0.026041666666666668 0.036458333333333336
1 0.4557291666666667 0.12109375 0.0234375 0.049479166666666664
1 0.609375 0.4192708333333333 0.020833333333333332 0.049479166666666664
1 0.65234375 0.6236979166666666 0.028645833333333332 0.028645833333333332
1 0.6080729166666666 0.5078125 0.028645833333333332 0.028645833333333332
1 0.6458333333333334 0.4869791666666667 0.0234375 0.044270833333333336
1 0.56640625 0.33203125 0.03125 0.028645833333333332
1 0.5716145833333334 0.24869791666666666 0.03125 0.036458333333333336
1 0.50390625 0.2942708333333333 0.0234375 0.0390625
1 0.46875 0.23567708333333334 0.03125 0.036458333333333336
1 0.4361979166666667 0.3033854166666667 0.0234375 0.052083333333333336
1 0.4166666666666667 0.3294270833333333 0.020833333333333332 0.046875
1 0.3619791666666667 0.50390625 0.033854166666666664 0.044270833333333336
1 0.37890625 0.65625 0.020833333333333332 0.049479166666666664
1 0.4231770833333333 0.6796875 0.028645833333333332 0.033854166666666664
1 0.45703125 0.5611979166666666 0.028645833333333332 0.033854166666666664
1 0.5846354166666666 0.4427083333333333 0.028645833333333332 0.03125
1 0.54296875 0.4778645833333333 0.026041666666666668 0.020833333333333332
1 0.546875 0.5325520833333334 0.026041666666666668 0.041666666666666664
1 0.5026041666666666 0.3828125 0.026041666666666668 0.044270833333333336
1 0.5416666666666666 0.5690104166666666 0.0234375 0.041666666666666664
1 0.5364583333333334 0.54296875 0.018229166666666668 0.028645833333333332
1 0.4869791666666667 0.5989583333333334 0.03125 0.033854166666666664
1 0.4700520833333333 0.6080729166666666 0.0234375 0.046875
1 0.515625 0.6575520833333334 0.026041666666666668 0.0390625
1 0.5455729166666666 0.67578125 0.020833333333333332 0.044270833333333336
1 0.5143229166666666 0.7135416666666666 0.028645833333333332 0.046875
1 0.6197916666666666 0.6510416666666666 0.026041666666666668 0.03125
1 0.4856770833333333 0.28125 0.028645833333333332 0.0390625
1 0.5325520833333334 0.5651041666666666 0.0234375 0.049479166666666664
1 0.4700520833333333 0.4752604166666667 0.03125 0.036458333333333336
1 0.6731770833333334 0.5950520833333334 0.0234375 0.052083333333333336
1 0.6809895833333334 0.5494791666666666 0.03125 0.041666666666666664
1 0.6731770833333334 0.5143229166666666 0.0234375 0.049479166666666664
1 0.6067708333333334 0.4518229166666667 0.033854166666666664 0.033854166666666664
1 0.60546875 0.3203125 0.028645833333333332 0.049479166666666664
1 0.53125 0.30078125 0.036458333333333336 0.028645833333333332
1 0.4869791666666667 0.2994791666666667 0.03125 0.020833333333333332
1 0.4140625 0.4661458333333333 0.03125 0.03125
1 0.3893229166666667 0.4908854166666667 0.0234375 0.03125
1 0.421875 0.6380208333333334 0.018229166666666668 0.044270833333333336
1 0.5807291666666666 0.5078125 0.026041666666666668 0.026041666666666668
1 0.5364583333333334 0.5013020833333334 0.018229166666666668 0.046875
1 0.5221354166666666 0.4010416666666667 0.026041666666666668 0.0390625
1 0.484375 0.3815104166666667 0.018229166666666668 0.044270833333333336
1 0.4270833333333333 0.41015625 0.028645833333333332 0.046875
1 0.4361979166666667 0.4283854166666667 0.020833333333333332 0.036458333333333336
1 0.5286458333333334 0.609375 0.028645833333333332 0.0234375
1 0.5299479166666666 0.6536458333333334 0.028645833333333332 0.044270833333333336
1 0.65625 0.70703125 0.03125 0.033854166666666664
1 0.47265625 0.16666666666666666 0.018229166666666668 0.041666666666666664
1 0.5 0.2630208333333333 0.033854166666666664 0.033854166666666664
1 0.5950520833333334 0.3880208333333333 0.0234375 0.046875
1 0.6731770833333334 0.5807291666666666 0.036458333333333336 0.036458333333333336
1 0.7005208333333334 0.60546875 0.028645833333333332 0.049479166666666664
1 0.38671875 0.3723958333333333 0.026041666666666668 0.036458333333333336
1 0.4739583333333333 0.3177083333333333 0.03125 0.046875
1 0.6236979166666666 0.4518229166666667 0.026041666666666668 0.0234375
1 0.6315104166666666 0.3255208333333333 0.028645833333333332 0.026041666666666668
1 0.44921875 0.2669270833333333 0.0234375 0.044270833333333336
1 0.33984375 0.5221354166666666 0.036458333333333336 0.044270833333333336
1 0.4583333333333333 0.5455729166666666 0.03125 0.028645833333333332
1 0.5611979166666666 0.4231770833333333 0.026041666666666668 0.044270833333333336
1 0.515625 0.3684895833333333 0.020833333333333332 0.052083333333333336
1 0.5143229166666666 0.4921875 0.041666666666666664 0.033854166666666664
1 0.5221354166666666 0.515625 0.026041666666666668 0.033854166666666664
1 0.5026041666666666 0.5338541666666666 0.0234375 0.0390625
1 0.44140625 0.47265625 0.03125 0.036458333333333336
1 0.4947916666666667 0.67578125 0.028645833333333332 0.033854166666666664
1 0.4739583333333333 0.14453125 0.020833333333333332 0.0390625
1 0.5325520833333334 0.19921875 0.0234375 0.046875
1 0.5533854166666666 0.19140625 0.0234375 0.036458333333333336
1 0.4973958333333333 0.3177083333333333 0.028645833333333332 0.03125
1 0.484375 0.3268229166666667 0.026041666666666668 0.033854166666666664
1 0.5221354166666666 0.453125 0.03125 0.033854166666666664
1 0.7317708333333334 0.5807291666666666 0.020833333333333332 0.052083333333333336
1 0.66796875 0.61328125 0.026041666666666668 0.0390625
1 0.58984375 0.4036458333333333 0.026041666666666668 0.0546875
1 0.609375 0.375 0.026041666666666668 0.0390625
1 0.5638020833333334 0.3736979166666667 0.028645833333333332 0.049479166666666664
1 0.5963541666666666 0.19921875 0.028645833333333332 0.052083333333333336
1 0.5546875 0.23567708333333334 0.03125 0.028645833333333332
1 0.4036458333333333 0.38671875 0.020833333333333332 0.046875
1 0.41015625 0.5 0.0234375 0.041666666666666664
1 0.4127604166666667 0.65234375 0.0234375 0.0546875
1 0.5559895833333334 0.4830729166666667 0.028645833333333332 0.03125
1 0.53515625 0.4375 0.0234375 0.0234375
1 0.45703125 0.4309895833333333 0.018229166666666668 0.0390625
1 0.4192708333333333 0.4388020833333333 0.03125 0.044270833333333336
1 0.57421875 0.5833333333333334 0.020833333333333332 0.046875
1 0.5364583333333334 0.69921875 0.0234375 0.059895833333333336
1 0.3567708333333333 0.7890625 0.020833333333333332 0.049479166666666664
1 0.5377604166666666 0.17447916666666666 0.018229166666666668 0.046875
1 0.4622395833333333 0.1328125 0.020833333333333332 0.028645833333333332
1 0.5481770833333334 0.2890625 0.026041666666666668 0.052083333333333336
1 0.5625 0.30859375 0.028645833333333332 0.0390625
1 0.6510416666666666 0.5208333333333334 0.033854166666666664 0.052083333333333336
1 0.7018229166666666 0.6276041666666666 0.0234375 0.049479166666666664
1 0.68359375 0.6341145833333334 0.026041666666666668 0.036458333333333336
1 0.6575520833333334 0.5598958333333334 0.03125 0.036458333333333336
1 0.6276041666666666 0.4088541666666667 0.026041666666666668 0.041666666666666664
1 0.6028645833333334 0.34375 0.026041666666666668 0.044270833333333336
1 0.58984375 0.3346354166666667 0.026041666666666668 0.03125
1 0.56640625 0.27734375 0.020833333333333332 0.028645833333333332
1 0.5481770833333334 0.2643229166666667 0.033854166666666664 0.033854166666666664
1 0.4765625 0.3138020833333333 0.028645833333333332 0.0234375
1 0.3880208333333333 0.3880208333333333 0.033854166666666664 0.041666666666666664
1 0.3645833333333333 0.4544270833333333 0.03125 0.036458333333333336
1 0.37109375 0.5130208333333334 0.026041666666666668 0.026041666666666668
1 0.3984375 0.6627604166666666 0.020833333333333332 0.052083333333333336
1 0.5494791666666666 0.4622395833333333 0.026041666666666668 0.020833333333333332
1 0.48046875 0.3919270833333333 0.020833333333333332 0.0390625
1 0.46875 0.3854166666666667 0.020833333333333332 0.0390625
1 0.4544270833333333 0.390625 0.026041666666666668 0.044270833333333336
1 0.4817708333333333 0.45703125 0.026041666666666668 0.026041666666666668
1 0.4778645833333333 0.49609375 0.0234375 0.028645833333333332
1 0.5611979166666666 0.5859375 0.03125 0.0234375
1 0.4869791666666667 0.6419270833333334 0.026041666666666668 0.049479166666666664
1 0.61328125 0.7291666666666666 0.033854166666666664 0.028645833333333332
1 0.6614583333333334 0.5 0.026041666666666668 0.041666666666666664
1 0.6223958333333334 0.37109375 0.0234375 0.028645833333333332
1 0.5065104166666666 0.3971354166666667 0.028645833333333332 0.036458333333333336
1 0.625 0.5859375 0.028645833333333332 0.033854166666666664
1 0.5234375 0.2604166666666667 0.033854166666666664 0.044270833333333336
1 0.4765625 0.2526041666666667 0.03125 0.028645833333333332
1 0.3958333333333333 0.3606770833333333 0.033854166666666664 0.03125
1 0.39453125 0.45703125 0.0234375 0.046875
1 0.4153645833333333 0.57421875 0.0234375 0.046875
1 0.3515625 0.5442708333333334 0.033854166666666664 0.03125
1 0.5260416666666666 0.5638020833333334 0.0234375 0.049479166666666664
1 0.5390625 0.5963541666666666 0.028645833333333332 0.026041666666666668
1 0.55078125 0.6158854166666666 0.03125 0.0234375
1 0.5221354166666666 0.6419270833333334 0.018229166666666668 0.049479166666666664
1 0.59375 0.6549479166666666 0.028645833333333332 0.03125
1 0.46484375 0.16015625 0.018229166666666668 0.033854166666666664
1 0.546875 0.18229166666666666 0.0234375 0.044270833333333336
1 0.5065104166666666 0.46484375 0.026041666666666668 0.026041666666666668
1 0.53125 0.17838541666666666 0.020833333333333332 0.041666666666666664
1 0.5846354166666666 0.3059895833333333 0.028645833333333332 0.0390625
1 0.625 0.4205729166666667 0.026041666666666668 0.052083333333333336
1 0.6432291666666666 0.4453125 0.026041666666666668 0.044270833333333336
1 0.3997395833333333 0.5286458333333334 0.028645833333333332 0.046875
1 0.6536458333333334 0.45703125 0.0234375 0.046875
1 0.48046875 0.42578125 0.03125 0.033854166666666664
1 0.6614583333333334 0.57421875 0.03125 0.026041666666666668
1 0.59765625 0.4739583333333333 0.033854166666666664 0.033854166666666664
1 0.6614583333333334 0.46484375 0.0234375 0.046875
1 0.63671875 0.390625 0.026041666666666668 0.03125
1 0.5872395833333334 0.35546875 0.028645833333333332 0.044270833333333336
1 0.58203125 0.3671875 0.03125 0.026041666666666668
1 0.5325520833333334 0.23046875 0.033854166666666664 0.028645833333333332
1 0.5182291666666666 0.28125 0.028645833333333332 0.028645833333333332
1 0.44921875 0.3177083333333333 0.026041666666666668 0.044270833333333336
1 0.3854166666666667 0.4244791666666667 0.03125 0.03125
1 0.3880208333333333 0.5169270833333334 0.026041666666666668 0.041666666666666664
1 0.5611979166666666 0.5091145833333334 0.026041666666666668 0.036458333333333336
1 0.5221354166666666 0.4231770833333333 0.026041666666666668 0.026041666666666668
1 0.5143229166666666 0.5729166666666666 0.026041666666666668 0.046875
1 0.5768229166666666 0.62890625 0.020833333333333332 0.036458333333333336
1 0.4739583333333333 0.64453125 0.026041666666666668 0.026041666666666668
1 0.5026041666666666 0.6497395833333334 0.03125 0.0390625
1 0.546875 0.7421875 0.03125 0.046875
1 0.5481770833333334 0.7591145833333334 0.028645833333333332 0.046875
1 0.6471354166666666 0.33984375 0.026041666666666668 0.033854166666666664
1 0.5286458333333334 0.3658854166666667 0.03125 0.044270833333333336