0 0.16796875 0.37109375 0.12239583333333333 0.1484375
0 0.28125 0.6171875 0.1640625 0.15885416666666666
0 0.6809895833333334 0.37890625 0.15885416666666666 0.125
0 0.40234375 0.4140625 0.1953125 0.15364583333333334
0 0.5221354166666666 0.5026041666666666 0.1640625 0.20572916666666666
0 0.26953125 0.3958333333333333 0.13020833333333334 0.09375
0 0.2877604166666667 0.6940104166666666 0.16145833333333334 0.140625
0 0.6236979166666666 0.484375 0.1328125 0.16927083333333334
0 0.5299479166666666 0.2604166666666667 0.15104166666666666 0.15625
0 0.11197916666666667 0.5052083333333334 0.13541666666666666 0.19010416666666666
0 0.5169270833333334 0.3294270833333333 0.15625 0.1640625
0 0.4309895833333333 0.2799479166666667 0.11458333333333333 0.1953125
0 0.24088541666666666 0.5716145833333334 0.17447916666666666 0.23958333333333334
0 0.5950520833333334 0.66015625 0.171875 0.21875