1 0.5638020833333334 0.5611979166666666 0.028645833333333332 0.09114583333333333
1 0.5234375 0.5729166666666666 0.041666666666666664 0.0546875
1 0.4140625 0.3268229166666667 0.028645833333333332 0.10677083333333333
1 0.5143229166666666 0.734375 0.03125 0.08072916666666667
1 0.484375 0.6263020833333334 0.046875 0.0625
1 0.4791666666666667 0.5208333333333334 0.0234375 0.09375
1 0.53515625 0.44140625 0.0234375 0.08072916666666667
1 0.4921875 0.53515625 0.026041666666666668 0.10677083333333333
1 0.5052083333333334 0.67578125 0.015625 0.07552083333333333
1 0.5234375 0.59765625 0.028645833333333332 0.07291666666666667
1 0.5338541666666666 0.64453125 0.033854166666666664 0.06510416666666667
1 0.4348958333333333 0.5104166666666666 0.028645833333333332 0.052083333333333336
1 0.4661458333333333 0.703125 0.049479166666666664 0.046875