1 0.6822916666666666 0.62890625 0.07291666666666667 0.057291666666666664
1 0.6276041666666666 0.19791666666666666 0.0703125 0.0703125
1 0.6770833333333334 0.5234375 0.028645833333333332 0.033854166666666664
1 0.625 0.5325520833333334 0.0546875 0.049479166666666664
1 0.6315104166666666 0.6809895833333334 0.06770833333333333 0.08854166666666667
1 0.6614583333333334 0.54296875 0.07552083333333333 0.11197916666666667
1 0.4921875 0.2825520833333333 0.0625 0.09375
1 0.43359375 0.5559895833333334 0.046875 0.07552083333333333
1 0.5963541666666666 0.3502604166666667 0.049479166666666664 0.057291666666666664
1 0.4466145833333333 0.20833333333333334 0.06510416666666667 0.059895833333333336
1 0.61328125 0.3216145833333333 0.046875 0.06510416666666667
1 0.6236979166666666 0.3059895833333333 0.0390625 0.049479166666666664
1 0.4270833333333333 0.17708333333333334 0.07552083333333333 0.09635416666666667
1 0.5546875 0.18098958333333334 0.049479166666666664 0.06510416666666667
1 0.6393229166666666 0.5078125 0.06510416666666667 0.049479166666666664
1 0.4036458333333333 0.3619791666666667 0.057291666666666664 0.0390625
1 0.4049479166666667 0.22786458333333334 0.059895833333333336 0.08333333333333333
1 0.5963541666666666 0.20442708333333334 0.046875 0.08333333333333333
1 0.421875 0.3229166666666667 0.06510416666666667 0.0546875
1 0.45703125 0.3932291666666667 0.059895833333333336 0.052083333333333336
1 0.61328125 0.5625 0.046875 0.08854166666666667
1 0.5885416666666666 0.60546875 0.049479166666666664 0.08854166666666667
1 0.4752604166666667 0.6106770833333334 0.057291666666666664 0.0859375
1 0.71484375 0.24088541666666666 0.0546875 0.041666666666666664
1 0.6705729166666666 0.6861979166666666 0.06770833333333333 0.078125
1 0.6927083333333334 0.234375 0.06770833333333333 0.044270833333333336
1 0.5364583333333334 0.2838541666666667 0.049479166666666664 0.044270833333333336
1 0.6653645833333334 0.3046875 0.041666666666666664 0.0703125
1 0.7447916666666666 0.3515625 0.059895833333333336 0.052083333333333336
1 0.4361979166666667 0.1328125 0.07291666666666667 0.07291666666666667
1 0.69140625 0.265625 0.06770833333333333 0.044270833333333336
1 0.5078125 0.4244791666666667 0.036458333333333336 0.06510416666666667
1 0.6158854166666666 0.6263020833333334 0.049479166666666664 0.07552083333333333
1 0.3763020833333333 0.3385416666666667 0.052083333333333336 0.0703125
1 0.6171875 0.13671875 0.07291666666666667 0.09114583333333333
1 0.7330729166666666 0.3177083333333333 0.0703125 0.046875
1 0.8567708333333334 0.13411458333333334 0.078125 0.07552083333333333
1 0.7109375 0.5013020833333334 0.0546875 0.09375
1 0.6432291666666666 0.4309895833333333 0.052083333333333336 0.0390625
1 0.4322916666666667 0.2604166666666667 0.078125 0.07552083333333333
1 0.4466145833333333 0.34765625 0.052083333333333336 0.059895833333333336
1 0.5208333333333334 0.14453125 0.07552083333333333 0.078125
1 0.5885416666666666 0.5546875 0.041666666666666664 0.08072916666666667
1 0.7109375 0.1953125 0.06510416666666667 0.049479166666666664
1 0.3502604166666667 0.3450520833333333 0.033854166666666664 0.044270833333333336
1 0.4830729166666667 0.16536458333333334 0.06510416666666667 0.109375
1 0.5638020833333334 0.32421875 0.0703125 0.057291666666666664
1 0.7174479166666666 0.3971354166666667 0.052083333333333336 0.09375
1 0.6341145833333334 0.5651041666666666 0.044270833333333336 0.0546875
1 0.6783854166666666 0.59375 0.0625 0.0625
1 0.5794270833333334 0.23958333333333334 0.052083333333333336 0.0859375
1 0.7161458333333334 0.6393229166666666 0.0859375 0.0859375
1 0.4908854166666667 0.47265625 0.044270833333333336 0.07291666666666667
1 0.6484375 0.6171875 0.044270833333333336 0.078125
1 0.4752604166666667 0.4348958333333333 0.06770833333333333 0.078125
1 0.4739583333333333 0.3763020833333333 0.057291666666666664 0.057291666666666664
1 0.37890625 0.4166666666666667 0.06770833333333333 0.09635416666666667
1 0.4817708333333333 0.5026041666666666 0.0546875 0.08333333333333333
1 0.453125 0.4401041666666667 0.06510416666666667 0.0703125
1 0.6080729166666666 0.2669270833333333 0.06510416666666667 0.07291666666666667
1 0.578125 0.4192708333333333 0.078125 0.1015625
1 0.6184895833333334 0.7057291666666666 0.06770833333333333 0.0625
1 0.7330729166666666 0.26953125 0.0625 0.07291666666666667
1 0.36328125 0.296875 0.06510416666666667 0.044270833333333336
1 0.6432291666666666 0.26171875 0.06770833333333333 0.057291666666666664
1 0.5299479166666666 0.5611979166666666 0.044270833333333336 0.078125
1 0.5716145833333334 0.6393229166666666 0.036458333333333336 0.049479166666666664
1 0.65234375 0.3450520833333333 0.059895833333333336 0.08854166666666667
1 0.5325520833333334 0.375 0.049479166666666664 0.059895833333333336
1 0.6471354166666666 0.671875 0.026041666666666668 0.036458333333333336
1 0.6640625 0.4739583333333333 0.059895833333333336 0.049479166666666664
1 0.6875 0.3229166666666667 0.059895833333333336 0.1015625
1 0.5 0.60546875 0.06510416666666667 0.0859375
1 0.5169270833333334 0.3645833333333333 0.0703125 0.1015625
1 0.5091145833333334 0.4635416666666667 0.026041666666666668 0.052083333333333336
1 0.6848958333333334 0.16927083333333334 0.059895833333333336 0.052083333333333336
1 0.5598958333333334 0.5755208333333334 0.052083333333333336 0.0859375
1 0.40625 0.3893229166666667 0.06770833333333333 0.044270833333333336
1 0.6119791666666666 0.3828125 0.0703125 0.109375
1 0.72265625 0.5729166666666666 0.0625 0.0546875
1 0.55078125 0.6236979166666666 0.033854166666666664 0.059895833333333336
1 0.484375 0.3372395833333333 0.041666666666666664 0.078125
1 0.4010416666666667 0.2890625 0.026041666666666668 0.041666666666666664
1 0.5390625 0.22265625 0.06770833333333333 0.052083333333333336
1 0.5755208333333334 0.1484375 0.059895833333333336 0.09635416666666667
1 0.5651041666666666 0.2942708333333333 0.059895833333333336 0.049479166666666664
1 0.5338541666666666 0.4427083333333333 0.049479166666666664 0.08854166666666667
1 0.5338541666666666 0.4908854166666667 0.0859375 0.08333333333333333
1 0.5247395833333334 0.6015625 0.046875 0.08072916666666667
1 0.59765625 0.4609375 0.059895833333333336 0.09635416666666667
1 0.4895833333333333 0.5494791666666666 0.059895833333333336 0.0546875