1 0.59375 0.703125 0.0703125 0.052083333333333336
1 0.76171875 0.3020833333333333 0.06770833333333333 0.06770833333333333
1 0.6419270833333334 0.609375 0.026041666666666668 0.033854166666666664
1 0.5911458333333334 0.5911458333333334 0.0546875 0.046875
1 0.5234375 0.7213541666666666 0.0625 0.0859375
1 0.6184895833333334 0.6184895833333334 0.06770833333333333 0.109375
1 0.6015625 0.30859375 0.059895833333333336 0.09375
1 0.4153645833333333 0.515625 0.041666666666666664 0.07552083333333333
1 0.6575520833333334 0.4192708333333333 0.046875 0.0546875
1 0.5989583333333334 0.22135416666666666 0.0625 0.057291666666666664
1 0.6875 0.4010416666666667 0.044270833333333336 0.06510416666666667
1 0.703125 0.3932291666666667 0.036458333333333336 0.049479166666666664
1 0.59765625 0.18489583333333334 0.0703125 0.09635416666666667
1 0.70703125 0.2513020833333333 0.046875 0.0625
1 0.6171875 0.5768229166666666 0.0625 0.046875
1 0.4856770833333333 0.33203125 0.0546875 0.036458333333333336
1 0.5533854166666666 0.21744791666666666 0.0546875 0.08333333333333333
1 0.7317708333333334 0.2916666666666667 0.041666666666666664 0.08333333333333333
1 0.5208333333333334 0.3072916666666667 0.0625 0.052083333333333336
1 0.515625 0.3854166666666667 0.057291666666666664 0.049479166666666664
1 0.56640625 0.6106770833333334 0.041666666666666664 0.08854166666666667
1 0.5234375 0.6354166666666666 0.044270833333333336 0.08854166666666667
1 0.4231770833333333 0.5833333333333334 0.052083333333333336 0.08333333333333333
1 0.8151041666666666 0.3828125 0.0546875 0.0390625
1 0.5546875 0.74609375 0.0625 0.078125
1 0.7994791666666666 0.3658854166666667 0.06510416666666667 0.041666666666666664
1 0.6393229166666666 0.3307291666666667 0.049479166666666664 0.041666666666666664
1 0.7408854166666666 0.4140625 0.0390625 0.0703125
1 0.7864583333333334 0.4934895833333333 0.057291666666666664 0.049479166666666664
1 0.62890625 0.14973958333333334 0.06770833333333333 0.0703125
1 0.7825520833333334 0.3932291666666667 0.06770833333333333 0.0390625
1 0.5455729166666666 0.4388020833333333 0.03125 0.06510416666666667
1 0.5377604166666666 0.66796875 0.044270833333333336 0.07552083333333333
1 0.47265625 0.2981770833333333 0.049479166666666664 0.06770833333333333
1 0.7838541666666666 0.24479166666666666 0.06770833333333333 0.08854166666666667
1 0.79296875 0.4583333333333333 0.0703125 0.044270833333333336
1 0.9765625 0.3606770833333333 0.046875 0.0703125
1 0.6822916666666666 0.6067708333333334 0.049479166666666664 0.09114583333333333
1 0.6588541666666666 0.5130208333333334 0.052083333333333336 0.036458333333333336
1 0.5611979166666666 0.2591145833333333 0.07552083333333333 0.07291666666666667
1 0.5299479166666666 0.3411458333333333 0.049479166666666664 0.057291666666666664
1 0.6953125 0.203125 0.0703125 0.07291666666666667
1 0.5494791666666666 0.5911458333333334 0.0390625 0.08072916666666667
1 0.8346354166666666 0.3411458333333333 0.06510416666666667 0.046875
1 0.4479166666666667 0.2916666666666667 0.03125 0.044270833333333336
1 0.65234375 0.203125 0.059895833333333336 0.10677083333333333
1 0.6432291666666666 0.37890625 0.06770833333333333 0.0546875
1 0.7395833333333334 0.51953125 0.046875 0.09375
1 0.5833333333333334 0.6236979166666666 0.041666666666666664 0.052083333333333336
1 0.6080729166666666 0.6705729166666666 0.059895833333333336 0.059895833333333336
1 0.69921875 0.3151041666666667 0.046875 0.0859375
1 0.6171875 0.7291666666666666 0.08072916666666667 0.08333333333333333
1 0.5052083333333334 0.4713541666666667 0.041666666666666664 0.07291666666666667
1 0.5703125 0.67578125 0.041666666666666664 0.07552083333333333
1 0.5104166666666666 0.4309895833333333 0.06510416666666667 0.07552083333333333
1 0.5403645833333334 0.3802083333333333 0.0546875 0.0546875
1 0.4375 0.3684895833333333 0.0625 0.09635416666666667
1 0.4830729166666667 0.4934895833333333 0.049479166666666664 0.08072916666666667
1 0.4895833333333333 0.4244791666666667 0.0625 0.06770833333333333
1 0.7109375 0.3515625 0.059895833333333336 0.07291666666666667
1 0.609375 0.46875 0.07291666666666667 0.09895833333333333
1 0.5 0.73828125 0.06510416666666667 0.059895833333333336
1 0.8177083333333334 0.4166666666666667 0.057291666666666664 0.0703125
1 0.4830729166666667 0.2552083333333333 0.06510416666666667 0.041666666666666664
1 0.7434895833333334 0.3645833333333333 0.06770833333333333 0.0546875
1 0.4947916666666667 0.5677083333333334 0.0390625 0.078125
1 0.4921875 0.65625 0.033854166666666664 0.046875
1 0.7096354166666666 0.4427083333333333 0.0546875 0.0859375
1 0.5911458333333334 0.4088541666666667 0.046875 0.057291666666666664
1 0.5416666666666666 0.72265625 0.0234375 0.036458333333333336
1 0.6549479166666666 0.5598958333333334 0.059895833333333336 0.046875
1 0.7513020833333334 0.4401041666666667 0.0546875 0.1015625
1 0.4466145833333333 0.5911458333333334 0.059895833333333336 0.08333333333333333
1 0.58203125 0.390625 0.06510416666666667 0.1015625
1 0.5260416666666666 0.47265625 0.0234375 0.052083333333333336
1 0.8255208333333334 0.3059895833333333 0.057291666666666664 0.049479166666666664
1 0.5143229166666666 0.5950520833333334 0.046875 0.0859375
1 0.4739583333333333 0.3580729166666667 0.06770833333333333 0.0390625
1 0.65625 0.4544270833333333 0.06510416666666667 0.10677083333333333
1 0.65625 0.6731770833333334 0.059895833333333336 0.052083333333333336
1 0.4830729166666667 0.6328125 0.03125 0.059895833333333336
1 0.5677083333333334 0.3515625 0.036458333333333336 0.078125
1 0.51953125 0.2682291666666667 0.026041666666666668 0.041666666666666664
1 0.6731770833333334 0.2786458333333333 0.06510416666666667 0.049479166666666664
1 0.7408854166666666 0.23307291666666666 0.0546875 0.09635416666666667
1 0.6588541666666666 0.3541666666666667 0.059895833333333336 0.046875
1 0.55859375 0.4674479166666667 0.044270833333333336 0.0859375
1 0.5338541666666666 0.5091145833333334 0.08333333333333333 0.08072916666666667
1 0.4700520833333333 0.6002604166666666 0.041666666666666664 0.078125
1 0.6041666666666666 0.5143229166666666 0.0546875 0.09635416666666667
1 0.4661458333333333 0.5377604166666666 0.059895833333333336 0.052083333333333336