1 0.4309895833333333 0.3450520833333333 0.06510416666666667 0.0703125
1 0.3229166666666667 0.4088541666666667 0.041666666666666664 0.06510416666666667
1 0.2526041666666667 0.3984375 0.036458333333333336 0.07291666666666667
1 0.3997395833333333 0.30859375 0.0546875 0.0546875
1 0.5052083333333334 0.21223958333333334 0.044270833333333336 0.08072916666666667
1 0.52734375 0.2747395833333333 0.052083333333333336 0.041666666666666664
1 0.6158854166666666 0.40625 0.046875 0.046875
1 0.5247395833333334 0.4244791666666667 0.0390625 0.07291666666666667
1 0.3671875 0.3567708333333333 0.049479166666666664 0.06770833333333333
1 0.375 0.4375 0.052083333333333336 0.041666666666666664
1 0.43359375 0.4674479166666667 0.052083333333333336 0.078125
1 0.2838541666666667 0.51171875 0.0703125 0.07552083333333333
1 0.3098958333333333 0.5013020833333334 0.0546875 0.036458333333333336
1 0.3372395833333333 0.7044270833333334 0.049479166666666664 0.052083333333333336
1 0.39453125 0.3671875 0.046875 0.041666666666666664
1 0.51171875 0.4869791666666667 0.059895833333333336 0.044270833333333336
1 0.3216145833333333 0.5455729166666666 0.06510416666666667 0.08072916666666667
1 0.4830729166666667 0.20963541666666666 0.036458333333333336 0.0546875
1 0.5885416666666666 0.3932291666666667 0.0390625 0.06770833333333333
1 0.39453125 0.4088541666666667 0.041666666666666664 0.06510416666666667
1 0.3111979166666667 0.3424479166666667 0.036458333333333336 0.06770833333333333
1 0.25390625 0.6380208333333334 0.052083333333333336 0.033854166666666664
1 0.609375 0.4283854166666667 0.0546875 0.0625
1 0.6015625 0.45703125 0.0546875 0.057291666666666664
1 0.578125 0.4544270833333333 0.059895833333333336 0.08333333333333333
1 0.609375 0.5533854166666666 0.0390625 0.057291666666666664
1 0.29296875 0.66015625 0.06510416666666667 0.052083333333333336
1 0.34765625 0.6731770833333334 0.059895833333333336 0.041666666666666664
1 0.390625 0.328125 0.044270833333333336 0.0390625
1 0.23958333333333334 0.2890625 0.057291666666666664 0.09635416666666667
1 0.2799479166666667 0.40625 0.049479166666666664 0.08333333333333333
1 0.3216145833333333 0.6458333333333334 0.0625 0.041666666666666664
1 0.50390625 0.2864583333333333 0.044270833333333336 0.06510416666666667
1 0.5963541666666666 0.3255208333333333 0.046875 0.06510416666666667
1 0.3020833333333333 0.4231770833333333 0.049479166666666664 0.0546875
1 0.5690104166666666 0.3671875 0.059895833333333336 0.078125
1 0.4934895833333333 0.40234375 0.06510416666666667 0.06770833333333333
1 0.5950520833333334 0.51953125 0.059895833333333336 0.052083333333333336
1 0.3515625 0.3958333333333333 0.046875 0.08333333333333333
1 0.2682291666666667 0.625 0.0546875 0.0546875
1 0.2421875 0.7083333333333334 0.044270833333333336 0.0625
0 0.3828125 0.6106770833333334 0.044270833333333336 0.049479166666666664