1 0.4934895833333333 0.5611979166666666 0.0390625 0.036458333333333336
1 0.5221354166666666 0.48828125 0.0390625 0.046875
1 0.5677083333333334 0.3841145833333333 0.046875 0.046875
1 0.5885416666666666 0.4361979166666667 0.041666666666666664 0.052083333333333336
1 0.5768229166666666 0.6197916666666666 0.052083333333333336 0.049479166666666664
1 0.6809895833333334 0.55859375 0.044270833333333336 0.041666666666666664
1 0.7317708333333334 0.33984375 0.036458333333333336 0.044270833333333336
1 0.7200520833333334 0.265625 0.033854166666666664 0.033854166666666664
1 0.5794270833333334 0.453125 0.046875 0.046875
1 0.6263020833333334 0.671875 0.041666666666666664 0.041666666666666664
1 0.6119791666666666 0.7213541666666666 0.044270833333333336 0.0546875
1 0.7096354166666666 0.5911458333333334 0.0390625 0.044270833333333336
1 0.78125 0.44140625 0.041666666666666664 0.049479166666666664
1 0.75390625 0.29296875 0.044270833333333336 0.044270833333333336
1 0.8177083333333334 0.3020833333333333 0.041666666666666664 0.0390625
1 0.8333333333333334 0.2942708333333333 0.033854166666666664 0.041666666666666664
1 0.6966145833333334 0.55859375 0.0390625 0.033854166666666664
1 0.51171875 0.4778645833333333 0.033854166666666664 0.041666666666666664
1 0.6171875 0.4609375 0.044270833333333336 0.041666666666666664
1 0.6705729166666666 0.4765625 0.046875 0.0546875
1 0.6419270833333334 0.6276041666666666 0.044270833333333336 0.052083333333333336
1 0.6979166666666666 0.3072916666666667 0.046875 0.052083333333333336
1 0.7721354166666666 0.3098958333333333 0.046875 0.046875
1 0.7877604166666666 0.17708333333333334 0.044270833333333336 0.049479166666666664
1 0.6236979166666666 0.4361979166666667 0.044270833333333336 0.0546875
1 0.4557291666666667 0.60546875 0.0390625 0.033854166666666664
1 0.6458333333333334 0.5885416666666666 0.041666666666666664 0.0390625
1 0.6640625 0.6080729166666666 0.0390625 0.049479166666666664
1 0.66015625 0.3359375 0.046875 0.0546875
1 0.65234375 0.2630208333333333 0.0390625 0.049479166666666664
1 0.8059895833333334 0.3489583333333333 0.049479166666666664 0.049479166666666664
1 0.47265625 0.5729166666666666 0.044270833333333336 0.041666666666666664
1 0.5950520833333334 0.3893229166666667 0.049479166666666664 0.044270833333333336
1 0.6588541666666666 0.4908854166666667 0.0390625 0.0390625
1 0.640625 0.5651041666666666 0.033854166666666664 0.044270833333333336
1 0.6067708333333334 0.58984375 0.0390625 0.049479166666666664
1 0.6236979166666666 0.6966145833333334 0.036458333333333336 0.052083333333333336
1 0.58203125 0.6705729166666666 0.036458333333333336 0.044270833333333336
1 0.6966145833333334 0.60546875 0.0390625 0.046875
1 0.7408854166666666 0.54296875 0.046875 0.049479166666666664
1 0.6953125 0.3606770833333333 0.044270833333333336 0.049479166666666664
1 0.7395833333333334 0.26171875 0.044270833333333336 0.049479166666666664
1 0.8645833333333334 0.4348958333333333 0.049479166666666664 0.057291666666666664
1 0.6731770833333334 0.3854166666666667 0.049479166666666664 0.046875
1 0.6119791666666666 0.7044270833333334 0.036458333333333336 0.044270833333333336
1 0.4739583333333333 0.4869791666666667 0.049479166666666664 0.052083333333333336
1 0.4635416666666667 0.4479166666666667 0.044270833333333336 0.052083333333333336
1 0.5091145833333334 0.4466145833333333 0.0546875 0.057291666666666664
1 0.5299479166666666 0.3958333333333333 0.049479166666666664 0.044270833333333336
1 0.5885416666666666 0.34375 0.049479166666666664 0.052083333333333336
1 0.6549479166666666 0.68359375 0.041666666666666664 0.0546875
1 0.6783854166666666 0.59375 0.044270833333333336 0.057291666666666664
1 0.6809895833333334 0.3151041666666667 0.041666666666666664 0.049479166666666664
1 0.6822916666666666 0.2747395833333333 0.036458333333333336 0.0390625
1 0.6158854166666666 0.4453125 0.036458333333333336 0.036458333333333336
1 0.6940104166666666 0.5794270833333334 0.033854166666666664 0.03125
1 0.6106770833333334 0.4283854166666667 0.044270833333333336 0.041666666666666664
1 0.59375 0.4817708333333333 0.049479166666666664 0.052083333333333336
1 0.578125 0.68359375 0.0390625 0.044270833333333336
1 0.5846354166666666 0.6510416666666666 0.041666666666666664 0.049479166666666664
1 0.69140625 0.3346354166666667 0.044270833333333336 0.046875
1 0.7200520833333334 0.3333333333333333 0.044270833333333336 0.049479166666666664
1 0.74609375 0.3216145833333333 0.044270833333333336 0.046875
1 0.7708333333333334 0.2513020833333333 0.041666666666666664 0.049479166666666664
1 0.6223958333333334 0.625 0.046875 0.0546875
1 0.6705729166666666 0.71484375 0.0546875 0.052083333333333336
1 0.6028645833333334 0.6184895833333334 0.041666666666666664 0.044270833333333336
1 0.6783854166666666 0.62109375 0.041666666666666664 0.033854166666666664
1 0.7161458333333334 0.2825520833333333 0.046875 0.049479166666666664
1 0.6953125 0.2630208333333333 0.041666666666666664 0.041666666666666664
1 0.7916666666666666 0.2630208333333333 0.044270833333333336 0.049479166666666664
1 0.8072916666666666 0.28515625 0.044270833333333336 0.046875
1 0.8385416666666666 0.3151041666666667 0.041666666666666664 0.046875
1 0.70703125 0.2994791666666667 0.041666666666666664 0.044270833333333336