1 0.5130208333333334 0.5963541666666666 0.059895833333333336 0.044270833333333336
1 0.5598958333333334 0.4947916666666667 0.036458333333333336 0.028645833333333332
1 0.73828125 0.4986979166666667 0.08854166666666667 0.06510416666666667
1 0.62890625 0.5 0.06770833333333333 0.052083333333333336
1 0.42578125 0.6796875 0.0546875 0.052083333333333336
1 0.4713541666666667 0.6796875 0.041666666666666664 0.036458333333333336
1 0.4986979166666667 0.70703125 0.0625 0.036458333333333336
1 0.7669270833333334 0.5794270833333334 0.059895833333333336 0.08854166666666667
1 0.3203125 0.5247395833333334 0.057291666666666664 0.059895833333333336
1 0.5013020833333334 0.6184895833333334 0.049479166666666664 0.06770833333333333
1 0.4856770833333333 0.4505208333333333 0.057291666666666664 0.0625
1 0.31640625 0.6510416666666666 0.03125 0.041666666666666664
1 0.4635416666666667 0.6627604166666666 0.052083333333333336 0.049479166666666664
1 0.3958333333333333 0.671875 0.044270833333333336 0.07552083333333333