1 0.6536458333333334 0.18359375 0.044270833333333336 0.036458333333333336
1 0.4778645833333333 0.26171875 0.046875 0.044270833333333336
1 0.5065104166666666 0.44921875 0.052083333333333336 0.078125
1 0.6536458333333334 0.23828125 0.0625 0.09114583333333333
1 0.3307291666666667 0.6080729166666666 0.049479166666666664 0.078125
1 0.6028645833333334 0.6041666666666666 0.052083333333333336 0.059895833333333336
1 0.52734375 0.6197916666666666 0.049479166666666664 0.046875
1 0.37109375 0.7317708333333334 0.0546875 0.08072916666666667
1 0.6158854166666666 0.3854166666666667 0.0390625 0.036458333333333336
1 0.5052083333333334 0.7239583333333334 0.041666666666666664 0.06770833333333333
1 0.6380208333333334 0.4453125 0.057291666666666664 0.07291666666666667
1 0.3984375 0.6328125 0.06510416666666667 0.09375