1 0.55859375 0.2916666666666667 0.06510416666666667 0.036458333333333336
1 0.7044270833333334 0.24088541666666666 0.052083333333333336 0.052083333333333336
1 0.6614583333333334 0.5546875 0.06510416666666667 0.044270833333333336
1 0.4518229166666667 0.57421875 0.0703125 0.036458333333333336
1 0.7604166666666666 0.3111979166666667 0.049479166666666664 0.046875
1 0.5716145833333334 0.26953125 0.0546875 0.03125
1 0.38671875 0.5169270833333334 0.041666666666666664 0.049479166666666664
1 0.59375 0.6901041666666666 0.0390625 0.0546875
1 0.69140625 0.4114583333333333 0.044270833333333336 0.049479166666666664
1 0.6940104166666666 0.4973958333333333 0.0703125 0.046875
1 0.6848958333333334 0.44921875 0.06510416666666667 0.049479166666666664
1 0.5494791666666666 0.4153645833333333 0.0546875 0.026041666666666668
1 0.6028645833333334 0.7174479166666666 0.057291666666666664 0.052083333333333336
1 0.3359375 0.48046875 0.059895833333333336 0.049479166666666664
1 0.8971354166666666 0.4505208333333333 0.0546875 0.041666666666666664
1 0.53515625 0.7239583333333334 0.041666666666666664 0.028645833333333332
1 0.4921875 0.7083333333333334 0.0703125 0.057291666666666664
1 0.3151041666666667 0.6627604166666666 0.057291666666666664 0.041666666666666664
1 0.8111979166666666 0.53125 0.06770833333333333 0.036458333333333336
1 0.8658854166666666 0.4388020833333333 0.0546875 0.036458333333333336
1 0.4739583333333333 0.6888020833333334 0.057291666666666664 0.046875
1 0.8346354166666666 0.4557291666666667 0.044270833333333336 0.0546875
1 0.8828125 0.6744791666666666 0.0703125 0.044270833333333336
1 0.7291666666666666 0.64453125 0.0625 0.0546875
1 0.5911458333333334 0.3216145833333333 0.0390625 0.052083333333333336
1 0.4153645833333333 0.3619791666666667 0.044270833333333336 0.049479166666666664
1 0.3098958333333333 0.4700520833333333 0.0390625 0.044270833333333336
1 0.6106770833333334 0.24739583333333334 0.052083333333333336 0.033854166666666664
1 0.5481770833333334 0.3177083333333333 0.06510416666666667 0.0390625
1 0.4401041666666667 0.2513020833333333 0.06770833333333333 0.041666666666666664
1 0.5416666666666666 0.7057291666666666 0.0546875 0.046875
1 0.5807291666666666 0.74609375 0.07291666666666667 0.041666666666666664
1 0.5833333333333334 0.5416666666666666 0.033854166666666664 0.052083333333333336
1 0.3645833333333333 0.6328125 0.06510416666666667 0.052083333333333336
1 0.7955729166666666 0.4778645833333333 0.0703125 0.046875
1 0.37890625 0.59765625 0.059895833333333336 0.041666666666666664
1 0.84375 0.5182291666666666 0.046875 0.057291666666666664
1 0.80859375 0.51953125 0.0546875 0.046875
1 0.8424479166666666 0.3854166666666667 0.06510416666666667 0.044270833333333336
1 0.8541666666666666 0.5013020833333334 0.033854166666666664 0.03125
1 0.7552083333333334 0.375 0.041666666666666664 0.057291666666666664
1 0.7825520833333334 0.328125 0.036458333333333336 0.0234375
1 0.6536458333333334 0.25390625 0.044270833333333336 0.046875
1 0.3294270833333333 0.328125 0.0625 0.059895833333333336
1 0.5625 0.4296875 0.057291666666666664 0.033854166666666664
1 0.5299479166666666 0.4518229166666667 0.041666666666666664 0.0546875
1 0.7578125 0.28125 0.044270833333333336 0.0546875
1 0.4661458333333333 0.5416666666666666 0.08854166666666667 0.057291666666666664
1 0.625 0.7005208333333334 0.044270833333333336 0.059895833333333336
1 0.4791666666666667 0.3541666666666667 0.059895833333333336 0.03125
1 0.5247395833333334 0.2630208333333333 0.06770833333333333 0.0390625
1 0.6796875 0.8268229166666666 0.0703125 0.052083333333333336
1 0.73046875 0.7630208333333334 0.0390625 0.0546875
1 0.3528645833333333 0.6106770833333334 0.059895833333333336 0.049479166666666664
1 0.7161458333333334 0.3580729166666667 0.026041666666666668 0.015625
1 0.8333333333333334 0.4205729166666667 0.044270833333333336 0.057291666666666664
1 0.3528645833333333 0.5611979166666666 0.0546875 0.049479166666666664
1 0.8567708333333334 0.4114583333333333 0.041666666666666664 0.052083333333333336
1 0.7044270833333334 0.2760416666666667 0.036458333333333336 0.03125
1 0.4440104166666667 0.3971354166666667 0.046875 0.041666666666666664
1 0.5091145833333334 0.40625 0.0390625 0.046875
1 0.49609375 0.3216145833333333 0.052083333333333336 0.041666666666666664
1 0.5989583333333334 0.4479166666666667 0.0625 0.049479166666666664
1 0.44921875 0.3854166666666667 0.052083333333333336 0.036458333333333336
1 0.796875 0.2864583333333333 0.0546875 0.0390625
1 0.4036458333333333 0.3268229166666667 0.0625 0.06510416666666667
1 0.5208333333333334 0.5 0.0625 0.0625
1 0.7200520833333334 0.3190104166666667 0.041666666666666664 0.059895833333333336
1 0.3567708333333333 0.5221354166666666 0.044270833333333336 0.0546875
1 0.6197916666666666 0.7799479166666666 0.059895833333333336 0.0546875
1 0.6145833333333334 0.6549479166666666 0.052083333333333336 0.049479166666666664
1 0.6692708333333334 0.8151041666666666 0.0703125 0.041666666666666664
1 0.5442708333333334 0.55078125 0.057291666666666664 0.033854166666666664
1 0.3893229166666667 0.6158854166666666 0.03125 0.036458333333333336
1 0.8932291666666666 0.6184895833333334 0.0625 0.0546875
1 0.7760416666666666 0.65234375 0.046875 0.026041666666666668
1 0.62109375 0.2708333333333333 0.049479166666666664 0.044270833333333336
1 0.73046875 0.4322916666666667 0.0390625 0.046875
1 0.4401041666666667 0.33203125 0.033854166666666664 0.041666666666666664
1 0.4127604166666667 0.2760416666666667 0.0625 0.049479166666666664
1 0.43359375 0.3046875 0.041666666666666664 0.046875
1 0.5520833333333334 0.25 0.049479166666666664 0.0390625
1 0.6575520833333334 0.7434895833333334 0.046875 0.0546875
1 0.8515625 0.2552083333333333 0.078125 0.041666666666666664
1 0.5611979166666666 0.33984375 0.0390625 0.049479166666666664
1 0.4361979166666667 0.4375 0.07552083333333333 0.049479166666666664
1 0.4244791666666667 0.4049479166666667 0.06510416666666667 0.057291666666666664
1 0.3736979166666667 0.48828125 0.046875 0.052083333333333336
1 0.5052083333333334 0.2877604166666667 0.07291666666666667 0.044270833333333336
1 0.6341145833333334 0.2604166666666667 0.041666666666666664 0.044270833333333336
1 0.3059895833333333 0.42578125 0.059895833333333336 0.041666666666666664
1 0.8854166666666666 0.5598958333333334 0.06770833333333333 0.041666666666666664
1 0.3684895833333333 0.65234375 0.0546875 0.044270833333333336
1 0.3125 0.62890625 0.044270833333333336 0.057291666666666664
1 0.8815104166666666 0.5260416666666666 0.059895833333333336 0.052083333333333336
1 0.5286458333333334 0.6692708333333334 0.07291666666666667 0.0625
1 0.3138020833333333 0.6796875 0.07291666666666667 0.0390625
1 0.7994791666666666 0.3841145833333333 0.057291666666666664 0.049479166666666664
1 0.8619791666666666 0.5963541666666666 0.06770833333333333 0.046875
1 0.37109375 0.38671875 0.049479166666666664 0.057291666666666664
1 0.7291666666666666 0.4088541666666667 0.03125 0.041666666666666664
1 0.6328125 0.5859375 0.0390625 0.0546875
1 0.59765625 0.4817708333333333 0.041666666666666664 0.0546875
1 0.5989583333333334 0.4075520833333333 0.057291666666666664 0.041666666666666664
1 0.453125 0.3502604166666667 0.044270833333333336 0.033854166666666664
1 0.6510416666666666 0.625 0.0546875 0.059895833333333336
1 0.6705729166666666 0.6875 0.06510416666666667 0.036458333333333336
1 0.5078125 0.3841145833333333 0.052083333333333336 0.041666666666666664
1 0.55078125 0.3776041666666667 0.044270833333333336 0.0546875
1 0.49609375 0.4283854166666667 0.03125 0.052083333333333336
1 0.6783854166666666 0.72265625 0.036458333333333336 0.0546875
1 0.7174479166666666 0.4596354166666667 0.028645833333333332 0.044270833333333336
1 0.8841145833333334 0.4791666666666667 0.0625 0.03125
1 0.3658854166666667 0.57421875 0.03125 0.0390625
1 0.7890625 0.4973958333333333 0.0546875 0.041666666666666664
1 0.5520833333333334 0.58203125 0.041666666666666664 0.052083333333333336
1 0.3372395833333333 0.4622395833333333 0.052083333333333336 0.041666666666666664
1 0.5598958333333334 0.4557291666666667 0.049479166666666664 0.0546875
1 0.3255208333333333 0.4388020833333333 0.0625 0.044270833333333336
1 0.7005208333333334 0.3098958333333333 0.041666666666666664 0.049479166666666664
1 0.6809895833333334 0.48046875 0.06770833333333333 0.033854166666666664
1 0.46484375 0.28515625 0.046875 0.049479166666666664
1 0.3619791666666667 0.4739583333333333 0.046875 0.046875
1 0.6731770833333334 0.4270833333333333 0.041666666666666664 0.033854166666666664
1 0.2864583333333333 0.484375 0.0390625 0.049479166666666664
1 0.7877604166666666 0.3645833333333333 0.059895833333333336 0.049479166666666664
1 0.3841145833333333 0.69140625 0.06510416666666667 0.046875
1 0.8645833333333334 0.4596354166666667 0.046875 0.036458333333333336
1 0.4088541666666667 0.5690104166666666 0.0390625 0.0546875
1 0.5533854166666666 0.5260416666666666 0.0625 0.0390625
1 0.8177083333333334 0.609375 0.057291666666666664 0.036458333333333336
1 0.7005208333333334 0.5403645833333334 0.036458333333333336 0.052083333333333336
1 0.3346354166666667 0.54296875 0.033854166666666664 0.044270833333333336
1 0.46875 0.3723958333333333 0.06510416666666667 0.033854166666666664
1 0.453125 0.5065104166666666 0.06510416666666667 0.057291666666666664
1 0.68359375 0.2565104166666667 0.036458333333333336 0.041666666666666664
1 0.3645833333333333 0.4283854166666667 0.044270833333333336 0.046875
1 0.5677083333333334 0.71875 0.033854166666666664 0.046875
1 0.6822916666666666 0.7630208333333334 0.07291666666666667 0.041666666666666664
1 0.26953125 0.41015625 0.06770833333333333 0.044270833333333336
1 0.6080729166666666 0.75390625 0.0625 0.046875
1 0.3854166666666667 0.5677083333333334 0.036458333333333336 0.041666666666666664
1 0.4309895833333333 0.6263020833333334 0.044270833333333336 0.059895833333333336
1 0.4856770833333333 0.7447916666666666 0.049479166666666664 0.059895833333333336
1 0.5208333333333334 0.734375 0.0625 0.049479166666666664
1 0.84765625 0.48046875 0.06510416666666667 0.0390625
1 0.3893229166666667 0.5442708333333334 0.057291666666666664 0.028645833333333332
1 0.8854166666666666 0.5026041666666666 0.057291666666666664 0.0546875
1 0.8125 0.625 0.06770833333333333 0.033854166666666664
1 0.34765625 0.6588541666666666 0.0546875 0.0546875
1 0.75390625 0.6692708333333334 0.06770833333333333 0.028645833333333332
1 0.7760416666666666 0.6783854166666666 0.078125 0.049479166666666664
1 0.75390625 0.65234375 0.052083333333333336 0.041666666666666664