1 0.61328125 0.8307291666666666 0.0703125 0.0703125
1 0.09635416666666667 0.6393229166666666 0.059895833333333336 0.06510416666666667
1 0.11588541666666667 0.7552083333333334 0.06510416666666667 0.08854166666666667
1 0.5390625 0.4348958333333333 0.06770833333333333 0.09375
1 0.15234375 0.82421875 0.049479166666666664 0.0859375
1 0.30859375 0.9466145833333334 0.033854166666666664 0.0859375
1 0.4908854166666667 0.2552083333333333 0.0546875 0.0703125
1 0.4661458333333333 0.4895833333333333 0.033854166666666664 0.08854166666666667
1 0.4973958333333333 0.6783854166666666 0.033854166666666664 0.08072916666666667
1 0.2265625 0.6263020833333334 0.06770833333333333 0.052083333333333336
1 0.4856770833333333 0.35546875 0.0390625 0.1015625
1 0.46484375 0.7473958333333334 0.0390625 0.07552083333333333
1 0.12109375 0.57421875 0.0546875 0.07552083333333333
1 0.4375 0.6354166666666666 0.078125 0.0859375
1 0.17317708333333334 0.6341145833333334 0.03125 0.08854166666666667
1 0.13411458333333334 0.6158854166666666 0.059895833333333336 0.07552083333333333