1 0.4765625 0.2669270833333333 0.07552083333333333 0.1015625
1 0.4427083333333333 0.4674479166666667 0.09635416666666667 0.09895833333333333
1 0.3645833333333333 0.7981770833333334 0.1015625 0.1015625
1 0.4986979166666667 0.10807291666666667 0.09375 0.1015625
1 0.8203125 0.040364583333333336 0.08854166666666667 0.08072916666666667
1 0.5221354166666666 0.3528645833333333 0.09114583333333333 0.140625
1 0.2578125 0.7708333333333334 0.1171875 0.09635416666666667
1 0.72265625 0.59375 0.11979166666666667 0.15104166666666666
1 0.46484375 0.578125 0.11197916666666667 0.1015625
1 0.23828125 0.2877604166666667 0.0703125 0.078125
1 0.5755208333333334 0.4518229166666667 0.0859375 0.1484375
1 0.8984375 0.5052083333333334 0.07552083333333333 0.09375
1 0.4791666666666667 0.3294270833333333 0.07291666666666667 0.08333333333333333
1 0.6497395833333334 0.8020833333333334 0.11197916666666667 0.16666666666666666
1 0.16927083333333334 0.6979166666666666 0.11197916666666667 0.109375
1 0.6302083333333334 0.4427083333333333 0.09114583333333333 0.14583333333333334
1 0.6640625 0.4270833333333333 0.11197916666666667 0.1640625
1 0.7174479166666666 0.7200520833333334 0.09895833333333333 0.15104166666666666
1 0.5481770833333334 0.23828125 0.109375 0.109375
1 0.4635416666666667 0.359375 0.11458333333333333 0.11979166666666667
1 0.15625 0.4817708333333333 0.109375 0.1171875
1 0.140625 0.3229166666666667 0.11197916666666667 0.109375
1 0.7916666666666666 0.47265625 0.1328125 0.11197916666666667
1 0.2877604166666667 0.6705729166666666 0.08333333333333333 0.13020833333333334
1 0.2682291666666667 0.51953125 0.09895833333333333 0.11979166666666667
1 0.3346354166666667 0.359375 0.0859375 0.11458333333333333
1 0.7825520833333334 0.58984375 0.11197916666666667 0.15364583333333334
1 0.5182291666666666 0.5013020833333334 0.11979166666666667 0.13802083333333334
1 0.55078125 0.6197916666666666 0.09375 0.13802083333333334
1 0.3880208333333333 0.3606770833333333 0.10677083333333333 0.14583333333333334