1 0.4505208333333333 0.58984375 0.125 0.09635416666666667
1 0.3515625 0.5846354166666666 0.08854166666666667 0.059895833333333336
1 0.11197916666666667 0.3958333333333333 0.13541666666666666 0.08072916666666667
1 0.4388020833333333 0.5377604166666666 0.10416666666666667 0.06770833333333333
1 0.3411458333333333 0.5325520833333334 0.10416666666666667 0.08854166666666667
1 0.4401041666666667 0.8229166666666666 0.10416666666666667 0.10416666666666667
1 0.30859375 0.6002604166666666 0.09375 0.08072916666666667
1 0.4596354166666667 0.23567708333333334 0.1328125 0.09895833333333333
1 0.5455729166666666 0.3046875 0.140625 0.11979166666666667
1 0.2890625 0.6315104166666666 0.1015625 0.09375
1 0.4205729166666667 0.4947916666666667 0.12760416666666666 0.1015625
1 0.7604166666666666 0.3880208333333333 0.09114583333333333 0.10416666666666667
1 0.38671875 0.6458333333333334 0.1015625 0.09635416666666667
1 0.7552083333333334 0.7044270833333334 0.13541666666666666 0.1015625
1 0.21354166666666666 0.85546875 0.1171875 0.09375
1 0.3854166666666667 0.5611979166666666 0.11458333333333333 0.07552083333333333