1 0.6315104166666666 0.4778645833333333 0.028645833333333332 0.03125
1 0.7200520833333334 0.4791666666666667 0.03125 0.03125
1 0.4622395833333333 0.48046875 0.026041666666666668 0.041666666666666664
1 0.5638020833333334 0.4583333333333333 0.028645833333333332 0.03125
1 0.4700520833333333 0.6484375 0.028645833333333332 0.0234375
1 0.4166666666666667 0.640625 0.028645833333333332 0.018229166666666668
1 0.4479166666666667 0.4856770833333333 0.028645833333333332 0.03125
1 0.6002604166666666 0.4791666666666667 0.03125 0.03125
1 0.3932291666666667 0.6471354166666666 0.026041666666666668 0.018229166666666668
1 0.3151041666666667 0.30078125 0.026041666666666668 0.036458333333333336
1 0.5143229166666666 0.4635416666666667 0.020833333333333332 0.0390625
1 0.5598958333333334 0.6328125 0.028645833333333332 0.020833333333333332
1 0.4049479166666667 0.4231770833333333 0.033854166666666664 0.033854166666666664
1 0.4375 0.6497395833333334 0.018229166666666668 0.046875
1 0.4088541666666667 0.6549479166666666 0.0390625 0.018229166666666668
1 0.3294270833333333 0.3229166666666667 0.026041666666666668 0.033854166666666664
1 0.734375 0.4505208333333333 0.03125 0.0234375
1 0.40234375 0.4010416666666667 0.018229166666666668 0.036458333333333336
1 0.4049479166666667 0.5859375 0.026041666666666668 0.033854166666666664
1 0.4778645833333333 0.5052083333333334 0.041666666666666664 0.033854166666666664
1 0.51171875 0.49609375 0.033854166666666664 0.026041666666666668
1 0.4791666666666667 0.48046875 0.026041666666666668 0.020833333333333332
1 0.5052083333333334 0.5169270833333334 0.033854166666666664 0.028645833333333332
1 0.4309895833333333 0.59765625 0.018229166666666668 0.0390625
1 0.3606770833333333 0.4036458333333333 0.020833333333333332 0.03125
1 0.3984375 0.62890625 0.033854166666666664 0.0234375
1 0.49609375 0.6328125 0.020833333333333332 0.0390625
1 0.2994791666666667 0.4596354166666667 0.028645833333333332 0.0390625
1 0.40625 0.4921875 0.013020833333333334 0.010416666666666666
1 0.33984375 0.6822916666666666 0.0234375 0.041666666666666664
1 0.4322916666666667 0.4908854166666667 0.028645833333333332 0.028645833333333332
1 0.4778645833333333 0.45703125 0.0390625 0.0234375
1 0.7447916666666666 0.47265625 0.028645833333333332 0.028645833333333332
1 0.34375 0.3645833333333333 0.026041666666666668 0.0390625
1 0.3619791666666667 0.6028645833333334 0.033854166666666664 0.0234375
1 0.6861979166666666 0.4622395833333333 0.03125 0.033854166666666664
1 0.6328125 0.4583333333333333 0.03125 0.036458333333333336
1 0.40234375 0.4466145833333333 0.028645833333333332 0.03125
1 0.3815104166666667 0.4153645833333333 0.026041666666666668 0.03125
1 0.38671875 0.4322916666666667 0.015625 0.036458333333333336
1 0.4453125 0.64453125 0.020833333333333332 0.041666666666666664