1 0.7122395833333334 0.6302083333333334 0.018229166666666668 0.0234375
1 0.4817708333333333 0.4895833333333333 0.018229166666666668 0.033854166666666664
1 0.3815104166666667 0.4869791666666667 0.026041666666666668 0.026041666666666668
1 0.4231770833333333 0.53515625 0.020833333333333332 0.03125
1 0.30078125 0.4947916666666667 0.018229166666666668 0.026041666666666668
1 0.3450520833333333 0.5533854166666666 0.0234375 0.026041666666666668
1 0.4505208333333333 0.4713541666666667 0.028645833333333332 0.028645833333333332
1 0.3255208333333333 0.4752604166666667 0.026041666666666668 0.026041666666666668
1 0.3919270833333333 0.5716145833333334 0.015625 0.026041666666666668
1 0.3294270833333333 0.5807291666666666 0.020833333333333332 0.018229166666666668
1 0.4973958333333333 0.4986979166666667 0.020833333333333332 0.018229166666666668
1 0.5182291666666666 0.5286458333333334 0.020833333333333332 0.015625
1 0.41015625 0.5364583333333334 0.018229166666666668 0.033854166666666664
1 0.44921875 0.4518229166666667 0.020833333333333332 0.013020833333333334
1 0.3515625 0.4622395833333333 0.0234375 0.018229166666666668
1 0.3072916666666667 0.52734375 0.020833333333333332 0.036458333333333336
1 0.3671875 0.4765625 0.013020833333333334 0.03125
1 0.4544270833333333 0.5559895833333334 0.010416666666666666 0.028645833333333332
1 0.6783854166666666 0.5859375 0.020833333333333332 0.018229166666666668
1 0.3229166666666667 0.4596354166666667 0.03125 0.018229166666666668
1 0.4010416666666667 0.5091145833333334 0.0234375 0.018229166666666668
1 0.39453125 0.4739583333333333 0.026041666666666668 0.018229166666666668
1 0.3919270833333333 0.4427083333333333 0.0234375 0.013020833333333334
1 0.3111979166666667 0.5 0.010416666666666666 0.03125
1 0.4791666666666667 0.53515625 0.015625 0.020833333333333332
1 0.2942708333333333 0.5390625 0.015625 0.033854166666666664
1 0.6119791666666666 0.5846354166666666 0.0234375 0.026041666666666668
1 0.5182291666666666 0.4765625 0.0234375 0.033854166666666664
1 0.3138020833333333 0.5494791666666666 0.020833333333333332 0.0234375
1 0.4869791666666667 0.5729166666666666 0.018229166666666668 0.013020833333333334
1 0.4544270833333333 0.5104166666666666 0.026041666666666668 0.033854166666666664
1 0.3658854166666667 0.5182291666666666 0.018229166666666668 0.028645833333333332
1 0.37890625 0.5169270833333334 0.018229166666666668 0.018229166666666668
1 0.3684895833333333 0.4466145833333333 0.0234375 0.028645833333333332
1 0.3463541666666667 0.4895833333333333 0.020833333333333332 0.018229166666666668
1 0.3697916666666667 0.55859375 0.0234375 0.020833333333333332
1 0.44140625 0.5481770833333334 0.020833333333333332 0.028645833333333332
1 0.4661458333333333 0.5559895833333334 0.0234375 0.033854166666666664
1 0.3645833333333333 0.546875 0.020833333333333332 0.018229166666666668
1 0.3072916666666667 0.4778645833333333 0.026041666666666668 0.0234375
1 0.6341145833333334 0.5455729166666666 0.0234375 0.018229166666666668
1 0.55859375 0.4947916666666667 0.0234375 0.03125
1 0.54296875 0.5338541666666666 0.015625 0.028645833333333332
1 0.4283854166666667 0.43359375 0.028645833333333332 0.018229166666666668
1 0.3515625 0.52734375 0.020833333333333332 0.026041666666666668
1 0.3971354166666667 0.5221354166666666 0.020833333333333332 0.020833333333333332
1 0.6315104166666666 0.5950520833333334 0.0234375 0.03125
1 0.4752604166666667 0.5169270833333334 0.0234375 0.015625
1 0.47265625 0.5481770833333334 0.0234375 0.028645833333333332
1 0.3723958333333333 0.5 0.036458333333333336 0.018229166666666668
1 0.453125 0.5260416666666666 0.020833333333333332 0.028645833333333332
1 0.3919270833333333 0.5546875 0.033854166666666664 0.028645833333333332
1 0.4205729166666667 0.5625 0.033854166666666664 0.020833333333333332
1 0.4544270833333333 0.4296875 0.0234375 0.0234375
1 0.4270833333333333 0.4622395833333333 0.0234375 0.0234375
1 0.3424479166666667 0.50390625 0.03125 0.028645833333333332
1 0.3307291666666667 0.5182291666666666 0.018229166666666668 0.015625
1 0.4231770833333333 0.5 0.0234375 0.0234375
1 0.38671875 0.4557291666666667 0.026041666666666668 0.018229166666666668
1 0.5533854166666666 0.5651041666666666 0.03125 0.033854166666666664
1 0.5026041666666666 0.5234375 0.015625 0.026041666666666668
1 0.3359375 0.5325520833333334 0.0234375 0.026041666666666668
1 0.4036458333333333 0.4596354166666667 0.026041666666666668 0.033854166666666664
1 0.41015625 0.5390625 0.03125 0.015625
1 0.3515625 0.47265625 0.026041666666666668 0.018229166666666668
1 0.5611979166666666 0.5416666666666666 0.028645833333333332 0.018229166666666668
1 0.51953125 0.515625 0.018229166666666668 0.015625
1 0.5520833333333334 0.5182291666666666 0.044270833333333336 0.020833333333333332
1 0.4934895833333333 0.4661458333333333 0.026041666666666668 0.015625
1 0.4127604166666667 0.4466145833333333 0.0234375 0.03125
1 0.4036458333333333 0.4895833333333333 0.0234375 0.020833333333333332
1 0.4674479166666667 0.4674479166666667 0.020833333333333332 0.020833333333333332
1 0.4322916666666667 0.5130208333333334 0.026041666666666668 0.028645833333333332
1 0.3216145833333333 0.4973958333333333 0.013020833333333334 0.028645833333333332
1 0.296875 0.5182291666666666 0.020833333333333332 0.0234375
1 0.421875 0.4778645833333333 0.018229166666666668 0.03125
1 0.3736979166666667 0.5390625 0.026041666666666668 0.0234375