1 0.3307291666666667 0.3658854166666667 0.08854166666666667 0.0625
1 0.6888020833333334 0.3958333333333333 0.059895833333333336 0.0546875
1 0.6796875 0.56640625 0.036458333333333336 0.10677083333333333
1 0.4153645833333333 0.73828125 0.08333333333333333 0.10416666666666667
1 0.5950520833333334 0.34375 0.059895833333333336 0.10677083333333333
1 0.44140625 0.2513020833333333 0.057291666666666664 0.078125
1 0.40234375 0.5130208333333334 0.0546875 0.08072916666666667
1 0.5377604166666666 0.82421875 0.044270833333333336 0.08072916666666667
1 0.28125 0.25 0.10416666666666667 0.046875
1 0.6940104166666666 0.6393229166666666 0.044270833333333336 0.07552083333333333
1 0.7604166666666666 0.71484375 0.0546875 0.0625
1 0.49609375 0.13802083333333334 0.0390625 0.09635416666666667
1 0.16796875 0.3619791666666667 0.057291666666666664 0.0859375
1 0.23697916666666666 0.5625 0.08854166666666667 0.10416666666666667