1 0.3919270833333333 0.5013020833333334 0.046875 0.041666666666666664
1 0.5768229166666666 0.421875 0.046875 0.046875
1 0.53515625 0.453125 0.049479166666666664 0.0390625
1 0.4908854166666667 0.5403645833333334 0.052083333333333336 0.041666666666666664
1 0.4375 0.4791666666666667 0.036458333333333336 0.041666666666666664
1 0.5455729166666666 0.3958333333333333 0.0625 0.046875
1 0.6927083333333334 0.3828125 0.0546875 0.046875
1 0.6236979166666666 0.5950520833333334 0.052083333333333336 0.036458333333333336
1 0.515625 0.5013020833333334 0.046875 0.049479166666666664
1 0.5794270833333334 0.44921875 0.049479166666666664 0.028645833333333332
1 0.6653645833333334 0.37890625 0.049479166666666664 0.049479166666666664
1 0.6575520833333334 0.5 0.049479166666666664 0.052083333333333336
1 0.5794270833333334 0.5846354166666666 0.08072916666666667 0.0703125
1 0.6419270833333334 0.4283854166666667 0.059895833333333336 0.0546875
1 0.5989583333333334 0.4752604166666667 0.0390625 0.036458333333333336