1 0.8020833333333334 0.4296875 0.041666666666666664 0.0546875
1 0.4010416666666667 0.3502604166666667 0.0390625 0.0390625
1 0.546875 0.3723958333333333 0.044270833333333336 0.059895833333333336
1 0.8059895833333334 0.5872395833333334 0.049479166666666664 0.059895833333333336
1 0.4557291666666667 0.3229166666666667 0.0390625 0.057291666666666664
1 0.5234375 0.4192708333333333 0.0390625 0.0390625
1 0.39453125 0.46875 0.033854166666666664 0.036458333333333336
1 0.8020833333333334 0.3880208333333333 0.036458333333333336 0.044270833333333336
1 0.390625 0.4361979166666667 0.041666666666666664 0.052083333333333336
1 0.31640625 0.4635416666666667 0.044270833333333336 0.033854166666666664
1 0.60546875 0.51171875 0.028645833333333332 0.036458333333333336
1 0.47265625 0.265625 0.041666666666666664 0.046875
1 0.8580729166666666 0.3177083333333333 0.049479166666666664 0.059895833333333336
1 0.4309895833333333 0.3255208333333333 0.049479166666666664 0.049479166666666664
1 0.5052083333333334 0.5026041666666666 0.046875 0.041666666666666664
1 0.609375 0.5989583333333334 0.0546875 0.057291666666666664