1 0.6354166666666666 0.34765625 0.0625 0.11979166666666667
1 0.3255208333333333 0.53125 0.078125 0.057291666666666664
1 0.3424479166666667 0.7356770833333334 0.0546875 0.0859375
1 0.7083333333333334 0.33203125 0.07291666666666667 0.0703125
1 0.8177083333333334 0.5442708333333334 0.036458333333333336 0.078125
1 0.7630208333333334 0.69140625 0.09114583333333333 0.07291666666666667
1 0.5455729166666666 0.3619791666666667 0.07291666666666667 0.07291666666666667
1 0.6783854166666666 0.66796875 0.059895833333333336 0.046875
1 0.6888020833333334 0.31640625 0.08333333333333333 0.11197916666666667
1 0.4322916666666667 0.8177083333333334 0.07552083333333333 0.08333333333333333
1 0.3528645833333333 0.5260416666666666 0.08072916666666667 0.09895833333333333
1 0.4973958333333333 0.9283854166666666 0.07552083333333333 0.08333333333333333