1 0.5416666666666666 0.6393229166666666 0.0625 0.10677083333333333
1 0.4270833333333333 0.609375 0.0546875 0.06770833333333333
1 0.47265625 0.4635416666666667 0.078125 0.08072916666666667
1 0.5338541666666666 0.3346354166666667 0.052083333333333336 0.125
1 0.6692708333333334 0.4348958333333333 0.046875 0.08854166666666667
1 0.4583333333333333 0.33984375 0.044270833333333336 0.08854166666666667
1 0.3815104166666667 0.42578125 0.052083333333333336 0.09895833333333333
1 0.4583333333333333 0.2643229166666667 0.0703125 0.08072916666666667
1 0.6080729166666666 0.3177083333333333 0.057291666666666664 0.09895833333333333
1 0.4908854166666667 0.5052083333333334 0.057291666666666664 0.06770833333333333
1 0.5638020833333334 0.4518229166666667 0.06510416666666667 0.049479166666666664