1 0.3059895833333333 0.3567708333333333 0.036458333333333336 0.036458333333333336
1 0.32421875 0.4752604166666667 0.046875 0.044270833333333336
1 0.34765625 0.6171875 0.033854166666666664 0.06510416666666667
1 0.3684895833333333 0.6158854166666666 0.033854166666666664 0.06510416666666667
1 0.4622395833333333 0.68359375 0.033854166666666664 0.049479166666666664
1 0.4322916666666667 0.5716145833333334 0.052083333333333336 0.049479166666666664
1 0.3932291666666667 0.54296875 0.0390625 0.0625
1 0.5078125 0.546875 0.033854166666666664 0.06770833333333333
1 0.5013020833333334 0.3684895833333333 0.041666666666666664 0.0625
1 0.6302083333333334 0.63671875 0.03125 0.0546875
1 0.546875 0.296875 0.036458333333333336 0.052083333333333336
1 0.6236979166666666 0.6705729166666666 0.026041666666666668 0.036458333333333336
1 0.4244791666666667 0.5182291666666666 0.0390625 0.0703125
1 0.3776041666666667 0.3450520833333333 0.041666666666666664 0.0703125
1 0.671875 0.6744791666666666 0.036458333333333336 0.0546875
1 0.6263020833333334 0.4348958333333333 0.041666666666666664 0.057291666666666664
1 0.61328125 0.4075520833333333 0.046875 0.049479166666666664
1 0.6145833333333334 0.3606770833333333 0.044270833333333336 0.0390625
1 0.5377604166666666 0.25390625 0.036458333333333336 0.059895833333333336
1 0.5247395833333334 0.20182291666666666 0.033854166666666664 0.057291666666666664
1 0.42578125 0.2421875 0.041666666666666664 0.046875
1 0.6692708333333334 0.63671875 0.0390625 0.0546875
1 0.4713541666666667 0.4244791666666667 0.026041666666666668 0.0390625
1 0.3046875 0.3072916666666667 0.041666666666666664 0.06510416666666667
1 0.4283854166666667 0.7356770833333334 0.0390625 0.06770833333333333
1 0.47265625 0.6002604166666666 0.033854166666666664 0.049479166666666664
1 0.5911458333333334 0.7044270833333334 0.033854166666666664 0.06510416666666667
1 0.52734375 0.3815104166666667 0.0390625 0.0625
1 0.6106770833333334 0.6015625 0.03125 0.059895833333333336
1 0.69140625 0.6380208333333334 0.036458333333333336 0.026041666666666668
1 0.6458333333333334 0.4986979166666667 0.03125 0.03125
1 0.5924479166666666 0.3958333333333333 0.028645833333333332 0.06510416666666667
1 0.5690104166666666 0.3255208333333333 0.041666666666666664 0.0703125
1 0.5481770833333334 0.15885416666666666 0.044270833333333336 0.044270833333333336
1 0.49609375 0.20572916666666666 0.0390625 0.059895833333333336
1 0.4466145833333333 0.21354166666666666 0.041666666666666664 0.0703125
1 0.24869791666666666 0.26171875 0.033854166666666664 0.059895833333333336
1 0.6067708333333334 0.4661458333333333 0.041666666666666664 0.049479166666666664
1 0.546875 0.4348958333333333 0.041666666666666664 0.057291666666666664
1 0.3151041666666667 0.25390625 0.0390625 0.0546875
1 0.5364583333333334 0.69140625 0.036458333333333336 0.059895833333333336
1 0.5338541666666666 0.4088541666666667 0.041666666666666664 0.0390625
1 0.625 0.5377604166666666 0.033854166666666664 0.06510416666666667
1 0.6510416666666666 0.5494791666666666 0.0390625 0.046875
1 0.6497395833333334 0.4609375 0.033854166666666664 0.06510416666666667
1 0.4713541666666667 0.21744791666666666 0.044270833333333336 0.046875
1 0.45703125 0.28515625 0.041666666666666664 0.046875
1 0.22395833333333334 0.19661458333333334 0.0390625 0.059895833333333336
1 0.3151041666666667 0.5885416666666666 0.036458333333333336 0.059895833333333336
1 0.24869791666666666 0.30078125 0.049479166666666664 0.052083333333333336
1 0.2513020833333333 0.4934895833333333 0.0390625 0.046875
1 0.6106770833333334 0.5494791666666666 0.041666666666666664 0.0546875
1 0.6158854166666666 0.50390625 0.03125 0.044270833333333336
1 0.6302083333333334 0.5234375 0.03125 0.046875
1 0.4973958333333333 0.4921875 0.033854166666666664 0.0625
1 0.43359375 0.6028645833333334 0.041666666666666664 0.0546875
1 0.3971354166666667 0.58984375 0.03125 0.0546875
1 0.4322916666666667 0.49609375 0.0390625 0.052083333333333336
1 0.3971354166666667 0.3489583333333333 0.033854166666666664 0.0625
1 0.6015625 0.5130208333333334 0.0390625 0.06510416666666667
1 0.6822916666666666 0.5677083333333334 0.041666666666666664 0.0546875
1 0.5924479166666666 0.33203125 0.049479166666666664 0.06770833333333333
1 0.5364583333333334 0.20442708333333334 0.036458333333333336 0.0546875
1 0.5377604166666666 0.45703125 0.03125 0.049479166666666664
1 0.3971354166666667 0.7044270833333334 0.033854166666666664 0.044270833333333336
1 0.4505208333333333 0.5924479166666666 0.033854166666666664 0.06510416666666667
1 0.4622395833333333 0.5260416666666666 0.0390625 0.044270833333333336
1 0.50390625 0.5872395833333334 0.0390625 0.06510416666666667
1 0.5078125 0.7291666666666666 0.03125 0.046875
1 0.55859375 0.7005208333333334 0.046875 0.059895833333333336
1 0.6640625 0.7239583333333334 0.041666666666666664 0.052083333333333336
1 0.6588541666666666 0.5924479166666666 0.044270833333333336 0.044270833333333336
1 0.20182291666666666 0.21744791666666666 0.0390625 0.078125
1 0.21875 0.3841145833333333 0.046875 0.049479166666666664
1 0.2903645833333333 0.2578125 0.0390625 0.044270833333333336
1 0.5950520833333334 0.5546875 0.033854166666666664 0.044270833333333336
1 0.6080729166666666 0.3815104166666667 0.041666666666666664 0.033854166666666664
1 0.6341145833333334 0.4661458333333333 0.036458333333333336 0.059895833333333336
1 0.4427083333333333 0.52734375 0.036458333333333336 0.0546875
1 0.4622395833333333 0.3138020833333333 0.036458333333333336 0.049479166666666664
1 0.3098958333333333 0.4049479166666667 0.041666666666666664 0.033854166666666664
1 0.375 0.7005208333333334 0.052083333333333336 0.0546875
1 0.3776041666666667 0.5546875 0.041666666666666664 0.044270833333333336
1 0.38671875 0.4908854166666667 0.0390625 0.041666666666666664
1 0.484375 0.5416666666666666 0.033854166666666664 0.041666666666666664
1 0.4752604166666667 0.48828125 0.041666666666666664 0.046875
1 0.4635416666666667 0.3815104166666667 0.033854166666666664 0.07291666666666667
1 0.6497395833333334 0.6171875 0.036458333333333336 0.057291666666666664
1 0.5611979166666666 0.20442708333333334 0.0390625 0.06510416666666667
1 0.5455729166666666 0.12630208333333334 0.0390625 0.0546875
1 0.15755208333333334 0.2786458333333333 0.044270833333333336 0.057291666666666664
1 0.3828125 0.7174479166666666 0.03125 0.057291666666666664
1 0.6861979166666666 0.6171875 0.03125 0.044270833333333336
1 0.34375 0.23828125 0.044270833333333336 0.08072916666666667
1 0.4375 0.64453125 0.041666666666666664 0.06510416666666667
1 0.3658854166666667 0.4986979166666667 0.036458333333333336 0.06770833333333333
1 0.4583333333333333 0.4309895833333333 0.028645833333333332 0.052083333333333336
1 0.4791666666666667 0.45703125 0.0390625 0.033854166666666664
1 0.5026041666666666 0.4505208333333333 0.0390625 0.052083333333333336
1 0.5221354166666666 0.4518229166666667 0.033854166666666664 0.06770833333333333
1 0.6393229166666666 0.70703125 0.0390625 0.0546875
1 0.5924479166666666 0.5833333333333334 0.0390625 0.06510416666666667
1 0.515625 0.23828125 0.0390625 0.07291666666666667
1 0.22005208333333334 0.4309895833333333 0.036458333333333336 0.03125
1 0.6080729166666666 0.5768229166666666 0.033854166666666664 0.026041666666666668
1 0.4778645833333333 0.3046875 0.033854166666666664 0.036458333333333336