1 0.3177083333333333 0.7890625 0.03125 0.026041666666666668
1 0.4661458333333333 0.3515625 0.036458333333333336 0.036458333333333336
1 0.044270833333333336 0.5455729166666666 0.033854166666666664 0.026041666666666668
1 0.6236979166666666 0.6341145833333334 0.033854166666666664 0.046875
1 0.2825520833333333 0.7161458333333334 0.028645833333333332 0.046875
1 0.3580729166666667 0.6640625 0.033854166666666664 0.041666666666666664
1 0.6067708333333334 0.6106770833333334 0.033854166666666664 0.028645833333333332
1 0.3997395833333333 0.5533854166666666 0.036458333333333336 0.0390625
1 0.375 0.5872395833333334 0.028645833333333332 0.0234375
1 0.3580729166666667 0.7682291666666666 0.03125 0.049479166666666664
1 0.3736979166666667 0.6015625 0.026041666666666668 0.0234375
1 0.25 0.6666666666666666 0.03125 0.026041666666666668
1 0.5416666666666666 0.6458333333333334 0.0390625 0.036458333333333336
1 0.6328125 0.6015625 0.028645833333333332 0.026041666666666668
1 0.3919270833333333 0.5755208333333334 0.03125 0.041666666666666664
1 0.5026041666666666 0.41015625 0.026041666666666668 0.044270833333333336
1 0.3932291666666667 0.5390625 0.028645833333333332 0.028645833333333332
1 0.18880208333333334 0.4765625 0.026041666666666668 0.041666666666666664
1 0.53515625 0.41015625 0.033854166666666664 0.041666666666666664
1 0.5338541666666666 0.4479166666666667 0.028645833333333332 0.036458333333333336