1 0.6197916666666666 0.703125 0.059895833333333336 0.0625
1 0.46875 0.5533854166666666 0.0546875 0.0703125
1 0.41796875 0.61328125 0.049479166666666664 0.0703125
1 0.4869791666666667 0.7330729166666666 0.046875 0.052083333333333336
1 0.4192708333333333 0.4075520833333333 0.0390625 0.057291666666666664
1 0.4817708333333333 0.4205729166666667 0.057291666666666664 0.07291666666666667
1 0.47265625 0.36328125 0.046875 0.057291666666666664
1 0.4231770833333333 0.3645833333333333 0.049479166666666664 0.0625
1 0.4205729166666667 0.3111979166666667 0.0546875 0.0625
1 0.5638020833333334 0.8385416666666666 0.044270833333333336 0.0546875
1 0.5377604166666666 0.78515625 0.049479166666666664 0.06770833333333333
1 0.5143229166666666 0.6002604166666666 0.059895833333333336 0.06770833333333333
1 0.4596354166666667 0.7395833333333334 0.036458333333333336 0.033854166666666664
1 0.4609375 0.46484375 0.0390625 0.041666666666666664
1 0.6627604166666666 0.7109375 0.049479166666666664 0.046875
1 0.55859375 0.6002604166666666 0.0546875 0.057291666666666664
1 0.4479166666666667 0.5078125 0.046875 0.052083333333333336
1 0.4296875 0.6640625 0.046875 0.052083333333333336
1 0.21223958333333334 0.5169270833333334 0.0546875 0.06770833333333333
1 0.390625 0.4375 0.046875 0.044270833333333336
1 0.4036458333333333 0.4700520833333333 0.046875 0.0546875
1 0.3828125 0.48046875 0.049479166666666664 0.0625
1 0.5364583333333334 0.4544270833333333 0.049479166666666664 0.049479166666666664
1 0.5299479166666666 0.3411458333333333 0.046875 0.044270833333333336
1 0.4908854166666667 0.3424479166666667 0.044270833333333336 0.041666666666666664
1 0.6432291666666666 0.81640625 0.046875 0.057291666666666664
1 0.5924479166666666 0.90234375 0.057291666666666664 0.07552083333333333
1 0.6419270833333334 0.8619791666666666 0.0546875 0.059895833333333336
1 0.5078125 0.7955729166666666 0.052083333333333336 0.057291666666666664
1 0.4140625 0.78515625 0.046875 0.0703125
1 0.53125 0.8190104166666666 0.049479166666666664 0.049479166666666664
1 0.61328125 0.8658854166666666 0.049479166666666664 0.0546875
1 0.6119791666666666 0.87890625 0.033854166666666664 0.044270833333333336
1 0.4986979166666667 0.8606770833333334 0.049479166666666664 0.059895833333333336
1 0.4596354166666667 0.5690104166666666 0.0390625 0.049479166666666664
1 0.78515625 0.8151041666666666 0.049479166666666664 0.059895833333333336
1 0.8190104166666666 0.6861979166666666 0.057291666666666664 0.07552083333333333
1 0.5546875 0.55078125 0.041666666666666664 0.049479166666666664
1 0.26171875 0.4270833333333333 0.044270833333333336 0.059895833333333336
1 0.3359375 0.3736979166666667 0.041666666666666664 0.046875
1 0.5533854166666666 0.4388020833333333 0.052083333333333336 0.06510416666666667
1 0.4895833333333333 0.3684895833333333 0.0390625 0.046875
1 0.3828125 0.5 0.049479166666666664 0.0703125
1 0.6653645833333334 0.8190104166666666 0.052083333333333336 0.06770833333333333
1 0.5130208333333334 0.7734375 0.049479166666666664 0.052083333333333336
1 0.51953125 0.8776041666666666 0.049479166666666664 0.057291666666666664
1 0.7447916666666666 0.8828125 0.06510416666666667 0.06510416666666667
1 0.484375 0.546875 0.041666666666666664 0.0390625
1 0.4140625 0.4192708333333333 0.0390625 0.0546875
1 0.5598958333333334 0.8489583333333334 0.041666666666666664 0.049479166666666664
1 0.4075520833333333 0.3828125 0.044270833333333336 0.041666666666666664
1 0.3046875 0.4440104166666667 0.044270833333333336 0.0390625
1 0.48046875 0.6197916666666666 0.044270833333333336 0.0546875
1 0.23567708333333334 0.3971354166666667 0.046875 0.044270833333333336
1 0.21744791666666666 0.35546875 0.0546875 0.057291666666666664
1 0.3515625 0.3854166666666667 0.057291666666666664 0.06510416666666667
1 0.4466145833333333 0.46875 0.046875 0.0625
1 0.48828125 0.40625 0.052083333333333336 0.057291666666666664
1 0.5950520833333334 0.5286458333333334 0.057291666666666664 0.07291666666666667
1 0.5182291666666666 0.3736979166666667 0.059895833333333336 0.06510416666666667
1 0.5221354166666666 0.3216145833333333 0.046875 0.049479166666666664
1 0.6640625 0.9114583333333334 0.044270833333333336 0.057291666666666664
1 0.6145833333333334 0.8359375 0.049479166666666664 0.06510416666666667
1 0.4557291666666667 0.8958333333333334 0.052083333333333336 0.06510416666666667
1 0.4921875 0.89453125 0.057291666666666664 0.0703125
1 0.43359375 0.54296875 0.046875 0.049479166666666664
1 0.37890625 0.55859375 0.046875 0.052083333333333336
1 0.3229166666666667 0.4544270833333333 0.057291666666666664 0.059895833333333336
1 0.3893229166666667 0.3463541666666667 0.046875 0.049479166666666664
1 0.4505208333333333 0.44140625 0.046875 0.046875
1 0.41015625 0.4518229166666667 0.0390625 0.046875
1 0.609375 0.890625 0.049479166666666664 0.059895833333333336
1 0.5286458333333334 0.8606770833333334 0.041666666666666664 0.0546875
1 0.5416666666666666 0.765625 0.046875 0.046875
1 0.7669270833333334 0.9036458333333334 0.057291666666666664 0.0546875
1 0.5442708333333334 0.8580729166666666 0.0390625 0.052083333333333336
1 0.3971354166666667 0.546875 0.046875 0.046875
1 0.71484375 0.8190104166666666 0.052083333333333336 0.07552083333333333
1 0.5768229166666666 0.7408854166666666 0.052083333333333336 0.059895833333333336
1 0.4270833333333333 0.5950520833333334 0.052083333333333336 0.06770833333333333
1 0.46484375 0.6536458333333334 0.049479166666666664 0.06770833333333333
1 0.4778645833333333 0.703125 0.0546875 0.0546875
1 0.4309895833333333 0.7018229166666666 0.052083333333333336 0.046875
1 0.3046875 0.4153645833333333 0.0546875 0.06510416666666667
1 0.4401041666666667 0.3645833333333333 0.049479166666666664 0.06510416666666667
1 0.62109375 0.82421875 0.052083333333333336 0.0703125
1 0.40625 0.8997395833333334 0.0546875 0.057291666666666664
1 0.4244791666666667 0.50390625 0.044270833333333336 0.059895833333333336
1 0.453125 0.3567708333333333 0.041666666666666664 0.046875
1 0.3815104166666667 0.40234375 0.041666666666666664 0.044270833333333336
1 0.515625 0.66015625 0.046875 0.0625
1 0.375 0.58984375 0.046875 0.052083333333333336
1 0.4010416666666667 0.6015625 0.052083333333333336 0.07552083333333333
1 0.3828125 0.5260416666666666 0.046875 0.052083333333333336
1 0.69140625 0.7955729166666666 0.059895833333333336 0.08072916666666667
1 0.5338541666666666 0.6979166666666666 0.0546875 0.059895833333333336
1 0.5364583333333334 0.6432291666666666 0.049479166666666664 0.049479166666666664
1 0.54296875 0.5520833333333334 0.044270833333333336 0.0546875
1 0.5065104166666666 0.5755208333333334 0.044270833333333336 0.046875
1 0.4869791666666667 0.6028645833333334 0.041666666666666664 0.052083333333333336
1 0.4765625 0.5091145833333334 0.044270833333333336 0.0546875
1 0.3645833333333333 0.6197916666666666 0.057291666666666664 0.07291666666666667
1 0.30078125 0.5247395833333334 0.0546875 0.0625
1 0.14453125 0.4661458333333333 0.049479166666666664 0.057291666666666664
1 0.4557291666666667 0.4140625 0.052083333333333336 0.0546875
1 0.5950520833333334 0.4856770833333333 0.0625 0.08333333333333333
1 0.4153645833333333 0.7643229166666666 0.052083333333333336 0.07552083333333333
1 0.4622395833333333 0.87109375 0.052083333333333336 0.06770833333333333
1 0.4361979166666667 0.4075520833333333 0.0390625 0.041666666666666664
1 0.6888020833333334 0.8268229166666666 0.052083333333333336 0.057291666666666664
1 0.5208333333333334 0.3541666666666667 0.049479166666666664 0.06510416666666667
1 0.5065104166666666 0.65625 0.044270833333333336 0.0390625
1 0.3619791666666667 0.5690104166666666 0.046875 0.049479166666666664
1 0.3515625 0.5403645833333334 0.052083333333333336 0.06510416666666667
1 0.3463541666666667 0.5052083333333334 0.041666666666666664 0.057291666666666664
1 0.2747395833333333 0.4192708333333333 0.044270833333333336 0.0546875
1 0.3841145833333333 0.4231770833333333 0.052083333333333336 0.044270833333333336
1 0.3893229166666667 0.2864583333333333 0.049479166666666664 0.059895833333333336
1 0.625 0.8111979166666666 0.041666666666666664 0.052083333333333336
1 0.6393229166666666 0.91796875 0.049479166666666664 0.0703125
1 0.5677083333333334 0.8046875 0.041666666666666664 0.0390625
1 0.5013020833333334 0.8138020833333334 0.044270833333333336 0.0625
1 0.4817708333333333 0.8151041666666666 0.046875 0.052083333333333336
1 0.46875 0.7799479166666666 0.049479166666666664 0.057291666666666664
1 0.4544270833333333 0.6979166666666666 0.041666666666666664 0.052083333333333336
1 0.47265625 0.7278645833333334 0.0390625 0.046875