1 0.5325520833333334 0.2981770833333333 0.049479166666666664 0.044270833333333336
1 0.4934895833333333 0.3255208333333333 0.041666666666666664 0.033854166666666664
1 0.51171875 0.37890625 0.049479166666666664 0.033854166666666664
1 0.3958333333333333 0.390625 0.049479166666666664 0.033854166666666664
1 0.3359375 0.4075520833333333 0.0390625 0.046875
1 0.22395833333333334 0.4635416666666667 0.049479166666666664 0.0234375
1 0.3151041666666667 0.7122395833333334 0.044270833333333336 0.052083333333333336
1 0.3203125 0.59375 0.036458333333333336 0.036458333333333336
1 0.47265625 0.5768229166666666 0.06510416666666667 0.0390625
1 0.4895833333333333 0.6171875 0.028645833333333332 0.0390625
1 0.55078125 0.4479166666666667 0.044270833333333336 0.0390625
1 0.17447916666666666 0.7916666666666666 0.059895833333333336 0.0546875
1 0.14583333333333334 0.69140625 0.078125 0.046875
1 0.3763020833333333 0.51171875 0.041666666666666664 0.0390625
1 0.4947916666666667 0.5572916666666666 0.057291666666666664 0.044270833333333336
1 0.7018229166666666 0.453125 0.044270833333333336 0.046875
1 0.6184895833333334 0.4453125 0.052083333333333336 0.044270833333333336
1 0.609375 0.5768229166666666 0.059895833333333336 0.041666666666666664
1 0.3098958333333333 0.45703125 0.028645833333333332 0.041666666666666664
1 0.18359375 0.7513020833333334 0.041666666666666664 0.044270833333333336
1 0.265625 0.63671875 0.044270833333333336 0.049479166666666664
1 0.22786458333333334 0.6549479166666666 0.0546875 0.041666666666666664
1 0.33203125 0.6171875 0.057291666666666664 0.0390625
1 0.296875 0.609375 0.044270833333333336 0.036458333333333336
1 0.2838541666666667 0.5611979166666666 0.049479166666666664 0.0390625
1 0.5768229166666666 0.5169270833333334 0.044270833333333336 0.041666666666666664
1 0.171875 0.8528645833333334 0.0703125 0.052083333333333336
1 0.4713541666666667 0.5078125 0.057291666666666664 0.049479166666666664
1 0.6666666666666666 0.3763020833333333 0.041666666666666664 0.044270833333333336
1 0.7096354166666666 0.5442708333333334 0.0546875 0.0546875
1 0.6901041666666666 0.41796875 0.08072916666666667 0.041666666666666664
1 0.31640625 0.6536458333333334 0.044270833333333336 0.044270833333333336
1 0.4127604166666667 0.6002604166666666 0.049479166666666664 0.041666666666666664
1 0.4752604166666667 0.3815104166666667 0.036458333333333336 0.041666666666666664
1 0.3229166666666667 0.4322916666666667 0.059895833333333336 0.03125
1 0.17578125 0.5234375 0.049479166666666664 0.046875
1 0.59765625 0.3984375 0.0546875 0.041666666666666664
1 0.7213541666666666 0.6028645833333334 0.049479166666666664 0.0390625
1 0.6302083333333334 0.6158854166666666 0.07552083333333333 0.033854166666666664
1 0.21354166666666666 0.765625 0.0546875 0.0546875
1 0.17447916666666666 0.6458333333333334 0.041666666666666664 0.057291666666666664
1 0.6276041666666666 0.484375 0.0546875 0.036458333333333336
1 0.53515625 0.5442708333333334 0.06510416666666667 0.03125
1 0.3997395833333333 0.5065104166666666 0.0390625 0.0390625
1 0.34765625 0.6510416666666666 0.049479166666666664 0.03125
1 0.55859375 0.35546875 0.0546875 0.036458333333333336
1 0.23177083333333334 0.4765625 0.033854166666666664 0.041666666666666664
1 0.2591145833333333 0.4778645833333333 0.0546875 0.041666666666666664
1 0.3541666666666667 0.7955729166666666 0.059895833333333336 0.057291666666666664
1 0.25390625 0.5729166666666666 0.036458333333333336 0.044270833333333336
1 0.3984375 0.4440104166666667 0.041666666666666664 0.044270833333333336
1 0.3828125 0.5416666666666666 0.06770833333333333 0.033854166666666664
1 0.20703125 0.5625 0.041666666666666664 0.046875
1 0.375 0.57421875 0.052083333333333336 0.0390625
1 0.5234375 0.6471354166666666 0.052083333333333336 0.0390625
1 0.6028645833333334 0.66796875 0.057291666666666664 0.041666666666666664
1 0.4010416666666667 0.4114583333333333 0.052083333333333336 0.036458333333333336
1 0.6028645833333334 0.69921875 0.06770833333333333 0.0390625
1 0.2799479166666667 0.8372395833333334 0.06770833333333333 0.049479166666666664
1 0.24088541666666666 0.83984375 0.041666666666666664 0.0625
1 0.2578125 0.7591145833333334 0.07291666666666667 0.052083333333333336
1 0.4114583333333333 0.6783854166666666 0.057291666666666664 0.03125
1 0.3450520833333333 0.7096354166666666 0.049479166666666664 0.041666666666666664
1 0.2421875 0.5052083333333334 0.052083333333333336 0.0390625
1 0.6393229166666666 0.3776041666666667 0.044270833333333336 0.033854166666666664
1 0.52734375 0.33203125 0.057291666666666664 0.0390625
1 0.22395833333333334 0.5911458333333334 0.057291666666666664 0.036458333333333336
1 0.5091145833333334 0.6276041666666666 0.059895833333333336 0.03125
1 0.5716145833333334 0.4544270833333333 0.044270833333333336 0.046875
1 0.2721354166666667 0.45703125 0.057291666666666664 0.044270833333333336
1 0.6236979166666666 0.5013020833333334 0.052083333333333336 0.0390625
1 0.3580729166666667 0.6966145833333334 0.0625 0.0390625