1 0.3580729166666667 0.5833333333333334 0.041666666666666664 0.0625
1 0.3606770833333333 0.515625 0.057291666666666664 0.0703125
1 0.2721354166666667 0.375 0.046875 0.0625
1 0.53125 0.33984375 0.057291666666666664 0.06770833333333333
1 0.3046875 0.34375 0.06770833333333333 0.06510416666666667
1 0.3919270833333333 0.5546875 0.046875 0.059895833333333336
1 0.6783854166666666 0.4947916666666667 0.07291666666666667 0.033854166666666664
1 0.4153645833333333 0.73828125 0.10416666666666667 0.059895833333333336
1 0.4635416666666667 0.7421875 0.078125 0.041666666666666664
1 0.4140625 0.3046875 0.078125 0.0390625
1 0.2981770833333333 0.4544270833333333 0.07552083333333333 0.078125
1 0.3177083333333333 0.6341145833333334 0.07291666666666667 0.057291666666666664
1 0.26171875 0.59375 0.06510416666666667 0.06510416666666667
1 0.6484375 0.3515625 0.09895833333333333 0.059895833333333336
1 0.7109375 0.4088541666666667 0.0703125 0.07552083333333333
1 0.7630208333333334 0.5013020833333334 0.06510416666666667 0.0703125
1 0.6901041666666666 0.4596354166666667 0.09895833333333333 0.046875
1 0.3372395833333333 0.7005208333333334 0.09114583333333333 0.0625
1 0.5559895833333334 0.6575520833333334 0.046875 0.0625
1 0.7565104166666666 0.6588541666666666 0.0625 0.07291666666666667
1 0.5846354166666666 0.7721354166666666 0.0625 0.049479166666666664
1 0.3776041666666667 0.2825520833333333 0.07552083333333333 0.0625
1 0.3333333333333333 0.3111979166666667 0.07552083333333333 0.041666666666666664
1 0.4205729166666667 0.5260416666666666 0.08333333333333333 0.036458333333333336
1 0.42578125 0.5638020833333334 0.078125 0.07552083333333333
1 0.5221354166666666 0.4635416666666667 0.06510416666666667 0.059895833333333336
1 0.3893229166666667 0.48828125 0.07552083333333333 0.059895833333333336
1 0.69921875 0.3815104166666667 0.07552083333333333 0.0390625
1 0.7161458333333334 0.5013020833333334 0.046875 0.036458333333333336
1 0.6484375 0.6549479166666666 0.08854166666666667 0.059895833333333336
1 0.6263020833333334 0.6692708333333334 0.078125 0.052083333333333336
1 0.7096354166666666 0.5598958333333334 0.08072916666666667 0.049479166666666664
1 0.4791666666666667 0.7057291666666666 0.052083333333333336 0.059895833333333336
1 0.5533854166666666 0.6966145833333334 0.09114583333333333 0.046875
1 0.5208333333333334 0.62109375 0.06770833333333333 0.059895833333333336
1 0.5013020833333334 0.3411458333333333 0.044270833333333336 0.0546875
1 0.2721354166666667 0.7018229166666666 0.10416666666666667 0.059895833333333336
1 0.8033854166666666 0.4036458333333333 0.0859375 0.044270833333333336
1 0.5598958333333334 0.4036458333333333 0.08854166666666667 0.059895833333333336
1 0.7356770833333334 0.41796875 0.08333333333333333 0.0546875
1 0.7356770833333334 0.4557291666666667 0.078125 0.046875
1 0.58203125 0.6432291666666666 0.036458333333333336 0.0703125
1 0.5026041666666666 0.5950520833333334 0.07291666666666667 0.057291666666666664
1 0.4153645833333333 0.24479166666666666 0.09635416666666667 0.041666666666666664
1 0.3645833333333333 0.21223958333333334 0.0859375 0.06510416666666667
1 0.25390625 0.07161458333333333 0.06770833333333333 0.07291666666666667
1 0.3541666666666667 0.2643229166666667 0.08333333333333333 0.049479166666666664
1 0.6927083333333334 0.52734375 0.036458333333333336 0.057291666666666664
1 0.6380208333333334 0.5052083333333334 0.0546875 0.036458333333333336
1 0.6575520833333334 0.6236979166666666 0.078125 0.041666666666666664
1 0.31640625 0.6067708333333334 0.078125 0.041666666666666664
1 0.2994791666666667 0.38671875 0.0625 0.07291666666666667
1 0.22395833333333334 0.4986979166666667 0.09375 0.049479166666666664
1 0.6614583333333334 0.4583333333333333 0.0390625 0.06510416666666667
1 0.66015625 0.5598958333333334 0.052083333333333336 0.0703125
1 0.5559895833333334 0.7135416666666666 0.09114583333333333 0.0390625
1 0.5963541666666666 0.7552083333333334 0.078125 0.0546875
1 0.5130208333333334 0.7513020833333334 0.052083333333333336 0.078125
1 0.23958333333333334 0.2604166666666667 0.07552083333333333 0.06770833333333333
1 0.6067708333333334 0.3880208333333333 0.09895833333333333 0.059895833333333336
1 0.4609375 0.4661458333333333 0.08333333333333333 0.057291666666666664
1 0.5859375 0.3567708333333333 0.07552083333333333 0.033854166666666664
1 0.6796875 0.4088541666666667 0.0546875 0.0390625
1 0.7213541666666666 0.6171875 0.057291666666666664 0.09635416666666667
1 0.4205729166666667 0.6966145833333334 0.08333333333333333 0.052083333333333336
1 0.7708333333333334 0.6236979166666666 0.044270833333333336 0.06770833333333333
1 0.7083333333333334 0.8151041666666666 0.07552083333333333 0.059895833333333336
1 0.4791666666666667 0.6614583333333334 0.06770833333333333 0.046875
1 0.43359375 0.3190104166666667 0.08333333333333333 0.059895833333333336
1 0.3776041666666667 0.6171875 0.0546875 0.0625
1 0.359375 0.3333333333333333 0.09895833333333333 0.057291666666666664
1 0.34765625 0.4700520833333333 0.0703125 0.06770833333333333
1 0.3268229166666667 0.6536458333333334 0.06510416666666667 0.0546875
1 0.5924479166666666 0.3372395833333333 0.0859375 0.046875
1 0.6953125 0.48046875 0.08333333333333333 0.041666666666666664
1 0.64453125 0.5859375 0.078125 0.0703125
1 0.3684895833333333 0.6901041666666666 0.08072916666666667 0.041666666666666664
1 0.5442708333333334 0.7552083333333334 0.046875 0.06510416666666667
1 0.5755208333333334 0.609375 0.049479166666666664 0.052083333333333336