1 0.6158854166666666 0.22526041666666666 0.036458333333333336 0.0234375
1 0.46875 0.24348958333333334 0.052083333333333336 0.041666666666666664
1 0.3763020833333333 0.28125 0.044270833333333336 0.03125
1 0.2864583333333333 0.3606770833333333 0.044270833333333336 0.044270833333333336
1 0.3658854166666667 0.4205729166666667 0.0390625 0.057291666666666664
1 0.4869791666666667 0.4635416666666667 0.049479166666666664 0.0625
1 0.515625 0.6419270833333334 0.041666666666666664 0.078125
1 0.671875 0.5703125 0.046875 0.057291666666666664
1 0.6015625 0.71484375 0.033854166666666664 0.049479166666666664
1 0.5221354166666666 0.9166666666666666 0.033854166666666664 0.03125
1 0.4153645833333333 0.28125 0.041666666666666664 0.059895833333333336
1 0.3763020833333333 0.4453125 0.0546875 0.049479166666666664
1 0.53125 0.5755208333333334 0.041666666666666664 0.06510416666666667
1 0.4934895833333333 0.2604166666666667 0.057291666666666664 0.041666666666666664
1 0.20572916666666666 0.40625 0.059895833333333336 0.041666666666666664
1 0.3138020833333333 0.390625 0.036458333333333336 0.049479166666666664
1 0.3658854166666667 0.203125 0.046875 0.046875
1 0.3606770833333333 0.38671875 0.0390625 0.03125
1 0.4375 0.53515625 0.03125 0.049479166666666664
1 0.5833333333333334 0.5677083333333334 0.059895833333333336 0.0546875
1 0.5989583333333334 0.5846354166666666 0.044270833333333336 0.057291666666666664
1 0.40234375 0.9283854166666666 0.049479166666666664 0.041666666666666664
1 0.44921875 0.2630208333333333 0.0390625 0.046875
1 0.3802083333333333 0.3411458333333333 0.03125 0.0546875
1 0.3893229166666667 0.4127604166666667 0.049479166666666664 0.059895833333333336