1 0.7447916666666666 0.5481770833333334 0.08072916666666667 0.08072916666666667
1 0.06770833333333333 0.5338541666666666 0.0859375 0.057291666666666664
1 0.56640625 0.3268229166666667 0.0703125 0.07552083333333333
1 0.15755208333333334 0.37890625 0.09375 0.0625
1 0.3333333333333333 0.49609375 0.09375 0.08854166666666667
1 0.3971354166666667 0.7591145833333334 0.13541666666666666 0.041666666666666664
1 0.33984375 0.4088541666666667 0.10416666666666667 0.0859375
1 0.7643229166666666 0.8697916666666666 0.07552083333333333 0.08072916666666667
1 0.6171875 0.7630208333333334 0.109375 0.059895833333333336
1 0.4661458333333333 0.17578125 0.08854166666666667 0.044270833333333336
1 0.06901041666666667 0.17317708333333334 0.07552083333333333 0.0625
1 0.7877604166666666 0.022135416666666668 0.049479166666666664 0.044270833333333336
1 0.91015625 0.3216145833333333 0.08072916666666667 0.049479166666666664
1 0.74609375 0.3229166666666667 0.109375 0.036458333333333336
1 0.22005208333333334 0.18229166666666666 0.09895833333333333 0.033854166666666664
1 0.07161458333333333 0.9440104166666666 0.08333333333333333 0.046875
1 0.1328125 0.66796875 0.09895833333333333 0.046875
1 0.9518229166666666 0.59375 0.09635416666666667 0.08333333333333333
1 0.5260416666666666 0.70703125 0.08072916666666667 0.08854166666666667
1 0.31640625 0.08854166666666667 0.09895833333333333 0.0390625
1 0.7721354166666666 0.11067708333333333 0.13020833333333334 0.041666666666666664
1 0.3658854166666667 0.6171875 0.125 0.0625