1 0.5091145833333334 0.6809895833333334 0.046875 0.028645833333333332
1 0.39453125 0.4700520833333333 0.026041666666666668 0.049479166666666664
1 0.50390625 0.39453125 0.03125 0.018229166666666668
1 0.45703125 0.23046875 0.026041666666666668 0.020833333333333332
1 0.53125 0.2760416666666667 0.018229166666666668 0.03125
1 0.5520833333333334 0.4088541666666667 0.026041666666666668 0.0234375
1 0.62109375 0.4388020833333333 0.028645833333333332 0.020833333333333332
1 0.390625 0.4947916666666667 0.033854166666666664 0.03125
1 0.55859375 0.5924479166666666 0.018229166666666668 0.033854166666666664
1 0.5390625 0.5299479166666666 0.033854166666666664 0.026041666666666668
1 0.515625 0.6927083333333334 0.041666666666666664 0.026041666666666668
1 0.4947916666666667 0.3307291666666667 0.020833333333333332 0.020833333333333332
1 0.5169270833333334 0.53515625 0.0234375 0.044270833333333336
1 0.5846354166666666 0.5963541666666666 0.033854166666666664 0.049479166666666664
1 0.4283854166666667 0.23567708333333334 0.018229166666666668 0.044270833333333336
1 0.4505208333333333 0.4427083333333333 0.026041666666666668 0.03125
1 0.5065104166666666 0.65625 0.018229166666666668 0.036458333333333336
1 0.5247395833333334 0.44140625 0.0234375 0.049479166666666664
1 0.4166666666666667 0.4244791666666667 0.020833333333333332 0.018229166666666668
1 0.4921875 0.5729166666666666 0.0234375 0.0859375
1 0.5638020833333334 0.4830729166666667 0.028645833333333332 0.020833333333333332
1 0.546875 0.62890625 0.026041666666666668 0.033854166666666664
1 0.4934895833333333 0.2669270833333333 0.033854166666666664 0.026041666666666668
1 0.5390625 0.5572916666666666 0.0234375 0.041666666666666664
1 0.5221354166666666 0.5611979166666666 0.033854166666666664 0.041666666666666664
1 0.5755208333333334 0.6223958333333334 0.020833333333333332 0.026041666666666668
1 0.4244791666666667 0.6888020833333334 0.0234375 0.0390625
1 0.4427083333333333 0.3763020833333333 0.026041666666666668 0.0234375
1 0.5260416666666666 0.2916666666666667 0.013020833333333334 0.044270833333333336
1 0.3815104166666667 0.5403645833333334 0.0234375 0.059895833333333336
1 0.4440104166666667 0.3307291666666667 0.03125 0.013020833333333334
1 0.5546875 0.546875 0.020833333333333332 0.041666666666666664
1 0.5716145833333334 0.4440104166666667 0.0390625 0.0234375
1 0.4765625 0.6770833333333334 0.0234375 0.020833333333333332
1 0.5481770833333334 0.41796875 0.028645833333333332 0.020833333333333332
1 0.3997395833333333 0.3828125 0.0234375 0.015625
1 0.39453125 0.4453125 0.0234375 0.041666666666666664
1 0.4375 0.2838541666666667 0.015625 0.036458333333333336
1 0.4127604166666667 0.3515625 0.026041666666666668 0.020833333333333332
1 0.4739583333333333 0.7161458333333334 0.03125 0.033854166666666664
1 0.4283854166666667 0.3177083333333333 0.015625 0.033854166666666664
1 0.44921875 0.3098958333333333 0.0234375 0.033854166666666664
1 0.4778645833333333 0.3411458333333333 0.033854166666666664 0.036458333333333336
1 0.5377604166666666 0.6966145833333334 0.026041666666666668 0.020833333333333332
1 0.5533854166666666 0.453125 0.026041666666666668 0.020833333333333332
1 0.4557291666666667 0.23958333333333334 0.026041666666666668 0.020833333333333332
1 0.5651041666666666 0.4231770833333333 0.0234375 0.03125
1 0.5338541666666666 0.7903645833333334 0.0234375 0.015625
1 0.5260416666666666 0.4934895833333333 0.0234375 0.036458333333333336
1 0.5442708333333334 0.6901041666666666 0.03125 0.0546875
1 0.4986979166666667 0.4596354166666667 0.020833333333333332 0.033854166666666664
1 0.5208333333333334 0.3177083333333333 0.03125 0.033854166666666664
1 0.46875 0.6471354166666666 0.028645833333333332 0.028645833333333332
1 0.4700520833333333 0.4114583333333333 0.026041666666666668 0.041666666666666664
1 0.4622395833333333 0.4830729166666667 0.033854166666666664 0.020833333333333332
1 0.4739583333333333 0.5325520833333334 0.0234375 0.049479166666666664
1 0.5598958333333334 0.578125 0.018229166666666668 0.028645833333333332
1 0.4401041666666667 0.6041666666666666 0.018229166666666668 0.026041666666666668
1 0.4791666666666667 0.6888020833333334 0.026041666666666668 0.028645833333333332
1 0.453125 0.7630208333333334 0.015625 0.03125
1 0.4934895833333333 0.4192708333333333 0.028645833333333332 0.03125
1 0.46875 0.3059895833333333 0.026041666666666668 0.03125
1 0.4309895833333333 0.3489583333333333 0.015625 0.036458333333333336
1 0.5703125 0.4947916666666667 0.028645833333333332 0.013020833333333334
1 0.4947916666666667 0.53515625 0.015625 0.041666666666666664
1 0.51953125 0.63671875 0.028645833333333332 0.028645833333333332
1 0.5403645833333334 0.2682291666666667 0.026041666666666668 0.028645833333333332
1 0.5755208333333334 0.4635416666666667 0.0234375 0.026041666666666668
1 0.56640625 0.5338541666666666 0.018229166666666668 0.046875
1 0.5442708333333334 0.4869791666666667 0.0234375 0.046875
1 0.47265625 0.3919270833333333 0.026041666666666668 0.020833333333333332
1 0.55859375 0.67578125 0.018229166666666668 0.0390625
1 0.5052083333333334 0.6028645833333334 0.020833333333333332 0.036458333333333336
1 0.51953125 0.3359375 0.028645833333333332 0.026041666666666668