1 0.6979166666666666 0.15364583333333334 0.0234375 0.044270833333333336
1 0.3697916666666667 0.2630208333333333 0.020833333333333332 0.049479166666666664
1 0.5911458333333334 0.3307291666666667 0.03125 0.0546875
1 0.6731770833333334 0.48046875 0.020833333333333332 0.041666666666666664
1 0.6263020833333334 0.5651041666666666 0.036458333333333336 0.026041666666666668
1 0.5885416666666666 0.5872395833333334 0.018229166666666668 0.0390625
1 0.5494791666666666 0.5013020833333334 0.0234375 0.0390625
1 0.5182291666666666 0.46875 0.020833333333333332 0.0390625
1 0.4817708333333333 0.44140625 0.036458333333333336 0.036458333333333336
1 0.3450520833333333 0.4505208333333333 0.0234375 0.041666666666666664
1 0.578125 0.5611979166666666 0.015625 0.0546875
1 0.703125 0.421875 0.018229166666666668 0.033854166666666664
1 0.6770833333333334 0.4231770833333333 0.036458333333333336 0.03125
1 0.5872395833333334 0.6705729166666666 0.0390625 0.041666666666666664
1 0.6302083333333334 0.5325520833333334 0.015625 0.049479166666666664
1 0.6002604166666666 0.50390625 0.0234375 0.036458333333333336
1 0.3919270833333333 0.484375 0.028645833333333332 0.033854166666666664
1 0.5286458333333334 0.4856770833333333 0.018229166666666668 0.044270833333333336
1 0.7473958333333334 0.4088541666666667 0.036458333333333336 0.028645833333333332
1 0.3932291666666667 0.8294270833333334 0.0390625 0.0234375
1 0.6145833333333334 0.6940104166666666 0.036458333333333336 0.028645833333333332
1 0.6041666666666666 0.43359375 0.03125 0.036458333333333336
1 0.453125 0.390625 0.020833333333333332 0.041666666666666664
1 0.4075520833333333 0.4075520833333333 0.020833333333333332 0.046875
1 0.4140625 0.45703125 0.03125 0.03125
1 0.32421875 0.47265625 0.036458333333333336 0.033854166666666664
1 0.53515625 0.4401041666666667 0.018229166666666668 0.044270833333333336
1 0.3671875 0.5 0.020833333333333332 0.018229166666666668
1 0.8541666666666666 0.3528645833333333 0.028645833333333332 0.049479166666666664
1 0.7994791666666666 0.3567708333333333 0.028645833333333332 0.0234375
1 0.71875 0.5572916666666666 0.020833333333333332 0.052083333333333336
1 0.5377604166666666 0.90234375 0.041666666666666664 0.026041666666666668
1 0.61328125 0.5260416666666666 0.015625 0.049479166666666664
1 0.61328125 0.5625 0.036458333333333336 0.026041666666666668
1 0.578125 0.6236979166666666 0.0234375 0.044270833333333336
1 0.53515625 0.4765625 0.013020833333333334 0.0390625
1 0.3932291666666667 0.3841145833333333 0.033854166666666664 0.044270833333333336
1 0.5091145833333334 0.4609375 0.0234375 0.028645833333333332
1 0.44140625 0.4322916666666667 0.026041666666666668 0.036458333333333336
1 0.4205729166666667 0.43359375 0.03125 0.026041666666666668
1 0.7486979166666666 0.39453125 0.026041666666666668 0.0234375
1 0.7890625 0.33203125 0.036458333333333336 0.03125
1 0.75 0.3697916666666667 0.015625 0.046875
1 0.78515625 0.4166666666666667 0.028645833333333332 0.046875
1 0.5833333333333334 0.46484375 0.026041666666666668 0.0390625
1 0.62109375 0.6263020833333334 0.0234375 0.052083333333333336
1 0.5611979166666666 0.4348958333333333 0.033854166666666664 0.020833333333333332
1 0.4934895833333333 0.47265625 0.036458333333333336 0.03125
1 0.5638020833333334 0.4544270833333333 0.028645833333333332 0.018229166666666668
1 0.625 0.3958333333333333 0.028645833333333332 0.026041666666666668
1 0.5494791666666666 0.3815104166666667 0.033854166666666664 0.044270833333333336
1 0.625 0.50390625 0.0390625 0.028645833333333332
1 0.6028645833333334 0.6080729166666666 0.018229166666666668 0.033854166666666664
1 0.5885416666666666 0.5638020833333334 0.0234375 0.028645833333333332
1 0.5325520833333334 0.5390625 0.020833333333333332 0.044270833333333336
1 0.4700520833333333 0.3893229166666667 0.018229166666666668 0.046875
1 0.6354166666666666 0.46484375 0.020833333333333332 0.044270833333333336
1 0.4765625 0.7486979166666666 0.028645833333333332 0.033854166666666664
1 0.55078125 0.921875 0.044270833333333336 0.0390625
1 0.5572916666666666 0.6302083333333334 0.020833333333333332 0.041666666666666664
1 0.6106770833333334 0.5846354166666666 0.03125 0.028645833333333332
1 0.39453125 0.3177083333333333 0.0234375 0.041666666666666664
1 0.5169270833333334 0.5013020833333334 0.036458333333333336 0.041666666666666664
1 0.42578125 0.5403645833333334 0.026041666666666668 0.041666666666666664
1 0.3424479166666667 0.42578125 0.0390625 0.033854166666666664
1 0.4244791666666667 0.09375 0.0234375 0.044270833333333336
1 0.5690104166666666 0.6184895833333334 0.018229166666666668 0.049479166666666664
1 0.5872395833333334 0.52734375 0.020833333333333332 0.052083333333333336
1 0.4921875 0.5416666666666666 0.020833333333333332 0.041666666666666664
1 0.4674479166666667 0.5169270833333334 0.041666666666666664 0.036458333333333336
1 0.5638020833333334 0.4700520833333333 0.026041666666666668 0.046875
1 0.546875 0.4440104166666667 0.015625 0.046875
1 0.48046875 0.3684895833333333 0.020833333333333332 0.046875
1 0.4947916666666667 0.4296875 0.015625 0.033854166666666664