1 0.6328125 0.3997395833333333 0.0390625 0.033854166666666664
1 0.65234375 0.2565104166666667 0.041666666666666664 0.044270833333333336
1 0.6158854166666666 0.3828125 0.036458333333333336 0.033854166666666664
1 0.6171875 0.2421875 0.0390625 0.057291666666666664
1 0.7721354166666666 0.6002604166666666 0.044270833333333336 0.044270833333333336
1 0.51171875 0.6119791666666666 0.044270833333333336 0.0390625
1 0.61328125 0.4934895833333333 0.0390625 0.033854166666666664
1 0.5013020833333334 0.4479166666666667 0.044270833333333336 0.06510416666666667
1 0.4817708333333333 0.5403645833333334 0.057291666666666664 0.0546875
1 0.5833333333333334 0.4140625 0.033854166666666664 0.028645833333333332
1 0.4752604166666667 0.328125 0.0546875 0.0625
1 0.6731770833333334 0.3763020833333333 0.028645833333333332 0.0390625
1 0.6640625 0.3893229166666667 0.044270833333333336 0.041666666666666664
1 0.5833333333333334 0.7981770833333334 0.036458333333333336 0.046875
1 0.6484375 0.484375 0.033854166666666664 0.041666666666666664
1 0.6510416666666666 0.4283854166666667 0.033854166666666664 0.044270833333333336
1 0.7903645833333334 0.6184895833333334 0.049479166666666664 0.0390625
1 0.53125 0.5638020833333334 0.0390625 0.0390625
1 0.49609375 0.6705729166666666 0.044270833333333336 0.033854166666666664
1 0.6002604166666666 0.6197916666666666 0.046875 0.0546875
1 0.5598958333333334 0.6276041666666666 0.049479166666666664 0.052083333333333336
1 0.6393229166666666 0.5104166666666666 0.041666666666666664 0.044270833333333336
1 0.6588541666666666 0.46875 0.028645833333333332 0.0390625
1 0.59375 0.3567708333333333 0.036458333333333336 0.049479166666666664
1 0.6223958333333334 0.4609375 0.03125 0.0390625
1 0.6067708333333334 0.3580729166666667 0.0234375 0.028645833333333332
1 0.5638020833333334 0.5768229166666666 0.0390625 0.046875
1 0.55078125 0.30078125 0.0234375 0.0234375
1 0.5572916666666666 0.42578125 0.0390625 0.046875
1 0.5963541666666666 0.42578125 0.033854166666666664 0.036458333333333336
1 0.5651041666666666 0.48828125 0.028645833333333332 0.026041666666666668
1 0.46484375 0.4908854166666667 0.06510416666666667 0.059895833333333336
1 0.4921875 0.3854166666666667 0.044270833333333336 0.049479166666666664
1 0.5950520833333334 0.27734375 0.03125 0.044270833333333336
1 0.66796875 0.2903645833333333 0.03125 0.036458333333333336
1 0.5442708333333334 0.3346354166666667 0.041666666666666664 0.0546875
1 0.7057291666666666 0.4609375 0.0390625 0.0390625
1 0.58984375 0.31640625 0.028645833333333332 0.026041666666666668
1 0.4791666666666667 0.6575520833333334 0.046875 0.033854166666666664
1 0.5950520833333334 0.7434895833333334 0.046875 0.049479166666666664
1 0.6041666666666666 0.25 0.0390625 0.049479166666666664
1 0.5299479166666666 0.6171875 0.044270833333333336 0.041666666666666664
1 0.5403645833333334 0.37890625 0.0234375 0.028645833333333332
1 0.4856770833333333 0.5247395833333334 0.049479166666666664 0.046875
1 0.53515625 0.5052083333333334 0.057291666666666664 0.059895833333333336
1 0.4934895833333333 0.3528645833333333 0.0234375 0.0234375
1 0.5065104166666666 0.4075520833333333 0.0546875 0.059895833333333336
1 0.5533854166666666 0.24869791666666666 0.0546875 0.0625
1 0.6640625 0.3177083333333333 0.033854166666666664 0.046875
1 0.30078125 0.6627604166666666 0.057291666666666664 0.057291666666666664
1 0.5299479166666666 0.3515625 0.0390625 0.041666666666666664
1 0.63671875 0.3033854166666667 0.036458333333333336 0.028645833333333332
1 0.5768229166666666 0.6015625 0.041666666666666664 0.046875
1 0.5794270833333334 0.7643229166666666 0.041666666666666664 0.041666666666666664
1 0.7083333333333334 0.4817708333333333 0.041666666666666664 0.041666666666666664
1 0.6315104166666666 0.23697916666666666 0.046875 0.057291666666666664
1 0.55859375 0.6028645833333334 0.028645833333333332 0.03125
1 0.5481770833333334 0.4270833333333333 0.0390625 0.052083333333333336
1 0.5768229166666666 0.4479166666666667 0.028645833333333332 0.033854166666666664
1 0.4283854166666667 0.3997395833333333 0.059895833333333336 0.0625
1 0.5416666666666666 0.46484375 0.03125 0.0390625
1 0.6875 0.421875 0.057291666666666664 0.06770833333333333
1 0.5690104166666666 0.3697916666666667 0.041666666666666664 0.052083333333333336
1 0.6627604166666666 0.4244791666666667 0.036458333333333336 0.041666666666666664
1 0.6796875 0.3098958333333333 0.041666666666666664 0.049479166666666664
1 0.6549479166666666 0.33984375 0.036458333333333336 0.049479166666666664
1 0.5846354166666666 0.3033854166666667 0.033854166666666664 0.028645833333333332
1 0.6041666666666666 0.53515625 0.049479166666666664 0.049479166666666664
1 0.5325520833333334 0.2877604166666667 0.020833333333333332 0.020833333333333332
1 0.6315104166666666 0.5690104166666666 0.046875 0.0546875
1 0.5911458333333334 0.3841145833333333 0.0390625 0.052083333333333336
1 0.6080729166666666 0.4752604166666667 0.033854166666666664 0.03125
1 0.6158854166666666 0.5768229166666666 0.041666666666666664 0.0546875
1 0.4869791666666667 0.5859375 0.0390625 0.0546875
1 0.6419270833333334 0.3515625 0.041666666666666664 0.057291666666666664
1 0.5546875 0.28125 0.041666666666666664 0.0390625
1 0.6888020833333334 0.3697916666666667 0.046875 0.059895833333333336
1 0.5221354166666666 0.26953125 0.036458333333333336 0.036458333333333336
1 0.5221354166666666 0.29296875 0.018229166666666668 0.018229166666666668
1 0.5169270833333334 0.5221354166666666 0.052083333333333336 0.06510416666666667
1 0.5481770833333334 0.5559895833333334 0.046875 0.0546875
1 0.4973958333333333 0.5611979166666666 0.028645833333333332 0.0234375
1 0.5520833333333334 0.3723958333333333 0.0234375 0.03125
1 0.5208333333333334 0.4375 0.052083333333333336 0.0625
1 0.5260416666666666 0.3854166666666667 0.0390625 0.0390625
1 0.5638020833333334 0.4010416666666667 0.036458333333333336 0.041666666666666664
1 0.7109375 0.5234375 0.041666666666666664 0.0390625
1 0.6731770833333334 0.2721354166666667 0.044270833333333336 0.0390625
1 0.69921875 0.3541666666666667 0.0390625 0.052083333333333336
1 0.5677083333333334 0.29296875 0.028645833333333332 0.0234375
1 0.6822916666666666 0.5182291666666666 0.0625 0.059895833333333336
1 0.5377604166666666 0.6354166666666666 0.044270833333333336 0.036458333333333336
1 0.6263020833333334 0.3567708333333333 0.041666666666666664 0.052083333333333336
1 0.640625 0.4466145833333333 0.033854166666666664 0.044270833333333336
1 0.61328125 0.31640625 0.036458333333333336 0.046875
1 0.5729166666666666 0.5559895833333334 0.033854166666666664 0.046875
1 0.59375 0.5260416666666666 0.041666666666666664 0.041666666666666664
1 0.5846354166666666 0.5494791666666666 0.036458333333333336 0.044270833333333336
1 0.5065104166666666 0.6848958333333334 0.059895833333333336 0.059895833333333336
1 0.48828125 0.5065104166666666 0.044270833333333336 0.033854166666666664
1 0.5794270833333334 0.4010416666666667 0.0234375 0.020833333333333332
1 0.4010416666666667 0.75 0.046875 0.0625
1 0.6484375 0.6002604166666666 0.052083333333333336 0.044270833333333336
1 0.515625 0.5846354166666666 0.0546875 0.0546875
1 0.56640625 0.24088541666666666 0.041666666666666664 0.049479166666666664
1 0.5833333333333334 0.28125 0.033854166666666664 0.044270833333333336
1 0.5325520833333334 0.6861979166666666 0.057291666666666664 0.057291666666666664
1 0.6731770833333334 0.4309895833333333 0.044270833333333336 0.0546875
1 0.6002604166666666 0.4544270833333333 0.0390625 0.041666666666666664
1 0.5703125 0.3333333333333333 0.049479166666666664 0.06510416666666667
1 0.6145833333333334 0.6015625 0.041666666666666664 0.059895833333333336
1 0.7513020833333334 0.4791666666666667 0.052083333333333336 0.059895833333333336
1 0.4752604166666667 0.4075520833333333 0.0390625 0.046875
1 0.5078125 0.484375 0.057291666666666664 0.06510416666666667
1 0.6302083333333334 0.28125 0.041666666666666664 0.036458333333333336
1 0.6393229166666666 0.5286458333333334 0.049479166666666664 0.057291666666666664
1 0.5130208333333334 0.3059895833333333 0.0234375 0.0234375
1 0.5911458333333334 0.5729166666666666 0.026041666666666668 0.033854166666666664
1 0.4765625 0.5846354166666666 0.026041666666666668 0.036458333333333336
1 0.5065104166666666 0.3346354166666667 0.0390625 0.046875
1 0.6796875 0.3606770833333333 0.033854166666666664 0.052083333333333336
1 0.5989583333333334 0.3385416666666667 0.03125 0.0390625
1 0.52734375 0.3138020833333333 0.041666666666666664 0.041666666666666664
1 0.4700520833333333 0.35546875 0.046875 0.0625
1 0.4557291666666667 0.3815104166666667 0.049479166666666664 0.052083333333333336
1 0.5078125 0.3723958333333333 0.0234375 0.03125
1 0.5846354166666666 0.4856770833333333 0.044270833333333336 0.049479166666666664
1 0.56640625 0.45703125 0.026041666666666668 0.03125
1 0.5559895833333334 0.4661458333333333 0.0234375 0.03125