0 0.546875 0.8151041666666666 0.19010416666666666 0.17447916666666666
0 0.07682291666666667 0.6223958333333334 0.15364583333333334 0.16145833333333334
0 0.6432291666666666 0.4778645833333333 0.20052083333333334 0.20572916666666666
0 0.3463541666666667 0.09375 0.18229166666666666 0.1875
0 0.38671875 0.4322916666666667 0.17447916666666666 0.2109375
0 0.4973958333333333 0.2591145833333333 0.1640625 0.1796875
0 0.7161458333333334 0.2825520833333333 0.171875 0.16927083333333334
0 0.3177083333333333 0.7708333333333334 0.19270833333333334 0.203125
0 0.4921875 0.5846354166666666 0.15364583333333334 0.1484375
0 0.3190104166666667 0.3489583333333333 0.19270833333333334 0.2109375
0 0.4088541666666667 0.21744791666666666 0.18229166666666666 0.19270833333333334