1 0.6223958333333334 0.7317708333333334 0.046875 0.03125
1 0.20833333333333334 0.3072916666666667 0.03125 0.03125
1 0.6705729166666666 0.7044270833333334 0.052083333333333336 0.09114583333333333
1 0.19401041666666666 0.3541666666666667 0.041666666666666664 0.052083333333333336
1 0.35546875 0.578125 0.049479166666666664 0.041666666666666664
1 0.63671875 0.67578125 0.013020833333333334 0.026041666666666668
1 0.55859375 0.26953125 0.03125 0.026041666666666668
1 0.51953125 0.32421875 0.033854166666666664 0.026041666666666668
1 0.4401041666666667 0.6705729166666666 0.036458333333333336 0.041666666666666664
1 0.62890625 0.7161458333333334 0.033854166666666664 0.026041666666666668
1 0.6341145833333334 0.7903645833333334 0.041666666666666664 0.044270833333333336
1 0.3567708333333333 0.7591145833333334 0.041666666666666664 0.033854166666666664
1 0.375 0.4440104166666667 0.052083333333333336 0.059895833333333336
1 0.41015625 0.6861979166666666 0.0390625 0.041666666666666664
1 0.3359375 0.5572916666666666 0.057291666666666664 0.041666666666666664
1 0.6002604166666666 0.5703125 0.0546875 0.052083333333333336
1 0.2747395833333333 0.75390625 0.049479166666666664 0.0625
1 0.73046875 0.12369791666666667 0.036458333333333336 0.0234375