1 0.6393229166666666 0.3658854166666667 0.059895833333333336 0.10416666666666667
1 0.6419270833333334 0.47265625 0.08072916666666667 0.06770833333333333
1 0.6119791666666666 0.3450520833333333 0.059895833333333336 0.0859375
1 0.5260416666666666 0.5677083333333334 0.08072916666666667 0.06510416666666667
1 0.4270833333333333 0.3606770833333333 0.08072916666666667 0.0859375
1 0.5950520833333334 0.6875 0.109375 0.09895833333333333
1 0.5911458333333334 0.4544270833333333 0.0703125 0.11197916666666667
1 0.4309895833333333 0.5690104166666666 0.0625 0.11458333333333333
1 0.4908854166666667 0.3111979166666667 0.09114583333333333 0.0703125
1 0.7486979166666666 0.4713541666666667 0.078125 0.109375
1 0.4466145833333333 0.7630208333333334 0.06510416666666667 0.11979166666666667
1 0.4713541666666667 0.4544270833333333 0.08854166666666667 0.07552083333333333
1 0.5026041666666666 0.5169270833333334 0.059895833333333336 0.09895833333333333
1 0.23828125 0.3802083333333333 0.08333333333333333 0.057291666666666664
1 0.4166666666666667 0.4674479166666667 0.0625 0.10677083333333333
1 0.55078125 0.4947916666666667 0.0625 0.08072916666666667
1 0.4453125 0.07682291666666667 0.0625 0.0625
1 0.6666666666666666 0.2942708333333333 0.08072916666666667 0.057291666666666664
1 0.6731770833333334 0.7005208333333334 0.10677083333333333 0.09895833333333333
1 0.5325520833333334 0.3841145833333333 0.07291666666666667 0.06770833333333333
1 0.4791666666666667 0.5091145833333334 0.07291666666666667 0.057291666666666664
1 0.5104166666666666 0.7877604166666666 0.07552083333333333 0.16927083333333334
1 0.19010416666666666 0.4375 0.059895833333333336 0.11197916666666667
1 0.5520833333333334 0.296875 0.0703125 0.09114583333333333
1 0.9205729166666666 0.3893229166666667 0.09375 0.125
1 0.4075520833333333 0.5494791666666666 0.0546875 0.09114583333333333
1 0.56640625 0.53125 0.08854166666666667 0.0546875
1 0.4140625 0.3268229166666667 0.1015625 0.12239583333333333
1 0.2760416666666667 0.5247395833333334 0.09375 0.08854166666666667
1 0.4830729166666667 0.7447916666666666 0.06510416666666667 0.1484375
1 0.5950520833333334 0.3880208333333333 0.0859375 0.08333333333333333
1 0.4713541666666667 0.4010416666666667 0.06510416666666667 0.078125
1 0.7721354166666666 0.36328125 0.10416666666666667 0.13802083333333334
1 0.6666666666666666 0.5299479166666666 0.1015625 0.0859375