1 0.6119791666666666 0.49609375 0.0390625 0.052083333333333336
1 0.55078125 0.5169270833333334 0.046875 0.0546875
1 0.6236979166666666 0.5872395833333334 0.049479166666666664 0.046875
1 0.578125 0.3151041666666667 0.041666666666666664 0.033854166666666664
1 0.4674479166666667 0.55078125 0.041666666666666664 0.044270833333333336
1 0.8828125 0.5247395833333334 0.046875 0.028645833333333332
1 0.4166666666666667 0.5091145833333334 0.036458333333333336 0.0546875
1 0.4440104166666667 0.6627604166666666 0.046875 0.049479166666666664
1 0.66796875 0.625 0.03125 0.041666666666666664
1 0.70703125 0.5963541666666666 0.0546875 0.036458333333333336
1 0.6328125 0.5416666666666666 0.033854166666666664 0.046875