1 0.6510416666666666 0.6575520833333334 0.0546875 0.1015625
1 0.46875 0.4440104166666667 0.0546875 0.06510416666666667
1 0.48046875 0.4049479166666667 0.049479166666666664 0.09114583333333333
1 0.50390625 0.7135416666666666 0.078125 0.078125
1 0.6119791666666666 0.6171875 0.033854166666666664 0.08072916666666667
1 0.64453125 0.1640625 0.0546875 0.09895833333333333
1 0.4192708333333333 0.4440104166666667 0.0703125 0.07552083333333333
1 0.5546875 0.53125 0.059895833333333336 0.036458333333333336
1 0.4244791666666667 0.62890625 0.041666666666666664 0.078125
1 0.6497395833333334 0.4921875 0.033854166666666664 0.09114583333333333
1 0.3138020833333333 0.3658854166666667 0.046875 0.0859375
1 0.3893229166666667 0.5598958333333334 0.0546875 0.033854166666666664
1 0.5455729166666666 0.3203125 0.078125 0.057291666666666664
1 0.609375 0.3098958333333333 0.046875 0.044270833333333336
1 0.4283854166666667 0.6497395833333334 0.06770833333333333 0.08854166666666667
1 0.5690104166666666 0.4270833333333333 0.049479166666666664 0.07552083333333333
1 0.71875 0.23307291666666666 0.0625 0.057291666666666664
1 0.6171875 0.7356770833333334 0.0546875 0.09635416666666667
1 0.6627604166666666 0.6223958333333334 0.0546875 0.0390625
1 0.61328125 0.4869791666666667 0.059895833333333336 0.044270833333333336
1 0.5299479166666666 0.3932291666666667 0.041666666666666664 0.09375
1 0.7447916666666666 0.2825520833333333 0.06770833333333333 0.052083333333333336
1 0.30859375 0.4895833333333333 0.033854166666666664 0.10416666666666667
1 0.5885416666666666 0.6158854166666666 0.046875 0.109375
1 0.44921875 0.5533854166666666 0.0390625 0.10416666666666667
1 0.3723958333333333 0.66015625 0.08333333333333333 0.08072916666666667
1 0.640625 0.5377604166666666 0.041666666666666664 0.06510416666666667
1 0.4921875 0.57421875 0.044270833333333336 0.0859375
1 0.5989583333333334 0.6705729166666666 0.057291666666666664 0.052083333333333336
1 0.5911458333333334 0.3684895833333333 0.07552083333333333 0.046875
1 0.5611979166666666 0.5598958333333334 0.09114583333333333 0.044270833333333336
1 0.5013020833333334 0.6393229166666666 0.0546875 0.06510416666666667
1 0.6171875 0.41015625 0.057291666666666664 0.08854166666666667
1 0.3763020833333333 0.6002604166666666 0.06510416666666667 0.0703125
1 0.4934895833333333 0.3893229166666667 0.041666666666666664 0.13020833333333334
1 0.50390625 0.48828125 0.06510416666666667 0.078125
1 0.5625 0.22526041666666666 0.08854166666666667 0.078125
1 0.6549479166666666 0.5950520833333334 0.059895833333333336 0.06770833333333333
1 0.5729166666666666 0.2955729166666667 0.06770833333333333 0.046875
1 0.5455729166666666 0.484375 0.044270833333333336 0.049479166666666664
1 0.52734375 0.5950520833333334 0.0703125 0.0546875
1 0.3880208333333333 0.5052083333333334 0.049479166666666664 0.08854166666666667
1 0.5494791666666666 0.6549479166666666 0.041666666666666664 0.08072916666666667
1 0.5247395833333334 0.6471354166666666 0.026041666666666668 0.06510416666666667
1 0.6328125 0.2747395833333333 0.044270833333333336 0.036458333333333336
1 0.4166666666666667 0.47265625 0.052083333333333336 0.03125
1 0.5299479166666666 0.2916666666666667 0.0390625 0.08333333333333333
1 0.6328125 0.3450520833333333 0.044270833333333336 0.08854166666666667
1 0.4244791666666667 0.5494791666666666 0.03125 0.0390625
1 0.6158854166666666 0.4700520833333333 0.028645833333333332 0.041666666666666664
1 0.4817708333333333 0.5260416666666666 0.049479166666666664 0.052083333333333336
1 0.6067708333333334 0.5442708333333334 0.03125 0.049479166666666664
1 0.5651041666666666 0.4765625 0.0390625 0.049479166666666664
1 0.5924479166666666 0.4036458333333333 0.057291666666666664 0.046875
1 0.11588541666666667 0.671875 0.052083333333333336 0.0859375