1 0.51171875 0.7005208333333334 0.041666666666666664 0.11197916666666667
1 0.3776041666666667 0.3528645833333333 0.049479166666666664 0.052083333333333336
1 0.3359375 0.1484375 0.057291666666666664 0.11197916666666667
1 0.16927083333333334 0.3229166666666667 0.03125 0.07291666666666667
1 0.265625 0.765625 0.0625 0.11197916666666667
1 0.17578125 0.24088541666666666 0.03125 0.0703125
1 0.14583333333333334 0.14583333333333334 0.044270833333333336 0.10416666666666667
1 0.11848958333333333 0.3098958333333333 0.044270833333333336 0.06510416666666667
1 0.2981770833333333 0.49609375 0.028645833333333332 0.07291666666666667
1 0.19661458333333334 0.3372395833333333 0.046875 0.059895833333333336
1 0.20052083333333334 0.26953125 0.046875 0.08854166666666667
1 0.2421875 0.4153645833333333 0.015625 0.026041666666666668
1 0.4166666666666667 0.7252604166666666 0.028645833333333332 0.07552083333333333
1 0.4140625 0.17708333333333334 0.0703125 0.14583333333333334
1 0.20052083333333334 0.22786458333333334 0.044270833333333336 0.0625
1 0.40234375 0.3854166666666667 0.036458333333333336 0.07552083333333333
1 0.5638020833333334 0.62109375 0.06510416666666667 0.09375
1 0.6419270833333334 0.7291666666666666 0.0625 0.0546875
1 0.6497395833333334 0.8307291666666666 0.08333333333333333 0.09114583333333333
1 0.328125 0.2942708333333333 0.046875 0.09375
1 0.1484375 0.2604166666666667 0.041666666666666664 0.08854166666666667
1 0.3697916666666667 0.8255208333333334 0.0625 0.09375
1 0.328125 0.2421875 0.046875 0.0703125
1 0.3372395833333333 0.4388020833333333 0.049479166666666664 0.06510416666666667
1 0.24479166666666666 0.2721354166666667 0.041666666666666664 0.07552083333333333
1 0.18098958333333334 0.15885416666666666 0.0390625 0.07291666666666667