1 0.4739583333333333 0.5052083333333334 0.0546875 0.052083333333333336
1 0.6341145833333334 0.14583333333333334 0.0625 0.07552083333333333
1 0.23828125 0.5690104166666666 0.052083333333333336 0.06510416666666667
1 0.4700520833333333 0.2669270833333333 0.059895833333333336 0.0546875
1 0.3736979166666667 0.20442708333333334 0.059895833333333336 0.06510416666666667
1 0.53515625 0.3684895833333333 0.052083333333333336 0.06510416666666667
1 0.4895833333333333 0.5872395833333334 0.07291666666666667 0.08072916666666667
1 0.5833333333333334 0.35546875 0.046875 0.0546875
1 0.33984375 0.5794270833333334 0.052083333333333336 0.0625
1 0.3658854166666667 0.4778645833333333 0.049479166666666664 0.049479166666666664
1 0.7239583333333334 0.6510416666666666 0.078125 0.08072916666666667
1 0.4075520833333333 0.7109375 0.0546875 0.049479166666666664
1 0.6666666666666666 0.4895833333333333 0.049479166666666664 0.057291666666666664
1 0.6731770833333334 0.4609375 0.046875 0.059895833333333336
1 0.5182291666666666 0.4388020833333333 0.057291666666666664 0.057291666666666664
1 0.6822916666666666 0.7669270833333334 0.07291666666666667 0.08854166666666667
1 0.4401041666666667 0.6432291666666666 0.044270833333333336 0.046875
1 0.33203125 0.38671875 0.046875 0.057291666666666664