1 0.5013020833333334 0.3190104166666667 0.044270833333333336 0.026041666666666668
1 0.6028645833333334 0.5364583333333334 0.0234375 0.049479166666666664
1 0.4895833333333333 0.60546875 0.03125 0.018229166666666668
1 0.5286458333333334 0.7721354166666666 0.026041666666666668 0.018229166666666668
1 0.45703125 0.72265625 0.015625 0.03125
1 0.4427083333333333 0.5885416666666666 0.026041666666666668 0.0234375
1 0.3763020833333333 0.5546875 0.028645833333333332 0.020833333333333332
1 0.609375 0.51171875 0.033854166666666664 0.03125
1 0.4466145833333333 0.4049479166666667 0.018229166666666668 0.033854166666666664
1 0.4635416666666667 0.4674479166666667 0.033854166666666664 0.026041666666666668
1 0.4934895833333333 0.3059895833333333 0.041666666666666664 0.0234375
1 0.49609375 0.6692708333333334 0.020833333333333332 0.018229166666666668
1 0.4856770833333333 0.4635416666666667 0.020833333333333332 0.044270833333333336
1 0.4205729166666667 0.3997395833333333 0.03125 0.046875
1 0.55859375 0.7669270833333334 0.015625 0.044270833333333336
1 0.546875 0.5598958333333334 0.026041666666666668 0.03125
1 0.5013020833333334 0.34375 0.018229166666666668 0.036458333333333336
1 0.47265625 0.5572916666666666 0.020833333333333332 0.046875
1 0.5794270833333334 0.5794270833333334 0.020833333333333332 0.015625
1 0.51171875 0.4283854166666667 0.020833333333333332 0.0859375
1 0.4348958333333333 0.5143229166666666 0.028645833333333332 0.020833333333333332
1 0.4596354166666667 0.3697916666666667 0.026041666666666668 0.03125
1 0.4934895833333333 0.7330729166666666 0.033854166666666664 0.026041666666666668
1 0.4635416666666667 0.4401041666666667 0.020833333333333332 0.041666666666666664
1 0.48046875 0.4375 0.03125 0.0390625
1 0.4309895833333333 0.3736979166666667 0.020833333333333332 0.026041666666666668
1 0.5859375 0.3151041666666667 0.020833333333333332 0.0390625
1 0.55078125 0.6263020833333334 0.026041666666666668 0.0234375
1 0.4635416666666667 0.70703125 0.010416666666666666 0.044270833333333336
1 0.62109375 0.46484375 0.018229166666666668 0.059895833333333336
1 0.546875 0.671875 0.03125 0.013020833333333334
1 0.4479166666666667 0.4505208333333333 0.018229166666666668 0.041666666666666664
1 0.42578125 0.5520833333333334 0.036458333333333336 0.020833333333333332
1 0.5325520833333334 0.3255208333333333 0.0234375 0.020833333333333332
1 0.4479166666666667 0.5794270833333334 0.028645833333333332 0.020833333333333332
1 0.5950520833333334 0.6223958333333334 0.0234375 0.015625
1 0.6028645833333334 0.5611979166666666 0.020833333333333332 0.0390625
1 0.55078125 0.71875 0.013020833333333334 0.036458333333333336
1 0.5794270833333334 0.65234375 0.026041666666666668 0.020833333333333332
1 0.5377604166666666 0.28515625 0.03125 0.03125
1 0.5611979166666666 0.6848958333333334 0.013020833333333334 0.033854166666666664
1 0.5416666666666666 0.69140625 0.020833333333333332 0.03125
1 0.5130208333333334 0.66015625 0.03125 0.033854166666666664
1 0.47265625 0.30078125 0.026041666666666668 0.018229166666666668
1 0.4453125 0.5442708333333334 0.0234375 0.020833333333333332
1 0.53125 0.7630208333333334 0.026041666666666668 0.018229166666666668
1 0.4309895833333333 0.5729166666666666 0.020833333333333332 0.028645833333333332
1 0.4817708333333333 0.20833333333333334 0.0234375 0.013020833333333334
1 0.4739583333333333 0.5052083333333334 0.020833333333333332 0.033854166666666664
1 0.46484375 0.3072916666666667 0.028645833333333332 0.052083333333333336
1 0.5 0.5403645833333334 0.020833333333333332 0.033854166666666664
1 0.46875 0.6809895833333334 0.03125 0.03125
1 0.5390625 0.3541666666666667 0.026041666666666668 0.026041666666666668
1 0.5247395833333334 0.58984375 0.0234375 0.0390625
1 0.5364583333333334 0.51953125 0.033854166666666664 0.020833333333333332
1 0.5286458333333334 0.46875 0.020833333333333332 0.046875
1 0.4440104166666667 0.4192708333333333 0.018229166666666668 0.028645833333333332
1 0.5651041666666666 0.3984375 0.015625 0.026041666666666668
1 0.5299479166666666 0.3125 0.0234375 0.028645833333333332
1 0.5611979166666666 0.23958333333333334 0.013020833333333334 0.03125
1 0.5026041666666666 0.5807291666666666 0.028645833333333332 0.028645833333333332
1 0.5221354166666666 0.6953125 0.026041666666666668 0.03125
1 0.5611979166666666 0.6536458333333334 0.015625 0.036458333333333336
1 0.4296875 0.5013020833333334 0.028645833333333332 0.013020833333333334
1 0.5078125 0.46484375 0.013020833333333334 0.041666666666666664
1 0.4869791666666667 0.3619791666666667 0.028645833333333332 0.028645833333333332
1 0.4479166666666667 0.7291666666666666 0.0234375 0.026041666666666668
1 0.421875 0.5325520833333334 0.0234375 0.026041666666666668
1 0.4361979166666667 0.4635416666666667 0.015625 0.046875
1 0.4544270833333333 0.51171875 0.020833333333333332 0.044270833333333336
1 0.5208333333333334 0.609375 0.0234375 0.020833333333333332
1 0.4518229166666667 0.3216145833333333 0.015625 0.0390625
1 0.5013020833333334 0.3971354166666667 0.018229166666666668 0.036458333333333336
1 0.4713541666666667 0.6627604166666666 0.026041666666666668 0.0234375