1 0.2734375 0.7265625 0.018229166666666668 0.046875
1 0.3763020833333333 0.3997395833333333 0.018229166666666668 0.018229166666666668
1 0.3606770833333333 0.41015625 0.020833333333333332 0.026041666666666668
1 0.3854166666666667 0.40625 0.0234375 0.028645833333333332
1 0.390625 0.4361979166666667 0.03125 0.036458333333333336
1 0.5013020833333334 0.5260416666666666 0.015625 0.028645833333333332
1 0.4557291666666667 0.59765625 0.020833333333333332 0.03125
1 0.484375 0.5403645833333334 0.028645833333333332 0.015625
1 0.65234375 0.5104166666666666 0.015625 0.0234375
1 0.21744791666666666 0.65625 0.026041666666666668 0.015625
1 0.3997395833333333 0.6588541666666666 0.015625 0.028645833333333332
1 0.24088541666666666 0.6666666666666666 0.026041666666666668 0.028645833333333332
1 0.4244791666666667 0.4348958333333333 0.03125 0.020833333333333332
1 0.41796875 0.7682291666666666 0.020833333333333332 0.026041666666666668
1 0.16796875 0.59765625 0.028645833333333332 0.049479166666666664
1 0.4713541666666667 0.5950520833333334 0.026041666666666668 0.015625
1 0.5481770833333334 0.7005208333333334 0.013020833333333334 0.033854166666666664
1 0.48046875 0.6510416666666666 0.015625 0.033854166666666664
1 0.48046875 0.5104166666666666 0.0234375 0.028645833333333332
1 0.2825520833333333 0.515625 0.028645833333333332 0.026041666666666668
1 0.3072916666666667 0.5872395833333334 0.013020833333333334 0.036458333333333336
1 0.453125 0.6731770833333334 0.018229166666666668 0.03125
1 0.5911458333333334 0.7057291666666666 0.018229166666666668 0.0078125
1 0.59765625 0.59765625 0.020833333333333332 0.028645833333333332
1 0.609375 0.70703125 0.020833333333333332 0.036458333333333336
1 0.3346354166666667 0.7630208333333334 0.015625 0.036458333333333336
1 0.38671875 0.7330729166666666 0.03125 0.03125
1 0.3463541666666667 0.70703125 0.018229166666666668 0.020833333333333332
1 0.24088541666666666 0.59375 0.015625 0.03125
1 0.3346354166666667 0.7005208333333334 0.026041666666666668 0.015625
1 0.23177083333333334 0.45703125 0.028645833333333332 0.0234375
1 0.14713541666666666 0.515625 0.028645833333333332 0.03125
1 0.5625 0.5807291666666666 0.028645833333333332 0.0234375
1 0.5690104166666666 0.6028645833333334 0.020833333333333332 0.020833333333333332
1 0.5182291666666666 0.6028645833333334 0.018229166666666668 0.044270833333333336
1 0.4544270833333333 0.4049479166666667 0.026041666666666668 0.020833333333333332
1 0.5221354166666666 0.5325520833333334 0.018229166666666668 0.015625
1 0.41796875 0.7252604166666666 0.0234375 0.03125
1 0.2786458333333333 0.53515625 0.03125 0.013020833333333334
1 0.37890625 0.484375 0.033854166666666664 0.033854166666666664
1 0.5520833333333334 0.4427083333333333 0.0234375 0.041666666666666664
1 0.3658854166666667 0.5924479166666666 0.015625 0.03125
1 0.4166666666666667 0.7486979166666666 0.036458333333333336 0.026041666666666668
1 0.5325520833333334 0.6067708333333334 0.020833333333333332 0.044270833333333336
1 0.5794270833333334 0.4934895833333333 0.026041666666666668 0.018229166666666668
1 0.22005208333333334 0.71484375 0.028645833333333332 0.015625
1 0.3138020833333333 0.53125 0.033854166666666664 0.020833333333333332
1 0.3098958333333333 0.7434895833333334 0.028645833333333332 0.018229166666666668
1 0.2630208333333333 0.42578125 0.026041666666666668 0.036458333333333336
1 0.5403645833333334 0.4817708333333333 0.028645833333333332 0.020833333333333332
1 0.3815104166666667 0.7044270833333334 0.0234375 0.026041666666666668
1 0.24869791666666666 0.7213541666666666 0.020833333333333332 0.0234375
1 0.4622395833333333 0.6979166666666666 0.03125 0.028645833333333332
1 0.4192708333333333 0.5833333333333334 0.018229166666666668 0.026041666666666668
1 0.3580729166666667 0.39453125 0.026041666666666668 0.013020833333333334
1 0.4765625 0.3541666666666667 0.026041666666666668 0.026041666666666668
1 0.3033854166666667 0.6354166666666666 0.015625 0.026041666666666668
1 0.51953125 0.55078125 0.028645833333333332 0.020833333333333332
1 0.3671875 0.68359375 0.0234375 0.03125
1 0.2838541666666667 0.6145833333333334 0.03125 0.026041666666666668
1 0.4908854166666667 0.4934895833333333 0.026041666666666668 0.0390625
1 0.24479166666666666 0.6861979166666666 0.033854166666666664 0.03125
1 0.28125 0.5533854166666666 0.026041666666666668 0.03125
1 0.21875 0.38671875 0.028645833333333332 0.028645833333333332
1 0.18880208333333334 0.68359375 0.036458333333333336 0.020833333333333332
1 0.11328125 0.67578125 0.0234375 0.03125
1 0.125 0.75 0.03125 0.03125
1 0.39453125 0.8229166666666666 0.0390625 0.0234375
1 0.609375 0.73046875 0.013020833333333334 0.036458333333333336
1 0.5481770833333334 0.7408854166666666 0.026041666666666668 0.015625
1 0.5130208333333334 0.7838541666666666 0.013020833333333334 0.020833333333333332
1 0.4010416666666667 0.4322916666666667 0.020833333333333332 0.026041666666666668
1 0.4947916666666667 0.6848958333333334 0.0234375 0.026041666666666668
1 0.6119791666666666 0.5885416666666666 0.015625 0.03125
1 0.3932291666666667 0.36328125 0.026041666666666668 0.03125
1 0.23958333333333334 0.6158854166666666 0.03125 0.028645833333333332
1 0.3502604166666667 0.5234375 0.041666666666666664 0.03125
1 0.2604166666666667 0.5950520833333334 0.0234375 0.0390625
1 0.28125 0.67578125 0.026041666666666668 0.020833333333333332
1 0.3111979166666667 0.6979166666666666 0.020833333333333332 0.03125
1 0.2955729166666667 0.80859375 0.026041666666666668 0.028645833333333332
1 0.30859375 0.765625 0.013020833333333334 0.028645833333333332
1 0.1171875 0.5091145833333334 0.028645833333333332 0.036458333333333336
1 0.12630208333333334 0.6302083333333334 0.026041666666666668 0.026041666666666668
1 0.64453125 0.4986979166666667 0.013020833333333334 0.03125
1 0.51953125 0.40234375 0.020833333333333332 0.0390625
1 0.3736979166666667 0.375 0.015625 0.0234375
1 0.3697916666666667 0.703125 0.018229166666666668 0.033854166666666664
1 0.3645833333333333 0.6393229166666666 0.0234375 0.020833333333333332
1 0.5052083333333334 0.73828125 0.0234375 0.015625
1 0.5494791666666666 0.6432291666666666 0.018229166666666668 0.018229166666666668
1 0.3541666666666667 0.49609375 0.026041666666666668 0.036458333333333336
1 0.2109375 0.5963541666666666 0.03125 0.020833333333333332
1 0.11328125 0.6119791666666666 0.03125 0.018229166666666668
1 0.16666666666666666 0.6549479166666666 0.028645833333333332 0.036458333333333336
1 0.3567708333333333 0.78515625 0.0234375 0.03125
1 0.20703125 0.84765625 0.0234375 0.033854166666666664
1 0.60546875 0.6614583333333334 0.026041666666666668 0.028645833333333332
1 0.4270833333333333 0.6471354166666666 0.015625 0.046875
1 0.21614583333333334 0.6341145833333334 0.026041666666666668 0.03125
1 0.40234375 0.7057291666666666 0.018229166666666668 0.0234375
1 0.3997395833333333 0.4947916666666667 0.0234375 0.0390625
1 0.4270833333333333 0.5651041666666666 0.018229166666666668 0.036458333333333336
1 0.2109375 0.4908854166666667 0.0234375 0.036458333333333336
1 0.11328125 0.4309895833333333 0.036458333333333336 0.03125
1 0.14322916666666666 0.7083333333333334 0.026041666666666668 0.0390625
1 0.5416666666666666 0.6588541666666666 0.0234375 0.028645833333333332
1 0.4973958333333333 0.66796875 0.020833333333333332 0.026041666666666668
1 0.4869791666666667 0.6171875 0.015625 0.03125
1 0.66015625 0.71484375 0.020833333333333332 0.013020833333333334
1 0.4010416666666667 0.5533854166666666 0.018229166666666668 0.041666666666666664
1 0.5638020833333334 0.65234375 0.0234375 0.0234375
1 0.2838541666666667 0.62890625 0.018229166666666668 0.018229166666666668
1 0.3450520833333333 0.6080729166666666 0.028645833333333332 0.018229166666666668
1 0.2421875 0.75 0.018229166666666668 0.0390625
1 0.3216145833333333 0.65625 0.0234375 0.026041666666666668
1 0.5807291666666666 0.5481770833333334 0.026041666666666668 0.018229166666666668
1 0.3463541666666667 0.67578125 0.013020833333333334 0.036458333333333336
1 0.4947916666666667 0.6432291666666666 0.013020833333333334 0.03125
1 0.27734375 0.7942708333333334 0.013020833333333334 0.03125