1 0.7864583333333334 0.22265625 0.033854166666666664 0.046875
1 0.4401041666666667 0.23567708333333334 0.03125 0.052083333333333336
1 0.6341145833333334 0.3619791666666667 0.044270833333333336 0.059895833333333336
1 0.671875 0.5286458333333334 0.028645833333333332 0.044270833333333336
1 0.6028645833333334 0.59765625 0.0390625 0.033854166666666664
1 0.5611979166666666 0.6080729166666666 0.026041666666666668 0.041666666666666664
1 0.546875 0.515625 0.033854166666666664 0.044270833333333336
1 0.5260416666666666 0.4739583333333333 0.028645833333333332 0.041666666666666664
1 0.4986979166666667 0.4388020833333333 0.044270833333333336 0.044270833333333336
1 0.3645833333333333 0.41015625 0.033854166666666664 0.046875
1 0.55859375 0.5807291666666666 0.028645833333333332 0.057291666666666664
1 0.7161458333333334 0.4817708333333333 0.026041666666666668 0.036458333333333336
1 0.69140625 0.4739583333333333 0.041666666666666664 0.0390625
1 0.5377604166666666 0.6875 0.049479166666666664 0.049479166666666664
1 0.6171875 0.5677083333333334 0.028645833333333332 0.052083333333333336
1 0.5950520833333334 0.53125 0.03125 0.041666666666666664
1 0.3997395833333333 0.4557291666666667 0.036458333333333336 0.0390625
1 0.53125 0.4934895833333333 0.028645833333333332 0.046875
1 0.7630208333333334 0.48046875 0.041666666666666664 0.036458333333333336
1 0.3072916666666667 0.7877604166666666 0.044270833333333336 0.033854166666666664
1 0.5559895833333334 0.71875 0.041666666666666664 0.036458333333333336
1 0.6184895833333334 0.46484375 0.0390625 0.044270833333333336
1 0.484375 0.3815104166666667 0.03125 0.044270833333333336
1 0.4361979166666667 0.3854166666666667 0.03125 0.049479166666666664
1 0.4296875 0.4348958333333333 0.036458333333333336 0.0390625
1 0.3385416666666667 0.42578125 0.044270833333333336 0.041666666666666664
1 0.55078125 0.4518229166666667 0.028645833333333332 0.046875
1 0.3723958333333333 0.4635416666666667 0.0234375 0.020833333333333332
1 0.8815104166666666 0.45703125 0.0390625 0.0546875
1 0.828125 0.4453125 0.033854166666666664 0.03125
1 0.6940104166666666 0.6158854166666666 0.03125 0.0546875
1 0.42578125 0.8971354166666666 0.046875 0.036458333333333336
1 0.6015625 0.5572916666666666 0.026041666666666668 0.052083333333333336
1 0.5911458333333334 0.5924479166666666 0.041666666666666664 0.033854166666666664
1 0.5403645833333334 0.640625 0.033854166666666664 0.049479166666666664
1 0.5403645833333334 0.4869791666666667 0.020833333333333332 0.041666666666666664
1 0.4296875 0.359375 0.041666666666666664 0.052083333333333336
1 0.51953125 0.46484375 0.028645833333333332 0.03125
1 0.4622395833333333 0.41796875 0.033854166666666664 0.041666666666666664
1 0.4427083333333333 0.4140625 0.036458333333333336 0.033854166666666664
1 0.7682291666666666 0.4661458333333333 0.03125 0.028645833333333332
1 0.82421875 0.41796875 0.041666666666666664 0.0390625
1 0.7760416666666666 0.4440104166666667 0.026041666666666668 0.049479166666666664
1 0.796875 0.4986979166666667 0.0390625 0.052083333333333336
1 0.58984375 0.48828125 0.033854166666666664 0.044270833333333336
1 0.5807291666666666 0.6549479166666666 0.033854166666666664 0.057291666666666664
1 0.5768229166666666 0.4544270833333333 0.036458333333333336 0.028645833333333332
1 0.5013020833333334 0.4713541666666667 0.044270833333333336 0.0390625
1 0.57421875 0.4739583333333333 0.03125 0.026041666666666668
1 0.6484375 0.4348958333333333 0.033854166666666664 0.03125
1 0.5807291666666666 0.3997395833333333 0.044270833333333336 0.052083333333333336
1 0.6184895833333334 0.5390625 0.044270833333333336 0.036458333333333336
1 0.5703125 0.6315104166666666 0.026041666666666668 0.036458333333333336
1 0.5677083333333334 0.5859375 0.028645833333333332 0.03125
1 0.51953125 0.5455729166666666 0.03125 0.046875
1 0.5013020833333334 0.3854166666666667 0.028645833333333332 0.049479166666666664
1 0.6393229166666666 0.50390625 0.03125 0.046875
1 0.4088541666666667 0.7330729166666666 0.036458333333333336 0.0390625
1 0.4322916666666667 0.9192708333333334 0.052083333333333336 0.049479166666666664
1 0.5182291666666666 0.640625 0.03125 0.046875
1 0.5833333333333334 0.6106770833333334 0.036458333333333336 0.033854166666666664
1 0.4479166666666667 0.2955729166666667 0.033854166666666664 0.046875
1 0.515625 0.5052083333333334 0.046875 0.049479166666666664
1 0.4166666666666667 0.5182291666666666 0.033854166666666664 0.044270833333333336
1 0.3684895833333333 0.3854166666666667 0.046875 0.041666666666666664
1 0.5390625 0.08854166666666667 0.033854166666666664 0.049479166666666664
1 0.5325520833333334 0.6328125 0.03125 0.052083333333333336
1 0.5768229166666666 0.55078125 0.03125 0.0546875
1 0.48046875 0.5377604166666666 0.03125 0.044270833333333336
1 0.4635416666666667 0.5078125 0.049479166666666664 0.046875
1 0.5690104166666666 0.48828125 0.036458333333333336 0.049479166666666664
1 0.5611979166666666 0.4596354166666667 0.026041666666666668 0.046875
1 0.5182291666666666 0.3684895833333333 0.03125 0.049479166666666664
1 0.5143229166666666 0.4309895833333333 0.0234375 0.036458333333333336