1 0.50390625 0.7604166666666666 0.015625 0.0546875
1 0.6119791666666666 0.6783854166666666 0.018229166666666668 0.036458333333333336
1 0.6028645833333334 0.2942708333333333 0.036458333333333336 0.046875
1 0.3385416666666667 0.6380208333333334 0.036458333333333336 0.03125
1 0.4817708333333333 0.4283854166666667 0.020833333333333332 0.044270833333333336
1 0.6223958333333334 0.6380208333333334 0.026041666666666668 0.041666666666666664
1 0.6341145833333334 0.4791666666666667 0.03125 0.03125
1 0.578125 0.71875 0.026041666666666668 0.036458333333333336
1 0.6171875 0.5755208333333334 0.046875 0.036458333333333336
1 0.55859375 0.7213541666666666 0.033854166666666664 0.036458333333333336
1 0.4192708333333333 0.5 0.018229166666666668 0.046875
1 0.5299479166666666 0.5338541666666666 0.036458333333333336 0.052083333333333336
1 0.4739583333333333 0.6770833333333334 0.026041666666666668 0.046875
1 0.3880208333333333 0.7682291666666666 0.041666666666666664 0.0546875
1 0.5598958333333334 0.3111979166666667 0.020833333333333332 0.015625
1 0.6236979166666666 0.69140625 0.010416666666666666 0.0390625
1 0.6158854166666666 0.6223958333333334 0.015625 0.0390625