1 0.65625 0.6666666666666666 0.026041666666666668 0.03125
1 0.71875 0.69140625 0.0234375 0.03125
1 0.640625 0.6080729166666666 0.020833333333333332 0.033854166666666664
1 0.6302083333333334 0.6627604166666666 0.020833333333333332 0.044270833333333336
1 0.5546875 0.6419270833333334 0.026041666666666668 0.036458333333333336
1 0.6002604166666666 0.55859375 0.015625 0.046875
1 0.6184895833333334 0.4309895833333333 0.033854166666666664 0.036458333333333336
1 0.5481770833333334 0.53515625 0.018229166666666668 0.0546875
1 0.5052083333333334 0.58203125 0.033854166666666664 0.0390625
1 0.5091145833333334 0.7942708333333334 0.018229166666666668 0.046875
1 0.3580729166666667 0.66796875 0.026041666666666668 0.020833333333333332
1 0.3463541666666667 0.6067708333333334 0.015625 0.036458333333333336
1 0.4140625 0.4713541666666667 0.0234375 0.033854166666666664
1 0.4296875 0.28125 0.026041666666666668 0.028645833333333332
1 0.4908854166666667 0.3216145833333333 0.015625 0.044270833333333336
1 0.6783854166666666 0.3567708333333333 0.033854166666666664 0.026041666666666668
1 0.57421875 0.3932291666666667 0.026041666666666668 0.033854166666666664
1 0.55078125 0.3190104166666667 0.020833333333333332 0.044270833333333336
1 0.5260416666666666 0.4205729166666667 0.015625 0.041666666666666664
1 0.3815104166666667 0.46875 0.03125 0.028645833333333332
1 0.37890625 0.57421875 0.028645833333333332 0.044270833333333336
1 0.5065104166666666 0.4856770833333333 0.036458333333333336 0.026041666666666668
1 0.4205729166666667 0.4205729166666667 0.036458333333333336 0.03125
1 0.5143229166666666 0.2421875 0.03125 0.033854166666666664
1 0.4296875 0.21614583333333334 0.0390625 0.041666666666666664
1 0.60546875 0.71484375 0.020833333333333332 0.052083333333333336
1 0.6744791666666666 0.63671875 0.0234375 0.015625
1 0.6354166666666666 0.5885416666666666 0.013020833333333334 0.049479166666666664
1 0.6627604166666666 0.4986979166666667 0.020833333333333332 0.046875
1 0.6536458333333334 0.5065104166666666 0.020833333333333332 0.049479166666666664
1 0.5716145833333334 0.4973958333333333 0.0234375 0.036458333333333336
1 0.5442708333333334 0.8190104166666666 0.026041666666666668 0.020833333333333332
1 0.4453125 0.59765625 0.028645833333333332 0.020833333333333332
1 0.40625 0.7526041666666666 0.03125 0.020833333333333332
1 0.3411458333333333 0.6666666666666666 0.028645833333333332 0.03125
1 0.4127604166666667 0.5729166666666666 0.015625 0.049479166666666664
1 0.3385416666666667 0.5130208333333334 0.020833333333333332 0.044270833333333336
1 0.3463541666666667 0.796875 0.0234375 0.036458333333333336
1 0.4075520833333333 0.30078125 0.026041666666666668 0.026041666666666668
1 0.4973958333333333 0.24869791666666666 0.026041666666666668 0.0390625
1 0.5403645833333334 0.3658854166666667 0.028645833333333332 0.026041666666666668
1 0.5520833333333334 0.4361979166666667 0.033854166666666664 0.026041666666666668
1 0.4765625 0.4739583333333333 0.0234375 0.041666666666666664
1 0.6458333333333334 0.7916666666666666 0.020833333333333332 0.044270833333333336
1 0.6302083333333334 0.5572916666666666 0.0234375 0.03125
1 0.6119791666666666 0.63671875 0.018229166666666668 0.036458333333333336
1 0.6158854166666666 0.53515625 0.013020833333333334 0.036458333333333336
1 0.6901041666666666 0.4778645833333333 0.018229166666666668 0.03125
1 0.640625 0.4830729166666667 0.028645833333333332 0.041666666666666664
1 0.484375 0.6276041666666666 0.028645833333333332 0.036458333333333336
1 0.4661458333333333 0.58984375 0.020833333333333332 0.041666666666666664
1 0.4440104166666667 0.5872395833333334 0.018229166666666668 0.036458333333333336
1 0.421875 0.7669270833333334 0.028645833333333332 0.0234375
1 0.43359375 0.49609375 0.026041666666666668 0.028645833333333332
1 0.3658854166666667 0.3385416666666667 0.028645833333333332 0.03125
1 0.3567708333333333 0.359375 0.028645833333333332 0.018229166666666668
1 0.4283854166666667 0.3971354166666667 0.013020833333333334 0.041666666666666664
1 0.4153645833333333 0.28515625 0.015625 0.036458333333333336
1 0.44140625 0.20703125 0.028645833333333332 0.020833333333333332
1 0.4192708333333333 0.24088541666666666 0.03125 0.028645833333333332
1 0.703125 0.3111979166666667 0.033854166666666664 0.026041666666666668
1 0.6901041666666666 0.3489583333333333 0.018229166666666668 0.03125
1 0.640625 0.3489583333333333 0.020833333333333332 0.041666666666666664
1 0.56640625 0.3046875 0.026041666666666668 0.041666666666666664
1 0.5208333333333334 0.3919270833333333 0.0234375 0.03125
1 0.4830729166666667 0.4895833333333333 0.013020833333333334 0.041666666666666664
1 0.4921875 0.3893229166666667 0.026041666666666668 0.044270833333333336
1 0.4713541666666667 0.5299479166666666 0.033854166666666664 0.033854166666666664
1 0.453125 0.31640625 0.018229166666666668 0.0546875
1 0.5299479166666666 0.44140625 0.033854166666666664 0.03125
1 0.6028645833333334 0.81640625 0.0234375 0.049479166666666664
1 0.6432291666666666 0.625 0.0234375 0.03125
1 0.6536458333333334 0.5638020833333334 0.0234375 0.033854166666666664
1 0.68359375 0.5403645833333334 0.028645833333333332 0.03125
1 0.7291666666666666 0.546875 0.028645833333333332 0.0390625
1 0.7239583333333334 0.53125 0.015625 0.041666666666666664
1 0.6979166666666666 0.41796875 0.0234375 0.0546875
1 0.7265625 0.4296875 0.028645833333333332 0.0390625
1 0.5364583333333334 0.5247395833333334 0.015625 0.041666666666666664
1 0.5364583333333334 0.84765625 0.020833333333333332 0.057291666666666664
1 0.4361979166666667 0.55078125 0.03125 0.044270833333333336
1 0.4036458333333333 0.6458333333333334 0.015625 0.041666666666666664
1 0.4127604166666667 0.5169270833333334 0.028645833333333332 0.033854166666666664
1 0.39453125 0.5247395833333334 0.015625 0.057291666666666664
1 0.3736979166666667 0.5364583333333334 0.026041666666666668 0.036458333333333336
1 0.3294270833333333 0.4583333333333333 0.0234375 0.036458333333333336
1 0.328125 0.7747395833333334 0.03125 0.028645833333333332
1 0.4309895833333333 0.3489583333333333 0.015625 0.046875
1 0.4166666666666667 0.3932291666666667 0.0234375 0.049479166666666664
1 0.515625 0.22005208333333334 0.028645833333333332 0.033854166666666664
1 0.5364583333333334 0.15755208333333334 0.028645833333333332 0.046875
1 0.4479166666666667 0.16666666666666666 0.026041666666666668 0.041666666666666664
1 0.4283854166666667 0.17317708333333334 0.03125 0.028645833333333332
1 0.52734375 0.48046875 0.028645833333333332 0.018229166666666668
1 0.3776041666666667 0.7330729166666666 0.03125 0.0390625
1 0.4192708333333333 0.5377604166666666 0.028645833333333332 0.052083333333333336
1 0.41796875 0.3684895833333333 0.026041666666666668 0.041666666666666664
1 0.6380208333333334 0.5065104166666666 0.026041666666666668 0.0390625
1 0.6809895833333334 0.65234375 0.028645833333333332 0.015625
1 0.6484375 0.6354166666666666 0.026041666666666668 0.0234375
1 0.6119791666666666 0.60546875 0.026041666666666668 0.03125
1 0.6927083333333334 0.5221354166666666 0.028645833333333332 0.033854166666666664
1 0.67578125 0.4674479166666667 0.026041666666666668 0.041666666666666664
1 0.6067708333333334 0.4765625 0.028645833333333332 0.026041666666666668
1 0.47265625 0.6484375 0.026041666666666668 0.036458333333333336
1 0.5325520833333334 0.796875 0.026041666666666668 0.0390625
1 0.4752604166666667 0.5611979166666666 0.033854166666666664 0.028645833333333332
1 0.4231770833333333 0.75 0.018229166666666668 0.036458333333333336
1 0.390625 0.7669270833333334 0.03125 0.028645833333333332
1 0.390625 0.7174479166666666 0.026041666666666668 0.0234375
1 0.3684895833333333 0.5065104166666666 0.026041666666666668 0.028645833333333332
1 0.3294270833333333 0.484375 0.020833333333333332 0.044270833333333336
1 0.46484375 0.2578125 0.018229166666666668 0.044270833333333336
1 0.4791666666666667 0.22265625 0.0390625 0.026041666666666668
1 0.6315104166666666 0.2682291666666667 0.026041666666666668 0.057291666666666664
1 0.4583333333333333 0.57421875 0.028645833333333332 0.033854166666666664
1 0.6263020833333334 0.82421875 0.03125 0.026041666666666668
1 0.625 0.7604166666666666 0.028645833333333332 0.028645833333333332
1 0.65234375 0.5846354166666666 0.026041666666666668 0.033854166666666664
1 0.625 0.58984375 0.026041666666666668 0.0390625
1 0.6614583333333334 0.53125 0.018229166666666668 0.044270833333333336
1 0.5182291666666666 0.7994791666666666 0.013020833333333334 0.052083333333333336
1 0.43359375 0.6927083333333334 0.0234375 0.052083333333333336
1 0.375 0.6953125 0.028645833333333332 0.036458333333333336
1 0.40234375 0.4908854166666667 0.036458333333333336 0.028645833333333332
1 0.3893229166666667 0.3776041666666667 0.028645833333333332 0.026041666666666668
1 0.4322916666666667 0.3229166666666667 0.028645833333333332 0.0390625
1 0.4609375 0.29296875 0.0234375 0.041666666666666664
1 0.4869791666666667 0.2799479166666667 0.018229166666666668 0.03125
1 0.51171875 0.3294270833333333 0.020833333333333332 0.0390625
1 0.52734375 0.20833333333333334 0.028645833333333332 0.033854166666666664
1 0.6171875 0.3645833333333333 0.026041666666666668 0.041666666666666664
1 0.49609375 0.4583333333333333 0.020833333333333332 0.046875
1 0.4661458333333333 0.46875 0.026041666666666668 0.0234375
1 0.5065104166666666 0.4049479166666667 0.026041666666666668 0.03125
1 0.39453125 0.48046875 0.03125 0.033854166666666664
1 0.66796875 0.6276041666666666 0.03125 0.03125
1 0.6236979166666666 0.7005208333333334 0.0234375 0.044270833333333336
1 0.6458333333333334 0.7630208333333334 0.03125 0.0234375
1 0.59375 0.5130208333333334 0.0234375 0.0234375
1 0.4752604166666667 0.5989583333333334 0.015625 0.044270833333333336
1 0.4244791666666667 0.6432291666666666 0.026041666666666668 0.028645833333333332
1 0.33203125 0.6354166666666666 0.028645833333333332 0.0234375
1 0.4322916666666667 0.5208333333333334 0.0234375 0.028645833333333332
1 0.3932291666666667 0.4635416666666667 0.0234375 0.026041666666666668
1 0.3971354166666667 0.4140625 0.0234375 0.0546875
1 0.3880208333333333 0.32421875 0.026041666666666668 0.036458333333333336
1 0.4388020833333333 0.4205729166666667 0.028645833333333332 0.036458333333333336
1 0.46875 0.3046875 0.018229166666666668 0.033854166666666664
1 0.55859375 0.4192708333333333 0.028645833333333332 0.028645833333333332
1 0.5130208333333334 0.453125 0.018229166666666668 0.052083333333333336
1 0.4908854166666667 0.5234375 0.020833333333333332 0.049479166666666664
1 0.5442708333333334 0.45703125 0.03125 0.013020833333333334
1 0.5026041666666666 0.515625 0.018229166666666668 0.059895833333333336
1 0.54296875 0.47265625 0.028645833333333332 0.026041666666666668
1 0.5403645833333334 0.4010416666666667 0.015625 0.057291666666666664
1 0.6770833333333334 0.4986979166666667 0.036458333333333336 0.033854166666666664
1 0.59765625 0.8424479166666666 0.018229166666666668 0.041666666666666664
1 0.62109375 0.8606770833333334 0.020833333333333332 0.049479166666666664
1 0.6627604166666666 0.7916666666666666 0.015625 0.0390625
1 0.66015625 0.61328125 0.015625 0.0390625
1 0.625 0.4830729166666667 0.020833333333333332 0.0234375
1 0.6354166666666666 0.45703125 0.026041666666666668 0.041666666666666664
1 0.6497395833333334 0.4322916666666667 0.020833333333333332 0.057291666666666664
1 0.5872395833333334 0.53125 0.0234375 0.036458333333333336
1 0.5677083333333334 0.5247395833333334 0.036458333333333336 0.0234375
1 0.5 0.6380208333333334 0.018229166666666668 0.041666666666666664
1 0.42578125 0.5885416666666666 0.0234375 0.046875
1 0.4127604166666667 0.625 0.015625 0.033854166666666664
1 0.3971354166666667 0.6705729166666666 0.015625 0.041666666666666664
1 0.3580729166666667 0.6380208333333334 0.026041666666666668 0.036458333333333336
1 0.4010416666666667 0.546875 0.033854166666666664 0.033854166666666664
1 0.3528645833333333 0.7825520833333334 0.026041666666666668 0.046875
1 0.37890625 0.4114583333333333 0.03125 0.046875
1 0.3893229166666667 0.3489583333333333 0.0234375 0.041666666666666664
1 0.44140625 0.38671875 0.026041666666666668 0.03125
1 0.4401041666666667 0.26171875 0.03125 0.026041666666666668
1 0.4440104166666667 0.2903645833333333 0.026041666666666668 0.028645833333333332
1 0.48046875 0.4518229166666667 0.026041666666666668 0.028645833333333332
1 0.4752604166666667 0.3841145833333333 0.020833333333333332 0.0234375
1 0.5143229166666666 0.5299479166666666 0.0234375 0.0546875
1 0.6197916666666666 0.5078125 0.020833333333333332 0.0546875