1 0.54296875 0.4505208333333333 0.057291666666666664 0.057291666666666664
1 0.5286458333333334 0.546875 0.057291666666666664 0.059895833333333336
1 0.5377604166666666 0.6184895833333334 0.059895833333333336 0.06510416666666667
1 0.6731770833333334 0.65625 0.0546875 0.052083333333333336
1 0.5234375 0.57421875 0.059895833333333336 0.059895833333333336
1 0.4375 0.6627604166666666 0.0546875 0.09114583333333333
1 0.5885416666666666 0.46484375 0.052083333333333336 0.07552083333333333
1 0.5859375 0.546875 0.06770833333333333 0.0703125
1 0.52734375 0.4713541666666667 0.0703125 0.0625
1 0.5221354166666666 0.7447916666666666 0.059895833333333336 0.0546875
1 0.4622395833333333 0.671875 0.057291666666666664 0.078125
1 0.3567708333333333 0.8151041666666666 0.06770833333333333 0.0859375
1 0.44921875 0.7252604166666666 0.059895833333333336 0.0703125
1 0.359375 0.50390625 0.078125 0.09895833333333333
1 0.390625 0.7682291666666666 0.07291666666666667 0.07552083333333333