1 0.4583333333333333 0.24348958333333334 0.026041666666666668 0.057291666666666664
1 0.5794270833333334 0.3046875 0.0234375 0.0390625
1 0.63671875 0.6848958333333334 0.041666666666666664 0.052083333333333336
1 0.31640625 0.3919270833333333 0.0390625 0.036458333333333336
1 0.4947916666666667 0.57421875 0.026041666666666668 0.046875
1 0.5963541666666666 0.3424479166666667 0.033854166666666664 0.046875
1 0.6354166666666666 0.4973958333333333 0.033854166666666664 0.033854166666666664
1 0.5390625 0.2708333333333333 0.03125 0.041666666666666664
1 0.6028645833333334 0.4049479166666667 0.0546875 0.044270833333333336
1 0.51953125 0.2721354166666667 0.0390625 0.041666666666666664
1 0.4205729166666667 0.5143229166666666 0.026041666666666668 0.046875
1 0.5234375 0.4609375 0.046875 0.057291666666666664
1 0.4440104166666667 0.3307291666666667 0.033854166666666664 0.052083333333333336
1 0.34375 0.2552083333333333 0.049479166666666664 0.059895833333333336
1 0.5911458333333334 0.67578125 0.020833333333333332 0.018229166666666668
1 0.5885416666666666 0.2903645833333333 0.018229166666666668 0.041666666666666664
1 0.5924479166666666 0.359375 0.020833333333333332 0.041666666666666664