1 0.4778645833333333 0.6315104166666666 0.046875 0.0625
1 0.4973958333333333 0.8046875 0.059895833333333336 0.09114583333333333
1 0.27734375 0.6536458333333334 0.052083333333333336 0.09895833333333333
1 0.25390625 0.8125 0.046875 0.06770833333333333
1 0.77734375 0.5885416666666666 0.07552083333333333 0.08333333333333333
1 0.4635416666666667 0.5182291666666666 0.06510416666666667 0.08333333333333333
1 0.5013020833333334 0.8372395833333334 0.057291666666666664 0.0546875
1 0.54296875 0.14322916666666666 0.09895833333333333 0.09114583333333333
1 0.4388020833333333 0.6940104166666666 0.06770833333333333 0.0859375
1 0.3997395833333333 0.65625 0.06510416666666667 0.046875
1 0.3046875 0.65234375 0.049479166666666664 0.08333333333333333
1 0.4049479166666667 0.9231770833333334 0.052083333333333336 0.052083333333333336
1 0.9674479166666666 0.2864583333333333 0.06510416666666667 0.078125
1 0.4895833333333333 0.3515625 0.0625 0.08854166666666667
1 0.5013020833333334 0.9049479166666666 0.09375 0.1015625
1 0.4713541666666667 0.8072916666666666 0.049479166666666664 0.057291666666666664
1 0.44140625 0.8203125 0.052083333333333336 0.07552083333333333
1 0.3229166666666667 0.8359375 0.08854166666666667 0.0703125
1 0.37890625 0.7083333333333334 0.052083333333333336 0.09375
1 0.5065104166666666 0.5559895833333334 0.0625 0.049479166666666664
1 0.19010416666666666 0.4036458333333333 0.0703125 0.06510416666666667
1 0.4908854166666667 0.96875 0.0390625 0.0625
1 0.3255208333333333 0.7838541666666666 0.0703125 0.0859375
1 0.4075520833333333 0.7044270833333334 0.06510416666666667 0.07291666666666667
1 0.3138020833333333 0.15494791666666666 0.0859375 0.125
1 0.4830729166666667 0.4674479166666667 0.041666666666666664 0.057291666666666664
1 0.41015625 0.3880208333333333 0.0859375 0.10677083333333333
1 0.049479166666666664 0.4231770833333333 0.07552083333333333 0.09375
1 0.2421875 0.7526041666666666 0.09114583333333333 0.10677083333333333
1 0.1796875 0.890625 0.0703125 0.06510416666666667
1 0.3580729166666667 0.69140625 0.036458333333333336 0.06510416666666667
1 0.3671875 0.7434895833333334 0.049479166666666664 0.0546875
1 0.45703125 0.46484375 0.044270833333333336 0.07291666666666667
1 0.3606770833333333 0.6393229166666666 0.046875 0.06510416666666667
1 0.5416666666666666 0.4791666666666667 0.078125 0.10677083333333333
1 0.4283854166666667 0.765625 0.08333333333333333 0.09635416666666667