1 0.671875 0.3697916666666667 0.020833333333333332 0.036458333333333336
1 0.4244791666666667 0.24609375 0.020833333333333332 0.0390625
1 0.4609375 0.15494791666666666 0.026041666666666668 0.046875
1 0.49609375 0.2890625 0.028645833333333332 0.028645833333333332
1 0.56640625 0.24739583333333334 0.0234375 0.036458333333333336
1 0.6028645833333334 0.3958333333333333 0.018229166666666668 0.041666666666666664
1 0.5611979166666666 0.3098958333333333 0.020833333333333332 0.03125
1 0.6171875 0.2877604166666667 0.026041666666666668 0.028645833333333332
1 0.61328125 0.5390625 0.03125 0.028645833333333332
1 0.60546875 0.58203125 0.026041666666666668 0.033854166666666664
1 0.5559895833333334 0.6002604166666666 0.015625 0.033854166666666664
1 0.5572916666666666 0.5533854166666666 0.0234375 0.028645833333333332
1 0.640625 0.5729166666666666 0.0234375 0.046875
1 0.6497395833333334 0.5221354166666666 0.026041666666666668 0.041666666666666664
1 0.5911458333333334 0.2890625 0.018229166666666668 0.03125
1 0.5846354166666666 0.4010416666666667 0.0234375 0.028645833333333332
1 0.7213541666666666 0.3645833333333333 0.03125 0.026041666666666668
1 0.7369791666666666 0.35546875 0.0234375 0.033854166666666664
1 0.6822916666666666 0.3893229166666667 0.028645833333333332 0.028645833333333332
1 0.6315104166666666 0.3111979166666667 0.0234375 0.041666666666666664
1 0.5247395833333334 0.234375 0.028645833333333332 0.03125
1 0.4765625 0.34375 0.018229166666666668 0.036458333333333336
1 0.4348958333333333 0.6432291666666666 0.0234375 0.0390625
1 0.44140625 0.4544270833333333 0.028645833333333332 0.026041666666666668
1 0.47265625 0.55859375 0.018229166666666668 0.036458333333333336
1 0.5651041666666666 0.3515625 0.018229166666666668 0.0390625
1 0.5390625 0.6796875 0.028645833333333332 0.033854166666666664
1 0.7200520833333334 0.3333333333333333 0.026041666666666668 0.028645833333333332
1 0.5885416666666666 0.62109375 0.015625 0.036458333333333336
1 0.5598958333333334 0.26953125 0.026041666666666668 0.0234375
1 0.5104166666666666 0.59375 0.028645833333333332 0.033854166666666664
1 0.6341145833333334 0.14192708333333334 0.026041666666666668 0.033854166666666664
1 0.6940104166666666 0.36328125 0.020833333333333332 0.041666666666666664
1 0.515625 0.2552083333333333 0.026041666666666668 0.033854166666666664
1 0.51953125 0.3645833333333333 0.028645833333333332 0.0390625
1 0.50390625 0.41015625 0.0234375 0.036458333333333336
1 0.578125 0.2825520833333333 0.0234375 0.026041666666666668
1 0.5989583333333334 0.6197916666666666 0.0234375 0.046875
1 0.5768229166666666 0.6471354166666666 0.028645833333333332 0.020833333333333332
1 0.57421875 0.58984375 0.018229166666666668 0.03125
1 0.6158854166666666 0.3125 0.026041666666666668 0.03125
1 0.5481770833333334 0.6223958333333334 0.020833333333333332 0.041666666666666664
1 0.5572916666666666 0.4713541666666667 0.0234375 0.033854166666666664
1 0.7200520833333334 0.4440104166666667 0.020833333333333332 0.0234375
1 0.7174479166666666 0.3854166666666667 0.026041666666666668 0.020833333333333332
1 0.5611979166666666 0.21354166666666666 0.0234375 0.033854166666666664
1 0.4635416666666667 0.6067708333333334 0.0234375 0.03125
1 0.4778645833333333 0.5052083333333334 0.018229166666666668 0.03125
1 0.46875 0.4674479166666667 0.028645833333333332 0.028645833333333332
1 0.52734375 0.3984375 0.028645833333333332 0.033854166666666664
1 0.4635416666666667 0.5677083333333334 0.018229166666666668 0.036458333333333336
1 0.5559895833333334 0.4518229166666667 0.028645833333333332 0.03125
1 0.53515625 0.3580729166666667 0.018229166666666668 0.0390625
1 0.5598958333333334 0.2877604166666667 0.0234375 0.03125
1 0.5247395833333334 0.61328125 0.020833333333333332 0.036458333333333336
1 0.5416666666666666 0.5872395833333334 0.020833333333333332 0.041666666666666664
1 0.5377604166666666 0.55859375 0.0234375 0.036458333333333336
1 0.5143229166666666 0.62109375 0.026041666666666668 0.028645833333333332
1 0.609375 0.3059895833333333 0.026041666666666668 0.033854166666666664
1 0.4557291666666667 0.4622395833333333 0.018229166666666668 0.0390625
1 0.7161458333333334 0.3216145833333333 0.028645833333333332 0.0234375
1 0.7083333333333334 0.3046875 0.026041666666666668 0.046875
1 0.7213541666666666 0.41015625 0.028645833333333332 0.026041666666666668
1 0.4166666666666667 0.28515625 0.026041666666666668 0.044270833333333336
1 0.4895833333333333 0.5677083333333334 0.0234375 0.0234375
1 0.4479166666666667 0.5755208333333334 0.028645833333333332 0.036458333333333336
1 0.53125 0.4908854166666667 0.026041666666666668 0.028645833333333332
1 0.58203125 0.4609375 0.026041666666666668 0.0390625
1 0.5846354166666666 0.4140625 0.0234375 0.028645833333333332
1 0.59375 0.26953125 0.0234375 0.03125
1 0.5442708333333334 0.5625 0.020833333333333332 0.0234375
1 0.5625 0.6263020833333334 0.028645833333333332 0.026041666666666668
1 0.61328125 0.2421875 0.0234375 0.0390625
1 0.58984375 0.3346354166666667 0.033854166666666664 0.036458333333333336
1 0.7122395833333334 0.4348958333333333 0.018229166666666668 0.036458333333333336
1 0.58203125 0.26953125 0.020833333333333332 0.028645833333333332
1 0.58984375 0.3111979166666667 0.026041666666666668 0.028645833333333332
1 0.5755208333333334 0.6236979166666666 0.026041666666666668 0.0234375
1 0.4856770833333333 0.58203125 0.020833333333333332 0.018229166666666668
1 0.4466145833333333 0.56640625 0.018229166666666668 0.0390625
1 0.6979166666666666 0.3125 0.020833333333333332 0.0390625
1 0.7057291666666666 0.3229166666666667 0.020833333333333332 0.036458333333333336
1 0.6328125 0.3645833333333333 0.03125 0.044270833333333336
1 0.5625 0.41015625 0.020833333333333332 0.036458333333333336
1 0.46484375 0.3125 0.028645833333333332 0.028645833333333332
1 0.4518229166666667 0.4296875 0.026041666666666668 0.033854166666666664
1 0.40234375 0.6471354166666666 0.033854166666666664 0.033854166666666664
1 0.5078125 0.32421875 0.026041666666666668 0.028645833333333332
1 0.5013020833333334 0.3528645833333333 0.018229166666666668 0.033854166666666664
1 0.5065104166666666 0.37890625 0.026041666666666668 0.0234375
1 0.484375 0.40234375 0.0234375 0.0234375
1 0.49609375 0.3958333333333333 0.026041666666666668 0.020833333333333332
1 0.4895833333333333 0.37109375 0.018229166666666668 0.033854166666666664
1 0.515625 0.5703125 0.026041666666666668 0.041666666666666664
1 0.5104166666666666 0.6770833333333334 0.03125 0.033854166666666664
1 0.5403645833333334 0.64453125 0.028645833333333332 0.028645833333333332
1 0.5703125 0.6015625 0.020833333333333332 0.028645833333333332
1 0.6171875 0.63671875 0.026041666666666668 0.052083333333333336
1 0.5091145833333334 0.3411458333333333 0.0234375 0.044270833333333336
1 0.4609375 0.5299479166666666 0.0234375 0.0234375
1 0.6966145833333334 0.4075520833333333 0.028645833333333332 0.020833333333333332
1 0.6861979166666666 0.3697916666666667 0.018229166666666668 0.033854166666666664
1 0.6588541666666666 0.4166666666666667 0.026041666666666668 0.049479166666666664
1 0.5 0.20182291666666666 0.026041666666666668 0.026041666666666668
1 0.52734375 0.29296875 0.0234375 0.03125
1 0.4205729166666667 0.4908854166666667 0.026041666666666668 0.0390625
1 0.3919270833333333 0.5221354166666666 0.03125 0.033854166666666664
1 0.40625 0.5638020833333334 0.026041666666666668 0.033854166666666664
1 0.5234375 0.3450520833333333 0.0234375 0.026041666666666668
1 0.4856770833333333 0.3463541666666667 0.0234375 0.0234375
1 0.4557291666666667 0.5520833333333334 0.020833333333333332 0.0390625
1 0.4700520833333333 0.5846354166666666 0.020833333333333332 0.033854166666666664
1 0.4544270833333333 0.5091145833333334 0.020833333333333332 0.049479166666666664
1 0.5208333333333334 0.47265625 0.0234375 0.026041666666666668
1 0.578125 0.3098958333333333 0.026041666666666668 0.033854166666666664
1 0.55859375 0.3359375 0.026041666666666668 0.028645833333333332
1 0.6458333333333334 0.2708333333333333 0.0234375 0.03125
1 0.5598958333333334 0.6770833333333334 0.0234375 0.041666666666666664
1 0.46484375 0.50390625 0.015625 0.041666666666666664
1 0.5703125 0.4505208333333333 0.018229166666666668 0.028645833333333332
1 0.6888020833333334 0.6484375 0.026041666666666668 0.044270833333333336
1 0.66796875 0.3125 0.026041666666666668 0.041666666666666664
1 0.69921875 0.4375 0.020833333333333332 0.049479166666666664
1 0.3880208333333333 0.3190104166666667 0.020833333333333332 0.0390625
1 0.4830729166666667 0.2734375 0.018229166666666668 0.036458333333333336
1 0.59765625 0.23828125 0.020833333333333332 0.041666666666666664
1 0.43359375 0.4791666666666667 0.020833333333333332 0.0234375
1 0.5234375 0.3776041666666667 0.026041666666666668 0.020833333333333332
1 0.5286458333333334 0.5807291666666666 0.028645833333333332 0.028645833333333332
1 0.60546875 0.2747395833333333 0.018229166666666668 0.0390625
1 0.56640625 0.4713541666666667 0.018229166666666668 0.0390625
1 0.5377604166666666 0.6028645833333334 0.026041666666666668 0.0234375
1 0.7174479166666666 0.3919270833333333 0.018229166666666668 0.026041666666666668
1 0.7265625 0.4283854166666667 0.026041666666666668 0.020833333333333332