1 0.5598958333333334 0.09765625 0.026041666666666668 0.06510416666666667
1 0.4231770833333333 0.11197916666666667 0.028645833333333332 0.06770833333333333
1 0.5 0.19401041666666666 0.020833333333333332 0.0625
1 0.4778645833333333 0.3489583333333333 0.026041666666666668 0.041666666666666664
1 0.41796875 0.4713541666666667 0.028645833333333332 0.033854166666666664
1 0.4739583333333333 0.5247395833333334 0.028645833333333332 0.033854166666666664
1 0.4739583333333333 0.6640625 0.036458333333333336 0.03125
1 0.5078125 0.7369791666666666 0.0234375 0.052083333333333336
1 0.4986979166666667 0.69140625 0.026041666666666668 0.036458333333333336
1 0.5364583333333334 0.296875 0.036458333333333336 0.0390625
1 0.5794270833333334 0.2955729166666667 0.028645833333333332 0.044270833333333336
1 0.5182291666666666 0.3411458333333333 0.028645833333333332 0.033854166666666664
1 0.75 0.3020833333333333 0.03125 0.052083333333333336
1 0.5026041666666666 0.5559895833333334 0.0234375 0.057291666666666664
1 0.6302083333333334 0.71484375 0.033854166666666664 0.036458333333333336
1 0.5325520833333334 0.66796875 0.026041666666666668 0.049479166666666664
1 0.5638020833333334 0.6731770833333334 0.020833333333333332 0.057291666666666664
1 0.6692708333333334 0.6223958333333334 0.026041666666666668 0.059895833333333336
1 0.7096354166666666 0.5833333333333334 0.026041666666666668 0.059895833333333336
1 0.6106770833333334 0.5390625 0.020833333333333332 0.028645833333333332
1 0.546875 0.4817708333333333 0.028645833333333332 0.020833333333333332
1 0.6119791666666666 0.50390625 0.020833333333333332 0.0625
1 0.4231770833333333 0.4127604166666667 0.0234375 0.046875
1 0.6002604166666666 0.4778645833333333 0.03125 0.026041666666666668
1 0.5572916666666666 0.44921875 0.020833333333333332 0.026041666666666668
1 0.5234375 0.4973958333333333 0.026041666666666668 0.028645833333333332
1 0.54296875 0.08333333333333333 0.028645833333333332 0.06510416666666667
1 0.3580729166666667 0.24348958333333334 0.036458333333333336 0.0390625
1 0.5768229166666666 0.16276041666666666 0.033854166666666664 0.057291666666666664
1 0.6848958333333334 0.22786458333333334 0.03125 0.0546875
1 0.4830729166666667 0.19791666666666666 0.028645833333333332 0.044270833333333336
1 0.4244791666666667 0.23958333333333334 0.018229166666666668 0.049479166666666664
1 0.359375 0.4127604166666667 0.033854166666666664 0.0390625
1 0.3723958333333333 0.5078125 0.033854166666666664 0.044270833333333336
1 0.4388020833333333 0.3971354166666667 0.018229166666666668 0.049479166666666664
1 0.4140625 0.4986979166666667 0.036458333333333336 0.033854166666666664
1 0.4635416666666667 0.6315104166666666 0.026041666666666668 0.049479166666666664
1 0.5338541666666666 0.7734375 0.0390625 0.036458333333333336
1 0.5338541666666666 0.7981770833333334 0.03125 0.033854166666666664
1 0.54296875 0.3723958333333333 0.026041666666666668 0.041666666666666664
1 0.6731770833333334 0.4283854166666667 0.036458333333333336 0.036458333333333336
1 0.6236979166666666 0.296875 0.03125 0.033854166666666664
1 0.6119791666666666 0.32421875 0.026041666666666668 0.044270833333333336
1 0.5377604166666666 0.6419270833333334 0.0390625 0.0390625
1 0.609375 0.60546875 0.0234375 0.059895833333333336
1 0.59375 0.5 0.026041666666666668 0.046875
1 0.6484375 0.4830729166666667 0.0234375 0.052083333333333336
1 0.609375 0.6966145833333334 0.020833333333333332 0.044270833333333336
1 0.5325520833333334 0.5716145833333334 0.026041666666666668 0.041666666666666664
1 0.68359375 0.5598958333333334 0.033854166666666664 0.0234375
1 0.56640625 0.3723958333333333 0.0234375 0.036458333333333336
1 0.5716145833333334 0.6432291666666666 0.026041666666666668 0.026041666666666668
1 0.5546875 0.7057291666666666 0.028645833333333332 0.036458333333333336
1 0.58984375 0.4544270833333333 0.028645833333333332 0.028645833333333332
1 0.3684895833333333 0.3971354166666667 0.036458333333333336 0.033854166666666664
1 0.40625 0.375 0.033854166666666664 0.046875
1 0.3854166666666667 0.453125 0.036458333333333336 0.033854166666666664
1 0.48828125 0.4908854166666667 0.018229166666666668 0.052083333333333336
1 0.38671875 0.5833333333333334 0.026041666666666668 0.044270833333333336
1 0.26953125 0.6627604166666666 0.033854166666666664 0.049479166666666664
1 0.4674479166666667 0.7083333333333334 0.018229166666666668 0.059895833333333336
1 0.5169270833333334 0.5859375 0.03125 0.026041666666666668
1 0.6484375 0.3372395833333333 0.0234375 0.041666666666666664
1 0.64453125 0.3828125 0.018229166666666668 0.06510416666666667
1 0.5481770833333334 0.4505208333333333 0.026041666666666668 0.049479166666666664
1 0.5455729166666666 0.6692708333333334 0.0234375 0.052083333333333336
1 0.5416666666666666 0.5130208333333334 0.0234375 0.046875
1 0.546875 0.5559895833333334 0.033854166666666664 0.0390625
1 0.5807291666666666 0.5950520833333334 0.018229166666666668 0.057291666666666664
1 0.6614583333333334 0.6770833333333334 0.03125 0.049479166666666664
1 0.6328125 0.6276041666666666 0.03125 0.044270833333333336
1 0.6783854166666666 0.4921875 0.020833333333333332 0.052083333333333336
1 0.6888020833333334 0.5338541666666666 0.026041666666666668 0.046875
1 0.578125 0.3971354166666667 0.018229166666666668 0.041666666666666664
1 0.5377604166666666 0.4309895833333333 0.020833333333333332 0.03125
1 0.5703125 0.3268229166666667 0.033854166666666664 0.026041666666666668
1 0.4361979166666667 0.5677083333333334 0.0234375 0.03125
1 0.45703125 0.22265625 0.03125 0.028645833333333332
1 0.4830729166666667 0.37890625 0.03125 0.028645833333333332
1 0.4986979166666667 0.5065104166666666 0.018229166666666668 0.046875
1 0.5572916666666666 0.5729166666666666 0.028645833333333332 0.026041666666666668
1 0.56640625 0.484375 0.0234375 0.046875
1 0.4466145833333333 0.17447916666666666 0.03125 0.0625
1 0.58984375 0.21614583333333334 0.03125 0.059895833333333336
1 0.4830729166666667 0.24869791666666666 0.018229166666666668 0.057291666666666664
1 0.4583333333333333 0.24739583333333334 0.041666666666666664 0.041666666666666664
1 0.47265625 0.23567708333333334 0.0234375 0.059895833333333336
1 0.41796875 0.30078125 0.026041666666666668 0.046875
1 0.4010416666666667 0.51953125 0.03125 0.041666666666666664
1 0.4153645833333333 0.6236979166666666 0.028645833333333332 0.044270833333333336
1 0.4401041666666667 0.734375 0.020833333333333332 0.0546875
1 0.5520833333333334 0.8736979166666666 0.03125 0.059895833333333336
1 0.48046875 0.5755208333333334 0.026041666666666668 0.049479166666666664
1 0.5169270833333334 0.3736979166666667 0.026041666666666668 0.044270833333333336
1 0.5104166666666666 0.4361979166666667 0.0234375 0.059895833333333336
1 0.5208333333333334 0.484375 0.0390625 0.03125
1 0.5091145833333334 0.50390625 0.020833333333333332 0.052083333333333336
1 0.65625 0.328125 0.020833333333333332 0.057291666666666664
1 0.6315104166666666 0.3815104166666667 0.0234375 0.059895833333333336
1 0.7200520833333334 0.4817708333333333 0.028645833333333332 0.0625
1 0.6145833333333334 0.4088541666666667 0.03125 0.049479166666666664
1 0.5638020833333334 0.73046875 0.041666666666666664 0.03125
1 0.6197916666666666 0.6731770833333334 0.028645833333333332 0.049479166666666664
1 0.6106770833333334 0.6614583333333334 0.033854166666666664 0.0234375
1 0.6549479166666666 0.57421875 0.0234375 0.049479166666666664
1 0.6341145833333334 0.5950520833333334 0.0234375 0.036458333333333336
1 0.52734375 0.4583333333333333 0.015625 0.044270833333333336
1 0.6263020833333334 0.46875 0.020833333333333332 0.049479166666666664
1 0.65625 0.4700520833333333 0.028645833333333332 0.044270833333333336
1 0.4205729166666667 0.28125 0.028645833333333332 0.0390625
1 0.4765625 0.47265625 0.0234375 0.059895833333333336
1 0.40625 0.5546875 0.036458333333333336 0.036458333333333336
1 0.4674479166666667 0.54296875 0.03125 0.033854166666666664
1 0.359375 0.6380208333333334 0.03125 0.036458333333333336
1 0.3450520833333333 0.671875 0.03125 0.0390625
1 0.37109375 0.73046875 0.0390625 0.033854166666666664
1 0.4388020833333333 0.6380208333333334 0.033854166666666664 0.0390625
1 0.5833333333333334 0.8606770833333334 0.026041666666666668 0.052083333333333336
1 0.65625 0.2786458333333333 0.03125 0.028645833333333332
1 0.6328125 0.2903645833333333 0.03125 0.049479166666666664
1 0.5807291666666666 0.4127604166666667 0.033854166666666664 0.036458333333333336
1 0.5572916666666666 0.4114583333333333 0.028645833333333332 0.03125
1 0.546875 0.6002604166666666 0.03125 0.044270833333333336
1 0.5638020833333334 0.515625 0.026041666666666668 0.044270833333333336
1 0.6640625 0.5625 0.0234375 0.052083333333333336
1 0.3971354166666667 0.4817708333333333 0.020833333333333332 0.033854166666666664
1 0.5963541666666666 0.6432291666666666 0.020833333333333332 0.046875
1 0.46875 0.5065104166666666 0.03125 0.033854166666666664
1 0.4205729166666667 0.3671875 0.0234375 0.041666666666666664
1 0.5690104166666666 0.21875 0.033854166666666664 0.03125
1 0.5260416666666666 0.21354166666666666 0.033854166666666664 0.036458333333333336
1 0.39453125 0.2682291666666667 0.020833333333333332 0.0546875
1 0.5013020833333334 0.30078125 0.033854166666666664 0.057291666666666664
1 0.45703125 0.3059895833333333 0.028645833333333332 0.059895833333333336
1 0.4713541666666667 0.3072916666666667 0.0234375 0.057291666666666664
1 0.4283854166666667 0.3567708333333333 0.0234375 0.044270833333333336
1 0.484375 0.4309895833333333 0.03125 0.041666666666666664
1 0.3802083333333333 0.3776041666666667 0.026041666666666668 0.06510416666666667
1 0.41015625 0.5716145833333334 0.033854166666666664 0.026041666666666668
1 0.2903645833333333 0.6067708333333334 0.036458333333333336 0.0390625
1 0.3828125 0.63671875 0.03125 0.044270833333333336
1 0.4375 0.6875 0.028645833333333332 0.0625
1 0.5104166666666666 0.8359375 0.0390625 0.041666666666666664
1 0.5260416666666666 0.6953125 0.020833333333333332 0.044270833333333336
1 0.5026041666666666 0.6588541666666666 0.03125 0.03125
1 0.7903645833333334 0.3854166666666667 0.0390625 0.041666666666666664
1 0.5559895833333334 0.6393229166666666 0.020833333333333332 0.052083333333333336
1 0.58203125 0.7109375 0.020833333333333332 0.0546875
1 0.5859375 0.66796875 0.026041666666666668 0.046875
1 0.6966145833333334 0.6822916666666666 0.036458333333333336 0.049479166666666664
1 0.7044270833333334 0.6302083333333334 0.036458333333333336 0.049479166666666664
1 0.6510416666666666 0.6341145833333334 0.020833333333333332 0.0546875
1 0.6263020833333334 0.515625 0.0390625 0.03125
1 0.4205729166666667 0.4453125 0.020833333333333332 0.020833333333333332
1 0.5833333333333334 0.5455729166666666 0.03125 0.026041666666666668
1 0.5598958333333334 0.18880208333333334 0.03125 0.057291666666666664
1 0.4453125 0.265625 0.03125 0.036458333333333336
1 0.4713541666666667 0.3736979166666667 0.020833333333333332 0.052083333333333336
1 0.49609375 0.3541666666666667 0.026041666666666668 0.0390625
1 0.4934895833333333 0.390625 0.020833333333333332 0.057291666666666664
1 0.45703125 0.4817708333333333 0.0234375 0.044270833333333336
1 0.421875 0.5911458333333334 0.026041666666666668 0.046875
1 0.4973958333333333 0.6263020833333334 0.0390625 0.03125
1 0.55078125 0.3528645833333333 0.0234375 0.046875
1 0.5208333333333334 0.41015625 0.033854166666666664 0.0390625
1 0.52734375 0.5208333333333334 0.020833333333333332 0.0546875
1 0.5924479166666666 0.33203125 0.033854166666666664 0.044270833333333336
1 0.59765625 0.3567708333333333 0.036458333333333336 0.036458333333333336
1 0.5768229166666666 0.4557291666666667 0.020833333333333332 0.052083333333333336
1 0.5182291666666666 0.6119791666666666 0.0234375 0.0390625
1 0.6067708333333334 0.5611979166666666 0.036458333333333336 0.028645833333333332
1 0.6627604166666666 0.5208333333333334 0.03125 0.033854166666666664
1 0.5755208333333334 0.55859375 0.020833333333333332 0.033854166666666664
1 0.64453125 0.4453125 0.03125 0.0390625
1 0.40625 0.46875 0.020833333333333332 0.049479166666666664
1 0.5481770833333334 0.5260416666666666 0.015625 0.049479166666666664
1 0.4361979166666667 0.46484375 0.020833333333333332 0.036458333333333336
1 0.4518229166666667 0.3971354166666667 0.0234375 0.028645833333333332
1 0.44140625 0.3815104166666667 0.033854166666666664 0.0234375
1 0.5638020833333334 0.6067708333333334 0.020833333333333332 0.0546875
1 0.5299479166666666 0.15494791666666666 0.0234375 0.057291666666666664
1 0.515625 0.2552083333333333 0.028645833333333332 0.052083333333333336
1 0.4453125 0.3411458333333333 0.03125 0.026041666666666668
1 0.453125 0.3580729166666667 0.028645833333333332 0.0390625
1 0.3372395833333333 0.4921875 0.0234375 0.059895833333333336
1 0.4583333333333333 0.4322916666666667 0.0234375 0.052083333333333336
1 0.4375 0.4401041666666667 0.0234375 0.052083333333333336
1 0.4505208333333333 0.50390625 0.028645833333333332 0.0390625
1 0.4479166666666667 0.5416666666666666 0.028645833333333332 0.041666666666666664
1 0.5377604166666666 0.32421875 0.0234375 0.041666666666666664
1 0.6015625 0.7552083333333334 0.033854166666666664 0.057291666666666664
1 0.5846354166666666 0.6171875 0.028645833333333332 0.041666666666666664
1 0.6549479166666666 0.7981770833333334 0.03125 0.057291666666666664
1 0.6354166666666666 0.5559895833333334 0.03125 0.0390625
1 0.6145833333333334 0.45703125 0.026041666666666668 0.044270833333333336
1 0.5872395833333334 0.5338541666666666 0.026041666666666668 0.0234375
1 0.4856770833333333 0.6796875 0.03125 0.036458333333333336
1 0.5091145833333334 0.6484375 0.0234375 0.033854166666666664
1 0.4830729166666667 0.5481770833333334 0.020833333333333332 0.0390625
1 0.6783854166666666 0.4544270833333333 0.036458333333333336 0.026041666666666668
1 0.5338541666666666 0.390625 0.020833333333333332 0.046875