1 0.40234375 0.2565104166666667 0.046875 0.033854166666666664
1 0.76953125 0.7213541666666666 0.033854166666666664 0.033854166666666664
1 0.3515625 0.2786458333333333 0.0625 0.09375
1 0.7890625 0.6770833333333334 0.046875 0.0546875
1 0.65234375 0.4375 0.052083333333333336 0.044270833333333336
1 0.3815104166666667 0.3111979166666667 0.015625 0.028645833333333332
1 0.41796875 0.7239583333333334 0.03125 0.028645833333333332
1 0.4622395833333333 0.6731770833333334 0.036458333333333336 0.028645833333333332
1 0.5768229166666666 0.3372395833333333 0.041666666666666664 0.044270833333333336
1 0.39453125 0.2708333333333333 0.033854166666666664 0.028645833333333332
1 0.3971354166666667 0.19661458333333334 0.044270833333333336 0.046875
1 0.6692708333333334 0.2578125 0.044270833333333336 0.036458333333333336
1 0.6184895833333334 0.5690104166666666 0.057291666666666664 0.0625
1 0.6080729166666666 0.32421875 0.041666666666666664 0.044270833333333336
1 0.6692708333333334 0.4609375 0.059895833333333336 0.044270833333333336
1 0.4075520833333333 0.4192708333333333 0.057291666666666664 0.057291666666666664
1 0.75 0.2708333333333333 0.0546875 0.06510416666666667
1 0.23177083333333334 0.8502604166666666 0.036458333333333336 0.026041666666666668