1 0.5559895833333334 0.4713541666666667 0.044270833333333336 0.020833333333333332
1 0.37890625 0.265625 0.036458333333333336 0.028645833333333332
1 0.34375 0.5260416666666666 0.026041666666666668 0.033854166666666664
1 0.3020833333333333 0.5104166666666666 0.036458333333333336 0.033854166666666664
1 0.35546875 0.5052083333333334 0.03125 0.03125
1 0.24088541666666666 0.4934895833333333 0.036458333333333336 0.033854166666666664
1 0.8359375 0.46875 0.041666666666666664 0.028645833333333332
1 0.453125 0.3359375 0.044270833333333336 0.028645833333333332
1 0.4479166666666667 0.4986979166666667 0.0390625 0.03125
1 0.3138020833333333 0.4713541666666667 0.03125 0.03125
1 0.6197916666666666 0.4934895833333333 0.033854166666666664 0.033854166666666664
1 0.3502604166666667 0.421875 0.049479166666666664 0.028645833333333332
1 0.3098958333333333 0.4518229166666667 0.041666666666666664 0.028645833333333332
1 0.4088541666666667 0.4622395833333333 0.0390625 0.033854166666666664
1 0.3059895833333333 0.4309895833333333 0.0390625 0.028645833333333332
1 0.3919270833333333 0.4869791666666667 0.052083333333333336 0.03125
1 0.5546875 0.35546875 0.0390625 0.03125
1 0.5026041666666666 0.4231770833333333 0.036458333333333336 0.033854166666666664