1 0.234375 0.8424479166666666 0.0625 0.057291666666666664
1 0.3932291666666667 0.5872395833333334 0.049479166666666664 0.08333333333333333
1 0.8138020833333334 0.2890625 0.0546875 0.0625
1 0.26171875 0.6666666666666666 0.06770833333333333 0.06770833333333333
1 0.4505208333333333 0.609375 0.0390625 0.0859375
1 0.4205729166666667 0.7291666666666666 0.057291666666666664 0.09375
1 0.34375 0.6028645833333334 0.0546875 0.09375
1 0.8502604166666666 0.11979166666666667 0.0625 0.1015625
1 0.41796875 0.6432291666666666 0.046875 0.08333333333333333
1 0.7057291666666666 0.44921875 0.033854166666666664 0.08072916666666667
1 0.3802083333333333 0.6796875 0.036458333333333336 0.07552083333333333
1 0.7200520833333334 0.4544270833333333 0.03125 0.08072916666666667
1 0.3697916666666667 0.7643229166666666 0.049479166666666664 0.09375
1 0.3919270833333333 0.7513020833333334 0.044270833333333336 0.09114583333333333
1 0.3997395833333333 0.6705729166666666 0.046875 0.08333333333333333
1 0.3333333333333333 0.859375 0.0546875 0.052083333333333336
1 0.4700520833333333 0.703125 0.03125 0.08072916666666667
1 0.4283854166666667 0.5559895833333334 0.028645833333333332 0.0234375