1 0.49609375 0.7252604166666666 0.036458333333333336 0.0625
1 0.5260416666666666 0.7486979166666666 0.036458333333333336 0.041666666666666664
1 0.4518229166666667 0.64453125 0.044270833333333336 0.041666666666666664
1 0.4518229166666667 0.359375 0.033854166666666664 0.052083333333333336
1 0.52734375 0.37109375 0.03125 0.059895833333333336
1 0.5104166666666666 0.4908854166666667 0.041666666666666664 0.052083333333333336
1 0.4765625 0.5234375 0.044270833333333336 0.044270833333333336
1 0.6588541666666666 0.3828125 0.036458333333333336 0.059895833333333336
1 0.69921875 0.55078125 0.03125 0.06510416666666667
1 0.69921875 0.6614583333333334 0.033854166666666664 0.06510416666666667
1 0.6744791666666666 0.54296875 0.036458333333333336 0.049479166666666664
1 0.5924479166666666 0.5091145833333334 0.033854166666666664 0.046875
1 0.453125 0.8359375 0.03125 0.049479166666666664
1 0.5078125 0.7643229166666666 0.036458333333333336 0.0390625
1 0.7083333333333334 0.5416666666666666 0.026041666666666668 0.036458333333333336
1 0.671875 0.69140625 0.0390625 0.036458333333333336
1 0.4388020833333333 0.4388020833333333 0.03125 0.0625
1 0.5247395833333334 0.4609375 0.044270833333333336 0.049479166666666664
1 0.5716145833333334 0.4895833333333333 0.036458333333333336 0.0625
1 0.6536458333333334 0.27734375 0.0390625 0.0546875
1 0.6809895833333334 0.4700520833333333 0.03125 0.044270833333333336
1 0.7864583333333334 0.7486979166666666 0.044270833333333336 0.059895833333333336
1 0.6588541666666666 0.7161458333333334 0.041666666666666664 0.0703125
1 0.640625 0.671875 0.0390625 0.0390625
1 0.625 0.63671875 0.0390625 0.036458333333333336
1 0.671875 0.515625 0.044270833333333336 0.057291666666666664
1 0.6575520833333334 0.6614583333333334 0.0390625 0.033854166666666664
1 0.4778645833333333 0.8411458333333334 0.036458333333333336 0.057291666666666664
1 0.5611979166666666 0.7526041666666666 0.0390625 0.06770833333333333
1 0.55078125 0.6302083333333334 0.033854166666666664 0.057291666666666664
1 0.4739583333333333 0.671875 0.033854166666666664 0.033854166666666664
1 0.4674479166666667 0.4361979166666667 0.041666666666666664 0.041666666666666664
1 0.4791666666666667 0.3971354166666667 0.03125 0.06770833333333333
1 0.6002604166666666 0.18880208333333334 0.044270833333333336 0.052083333333333336
1 0.63671875 0.49609375 0.041666666666666664 0.052083333333333336
1 0.66015625 0.6080729166666666 0.036458333333333336 0.0390625
1 0.625 0.46875 0.033854166666666664 0.044270833333333336
1 0.6497395833333334 0.5716145833333334 0.0390625 0.0546875
1 0.5364583333333334 0.6471354166666666 0.033854166666666664 0.052083333333333336
1 0.4427083333333333 0.3098958333333333 0.03125 0.052083333333333336
1 0.46484375 0.26171875 0.03125 0.046875
1 0.5052083333333334 0.4583333333333333 0.028645833333333332 0.049479166666666664
1 0.45703125 0.52734375 0.03125 0.059895833333333336
1 0.5885416666666666 0.41796875 0.026041666666666668 0.052083333333333336
1 0.70703125 0.6979166666666666 0.036458333333333336 0.052083333333333336
1 0.7096354166666666 0.6380208333333334 0.03125 0.049479166666666664
1 0.6861979166666666 0.56640625 0.033854166666666664 0.049479166666666664
1 0.6536458333333334 0.5403645833333334 0.036458333333333336 0.036458333333333336
1 0.3697916666666667 0.5755208333333334 0.041666666666666664 0.052083333333333336
1 0.3841145833333333 0.8151041666666666 0.0390625 0.059895833333333336
1 0.6432291666666666 0.515625 0.041666666666666664 0.036458333333333336
1 0.4557291666666667 0.4752604166666667 0.0390625 0.0625
1 0.5598958333333334 0.3606770833333333 0.044270833333333336 0.044270833333333336
1 0.57421875 0.4440104166666667 0.033854166666666664 0.0625
1 0.6549479166666666 0.44921875 0.041666666666666664 0.052083333333333336
1 0.68359375 0.6588541666666666 0.028645833333333332 0.049479166666666664
1 0.4505208333333333 0.7447916666666666 0.0390625 0.041666666666666664
1 0.3841145833333333 0.4348958333333333 0.036458333333333336 0.06770833333333333
1 0.3828125 0.3359375 0.0390625 0.057291666666666664
1 0.49609375 0.3841145833333333 0.03125 0.044270833333333336
1 0.59375 0.40625 0.0234375 0.049479166666666664
1 0.6458333333333334 0.4244791666666667 0.044270833333333336 0.0546875
1 0.6223958333333334 0.5533854166666666 0.033854166666666664 0.03125
1 0.7252604166666666 0.5546875 0.0390625 0.0546875
1 0.7591145833333334 0.6731770833333334 0.033854166666666664 0.052083333333333336
1 0.7356770833333334 0.6796875 0.036458333333333336 0.041666666666666664
1 0.7317708333333334 0.6953125 0.033854166666666664 0.044270833333333336
1 0.66796875 0.58203125 0.033854166666666664 0.057291666666666664
1 0.6315104166666666 0.6158854166666666 0.0390625 0.0390625
1 0.6744791666666666 0.6666666666666666 0.03125 0.033854166666666664
1 0.4700520833333333 0.7760416666666666 0.03125 0.052083333333333336
1 0.3658854166666667 0.4700520833333333 0.036458333333333336 0.07291666666666667
1 0.3736979166666667 0.35546875 0.041666666666666664 0.041666666666666664
1 0.4375 0.4713541666666667 0.036458333333333336 0.041666666666666664
1 0.5559895833333334 0.44140625 0.036458333333333336 0.044270833333333336
1 0.62109375 0.4388020833333333 0.026041666666666668 0.052083333333333336
1 0.6302083333333334 0.7213541666666666 0.0390625 0.0390625
1 0.6354166666666666 0.6002604166666666 0.033854166666666664 0.041666666666666664
1 0.6848958333333334 0.60546875 0.036458333333333336 0.028645833333333332
1 0.6848958333333334 0.6276041666666666 0.0390625 0.041666666666666664
1 0.38671875 0.6927083333333334 0.044270833333333336 0.041666666666666664
1 0.3580729166666667 0.59375 0.0390625 0.0546875
1 0.62890625 0.5755208333333334 0.0390625 0.03125
1 0.5794270833333334 0.5260416666666666 0.028645833333333332 0.033854166666666664
1 0.6432291666666666 0.5859375 0.026041666666666668 0.028645833333333332
1 0.4361979166666667 0.5911458333333334 0.041666666666666664 0.044270833333333336
1 0.3971354166666667 0.41796875 0.028645833333333332 0.0625
1 0.39453125 0.2916666666666667 0.0390625 0.0625
1 0.4622395833333333 0.4036458333333333 0.044270833333333336 0.044270833333333336
1 0.49609375 0.4765625 0.0390625 0.059895833333333336
1 0.56640625 0.5338541666666666 0.03125 0.059895833333333336
1 0.5989583333333334 0.4934895833333333 0.028645833333333332 0.049479166666666664
1 0.6080729166666666 0.5924479166666666 0.033854166666666664 0.057291666666666664
1 0.7708333333333334 0.71875 0.041666666666666664 0.0390625
1 0.6822916666666666 0.70703125 0.0390625 0.044270833333333336
1 0.3645833333333333 0.6549479166666666 0.03125 0.033854166666666664
1 0.3684895833333333 0.34375 0.028645833333333332 0.0546875
1 0.6145833333333334 0.5390625 0.0390625 0.0390625
1 0.6549479166666666 0.63671875 0.033854166666666664 0.059895833333333336