1 0.49609375 0.38671875 0.028645833333333332 0.026041666666666668
1 0.546875 0.30078125 0.0234375 0.020833333333333332
1 0.52734375 0.3541666666666667 0.026041666666666668 0.036458333333333336
1 0.38671875 0.6666666666666666 0.026041666666666668 0.018229166666666668
1 0.3997395833333333 0.4049479166666667 0.028645833333333332 0.044270833333333336
1 0.4739583333333333 0.25 0.033854166666666664 0.0234375
1 0.3606770833333333 0.3671875 0.026041666666666668 0.041666666666666664
1 0.4947916666666667 0.6888020833333334 0.044270833333333336 0.0390625
1 0.6822916666666666 0.6588541666666666 0.041666666666666664 0.028645833333333332
1 0.5703125 0.7955729166666666 0.036458333333333336 0.026041666666666668
1 0.5065104166666666 0.3658854166666667 0.03125 0.0390625
1 0.44140625 0.32421875 0.033854166666666664 0.026041666666666668
1 0.3385416666666667 0.3424479166666667 0.041666666666666664 0.03125
1 0.4895833333333333 0.58984375 0.020833333333333332 0.046875
1 0.4817708333333333 0.6145833333333334 0.036458333333333336 0.046875
1 0.4713541666666667 0.4036458333333333 0.028645833333333332 0.018229166666666668
1 0.3854166666666667 0.2916666666666667 0.033854166666666664 0.044270833333333336
1 0.41015625 0.2721354166666667 0.0234375 0.041666666666666664
1 0.5481770833333334 0.3333333333333333 0.03125 0.026041666666666668
1 0.31640625 0.6588541666666666 0.033854166666666664 0.03125
1 0.4244791666666667 0.4036458333333333 0.028645833333333332 0.03125
1 0.5260416666666666 0.46484375 0.020833333333333332 0.041666666666666664
1 0.5416666666666666 0.35546875 0.0234375 0.036458333333333336
1 0.5755208333333334 0.4127604166666667 0.03125 0.03125
1 0.5143229166666666 0.43359375 0.018229166666666668 0.03125
1 0.5169270833333334 0.2760416666666667 0.0234375 0.044270833333333336
1 0.52734375 0.22395833333333334 0.026041666666666668 0.041666666666666664
1 0.6393229166666666 0.6731770833333334 0.033854166666666664 0.033854166666666664
1 0.3619791666666667 0.4375 0.020833333333333332 0.041666666666666664
1 0.3346354166666667 0.4114583333333333 0.026041666666666668 0.041666666666666664
1 0.4466145833333333 0.30859375 0.036458333333333336 0.0234375
1 0.53125 0.3190104166666667 0.0234375 0.0390625
1 0.4427083333333333 0.4596354166666667 0.03125 0.044270833333333336
1 0.51953125 0.2994791666666667 0.026041666666666668 0.044270833333333336
1 0.4401041666666667 0.2578125 0.033854166666666664 0.052083333333333336
1 0.4830729166666667 0.4166666666666667 0.0234375 0.046875
1 0.4140625 0.3984375 0.0234375 0.044270833333333336
1 0.3190104166666667 0.4036458333333333 0.026041666666666668 0.052083333333333336
1 0.3893229166666667 0.4440104166666667 0.028645833333333332 0.044270833333333336
1 0.4401041666666667 0.3567708333333333 0.033854166666666664 0.026041666666666668
1 0.5416666666666666 0.2903645833333333 0.026041666666666668 0.026041666666666668
1 0.296875 0.6705729166666666 0.041666666666666664 0.0390625
1 0.3880208333333333 0.3216145833333333 0.028645833333333332 0.028645833333333332
1 0.3177083333333333 0.6080729166666666 0.036458333333333336 0.036458333333333336
1 0.7213541666666666 0.4791666666666667 0.036458333333333336 0.028645833333333332
1 0.6393229166666666 0.39453125 0.028645833333333332 0.03125
1 0.5221354166666666 0.32421875 0.020833333333333332 0.036458333333333336
1 0.765625 0.18880208333333334 0.036458333333333336 0.041666666666666664
1 0.53125 0.3802083333333333 0.028645833333333332 0.03125
1 0.3229166666666667 0.6783854166666666 0.033854166666666664 0.033854166666666664
1 0.46875 0.3046875 0.026041666666666668 0.03125
1 0.4479166666666667 0.21744791666666666 0.028645833333333332 0.03125
1 0.65625 0.4075520833333333 0.026041666666666668 0.018229166666666668
1 0.2708333333333333 0.63671875 0.026041666666666668 0.033854166666666664
1 0.4505208333333333 0.53515625 0.0390625 0.026041666666666668
1 0.6705729166666666 0.4010416666666667 0.033854166666666664 0.028645833333333332