1 0.6002604166666666 0.5885416666666666 0.0390625 0.0390625
1 0.6744791666666666 0.6341145833333334 0.0390625 0.0390625
1 0.45703125 0.49609375 0.0390625 0.044270833333333336
1 0.5325520833333334 0.5690104166666666 0.036458333333333336 0.0390625
1 0.5533854166666666 0.3580729166666667 0.033854166666666664 0.03125
1 0.50390625 0.3372395833333333 0.033854166666666664 0.028645833333333332
1 0.4479166666666667 0.484375 0.036458333333333336 0.036458333333333336
1 0.57421875 0.5703125 0.0390625 0.0390625
1 0.4869791666666667 0.3190104166666667 0.03125 0.026041666666666668
1 0.23828125 0.5716145833333334 0.036458333333333336 0.041666666666666664
1 0.4921875 0.5390625 0.033854166666666664 0.041666666666666664
1 0.62109375 0.41796875 0.033854166666666664 0.03125
1 0.37890625 0.515625 0.044270833333333336 0.041666666666666664
1 0.5260416666666666 0.33984375 0.036458333333333336 0.046875
1 0.50390625 0.3190104166666667 0.041666666666666664 0.03125
1 0.26171875 0.5598958333333334 0.036458333333333336 0.0390625
1 0.6731770833333334 0.6653645833333334 0.036458333333333336 0.03125
1 0.3645833333333333 0.5325520833333334 0.03125 0.0390625
1 0.46484375 0.3763020833333333 0.036458333333333336 0.0390625
1 0.4830729166666667 0.484375 0.049479166666666664 0.044270833333333336
1 0.5078125 0.5104166666666666 0.0390625 0.036458333333333336
1 0.4713541666666667 0.5052083333333334 0.028645833333333332 0.028645833333333332
1 0.5143229166666666 0.48828125 0.041666666666666664 0.0390625
1 0.4934895833333333 0.3802083333333333 0.033854166666666664 0.041666666666666664
1 0.3307291666666667 0.5078125 0.03125 0.036458333333333336
1 0.4817708333333333 0.3372395833333333 0.0390625 0.033854166666666664
1 0.56640625 0.3854166666666667 0.033854166666666664 0.041666666666666664
1 0.30859375 0.4270833333333333 0.0390625 0.044270833333333336
1 0.4166666666666667 0.45703125 0.015625 0.015625
1 0.4609375 0.2604166666666667 0.036458333333333336 0.044270833333333336
1 0.4388020833333333 0.4713541666666667 0.036458333333333336 0.036458333333333336
1 0.4583333333333333 0.5247395833333334 0.044270833333333336 0.036458333333333336
1 0.6927083333333334 0.65234375 0.036458333333333336 0.036458333333333336
1 0.2955729166666667 0.53125 0.0390625 0.044270833333333336
1 0.4375 0.33984375 0.0390625 0.033854166666666664
1 0.6380208333333334 0.6315104166666666 0.041666666666666664 0.041666666666666664
1 0.5911458333333334 0.60546875 0.041666666666666664 0.044270833333333336
1 0.3880208333333333 0.4934895833333333 0.0390625 0.0390625
1 0.3541666666666667 0.5091145833333334 0.036458333333333336 0.036458333333333336
1 0.3684895833333333 0.4973958333333333 0.028645833333333332 0.0390625
1 0.5299479166666666 0.34765625 0.036458333333333336 0.044270833333333336