1 0.7109375 0.19270833333333334 0.09114583333333333 0.044270833333333336
1 0.7825520833333334 0.5533854166666666 0.049479166666666664 0.0390625
1 0.7174479166666666 0.6731770833333334 0.07291666666666667 0.044270833333333336
1 0.5625 0.4361979166666667 0.06510416666666667 0.0625
1 0.5104166666666666 0.2942708333333333 0.08072916666666667 0.041666666666666664
1 0.7877604166666666 0.34375 0.07552083333333333 0.059895833333333336
1 0.8815104166666666 0.4388020833333333 0.078125 0.044270833333333336
1 0.37109375 0.7682291666666666 0.06510416666666667 0.06510416666666667
1 0.05078125 0.5572916666666666 0.052083333333333336 0.059895833333333336
1 0.6393229166666666 0.7630208333333334 0.08854166666666667 0.046875
1 0.234375 0.3125 0.059895833333333336 0.0546875
1 0.2734375 0.7200520833333334 0.07552083333333333 0.046875
1 0.79296875 0.5221354166666666 0.07291666666666667 0.0546875
1 0.7473958333333334 0.5533854166666666 0.06770833333333333 0.0546875
1 0.4505208333333333 0.5533854166666666 0.06510416666666667 0.057291666666666664
1 0.3606770833333333 0.57421875 0.0546875 0.059895833333333336
1 0.23697916666666666 0.5091145833333334 0.059895833333333336 0.0625
1 0.6875 0.5846354166666666 0.08072916666666667 0.059895833333333336
1 0.4596354166666667 0.40625 0.052083333333333336 0.057291666666666664
1 0.4296875 0.4518229166666667 0.078125 0.044270833333333336