1 0.8645833333333334 0.4674479166666667 0.057291666666666664 0.041666666666666664
1 0.54296875 0.65625 0.046875 0.046875
1 0.7669270833333334 0.640625 0.0625 0.052083333333333336
1 0.6627604166666666 0.7174479166666666 0.06770833333333333 0.044270833333333336
1 0.5963541666666666 0.4661458333333333 0.057291666666666664 0.059895833333333336
1 0.8424479166666666 0.7473958333333334 0.07291666666666667 0.057291666666666664
1 0.3776041666666667 0.67578125 0.059895833333333336 0.057291666666666664
1 0.4114583333333333 0.7890625 0.0703125 0.041666666666666664
1 0.6953125 0.3059895833333333 0.07291666666666667 0.0390625
1 0.71484375 0.6653645833333334 0.049479166666666664 0.052083333333333336
1 0.6106770833333334 0.9166666666666666 0.052083333333333336 0.0625
1 0.625 0.6614583333333334 0.0703125 0.046875
1 0.3671875 0.7408854166666666 0.08854166666666667 0.041666666666666664
1 0.546875 0.3645833333333333 0.06510416666666667 0.052083333333333336
1 0.9153645833333334 0.5572916666666666 0.052083333333333336 0.041666666666666664
1 0.90234375 0.50390625 0.059895833333333336 0.036458333333333336
1 0.4231770833333333 0.6471354166666666 0.041666666666666664 0.028645833333333332
1 0.4322916666666667 0.9674479166666666 0.049479166666666664 0.057291666666666664
1 0.37890625 0.4322916666666667 0.0625 0.057291666666666664
1 0.7434895833333334 0.4049479166666667 0.07291666666666667 0.041666666666666664
1 0.875 0.6393229166666666 0.059895833333333336 0.041666666666666664
1 0.8424479166666666 0.6653645833333334 0.041666666666666664 0.059895833333333336