1 0.3997395833333333 0.6901041666666666 0.018229166666666668 0.046875
1 0.5377604166666666 0.6002604166666666 0.03125 0.033854166666666664
1 0.4791666666666667 0.515625 0.033854166666666664 0.028645833333333332
1 0.5169270833333334 0.5364583333333334 0.0234375 0.0390625
1 0.5403645833333334 0.5052083333333334 0.018229166666666668 0.046875
1 0.5182291666666666 0.5182291666666666 0.026041666666666668 0.033854166666666664
1 0.4127604166666667 0.4505208333333333 0.020833333333333332 0.049479166666666664
1 0.4401041666666667 0.4127604166666667 0.020833333333333332 0.044270833333333336
1 0.4401041666666667 0.4791666666666667 0.018229166666666668 0.033854166666666664
1 0.4401041666666667 0.6770833333333334 0.026041666666666668 0.044270833333333336
1 0.4869791666666667 0.6184895833333334 0.026041666666666668 0.0390625
1 0.5221354166666666 0.6263020833333334 0.020833333333333332 0.041666666666666664
1 0.3776041666666667 0.625 0.026041666666666668 0.0234375
1 0.5338541666666666 0.6171875 0.03125 0.028645833333333332
1 0.4192708333333333 0.5260416666666666 0.020833333333333332 0.046875
1 0.3541666666666667 0.5026041666666666 0.028645833333333332 0.041666666666666664
1 0.4088541666666667 0.6953125 0.020833333333333332 0.052083333333333336
1 0.5052083333333334 0.4739583333333333 0.026041666666666668 0.028645833333333332
1 0.43359375 0.5299479166666666 0.015625 0.049479166666666664
1 0.4466145833333333 0.5651041666666666 0.028645833333333332 0.033854166666666664
1 0.3567708333333333 0.484375 0.026041666666666668 0.041666666666666664
1 0.4765625 0.46484375 0.0234375 0.049479166666666664