1 0.6315104166666666 0.2734375 0.041666666666666664 0.041666666666666664
1 0.5026041666666666 0.3033854166666667 0.044270833333333336 0.049479166666666664
1 0.62890625 0.4309895833333333 0.044270833333333336 0.046875
1 0.46484375 0.5989583333333334 0.0625 0.0390625
1 0.3802083333333333 0.3828125 0.0546875 0.041666666666666664
1 0.3072916666666667 0.3190104166666667 0.057291666666666664 0.033854166666666664
1 0.4895833333333333 0.5794270833333334 0.0546875 0.03125
1 0.6080729166666666 0.5065104166666666 0.0625 0.041666666666666664
1 0.3020833333333333 0.37890625 0.049479166666666664 0.049479166666666664
1 0.4713541666666667 0.4856770833333333 0.0546875 0.033854166666666664
1 0.5703125 0.59375 0.057291666666666664 0.033854166666666664