1 0.45703125 0.4765625 0.0234375 0.026041666666666668
1 0.3307291666666667 0.1484375 0.015625 0.028645833333333332
1 0.4283854166666667 0.4348958333333333 0.018229166666666668 0.028645833333333332
1 0.3528645833333333 0.24348958333333334 0.015625 0.0390625
1 0.5989583333333334 0.7565104166666666 0.03125 0.036458333333333336
1 0.328125 0.5794270833333334 0.033854166666666664 0.0234375
1 0.4427083333333333 0.05859375 0.020833333333333332 0.028645833333333332
1 0.5651041666666666 0.5859375 0.020833333333333332 0.03125
1 0.5598958333333334 0.4231770833333333 0.020833333333333332 0.036458333333333336
1 0.6380208333333334 0.22005208333333334 0.026041666666666668 0.03125
1 0.6302083333333334 0.18619791666666666 0.0234375 0.026041666666666668
1 0.6315104166666666 0.16666666666666666 0.026041666666666668 0.033854166666666664
1 0.3580729166666667 0.7122395833333334 0.028645833333333332 0.018229166666666668
1 0.5481770833333334 0.9205729166666666 0.036458333333333336 0.026041666666666668
1 0.3138020833333333 0.7877604166666666 0.026041666666666668 0.028645833333333332
1 0.3658854166666667 0.6888020833333334 0.036458333333333336 0.026041666666666668
1 0.61328125 0.9453125 0.018229166666666668 0.052083333333333336
1 0.390625 0.4830729166666667 0.026041666666666668 0.026041666666666668
1 0.375 0.73828125 0.033854166666666664 0.026041666666666668
1 0.22786458333333334 0.5338541666666666 0.015625 0.036458333333333336
1 0.4036458333333333 0.796875 0.0234375 0.013020833333333334
1 0.5247395833333334 0.8502604166666666 0.028645833333333332 0.026041666666666668
1 0.5 0.78515625 0.0234375 0.033854166666666664
1 0.30078125 0.5807291666666666 0.028645833333333332 0.028645833333333332
1 0.1875 0.7786458333333334 0.03125 0.020833333333333332
1 0.6953125 0.8958333333333334 0.03125 0.036458333333333336
1 0.04296875 0.6744791666666666 0.03125 0.013020833333333334
1 0.13541666666666666 0.7278645833333334 0.018229166666666668 0.026041666666666668
1 0.18489583333333334 0.3828125 0.020833333333333332 0.0234375
1 0.9075520833333334 0.18229166666666666 0.028645833333333332 0.03125
1 0.27734375 0.3658854166666667 0.026041666666666668 0.015625
1 0.13671875 0.4075520833333333 0.018229166666666668 0.03125
1 0.2721354166666667 0.8294270833333334 0.020833333333333332 0.041666666666666664
1 0.3619791666666667 0.3424479166666667 0.0234375 0.018229166666666668
1 0.265625 0.74609375 0.0234375 0.041666666666666664
1 0.22265625 0.78515625 0.033854166666666664 0.013020833333333334
1 0.09895833333333333 0.4791666666666667 0.026041666666666668 0.036458333333333336
1 0.171875 0.54296875 0.0234375 0.018229166666666668
1 0.28125 0.09505208333333333 0.0234375 0.013020833333333334
1 0.5924479166666666 0.3958333333333333 0.0234375 0.026041666666666668
1 0.3880208333333333 0.032552083333333336 0.0234375 0.015625
1 0.5572916666666666 0.3919270833333333 0.03125 0.018229166666666668
1 0.3450520833333333 0.59765625 0.03125 0.0234375
1 0.58203125 0.75 0.018229166666666668 0.03125
1 0.41796875 0.66796875 0.028645833333333332 0.010416666666666666
1 0.6276041666666666 0.4609375 0.020833333333333332 0.015625
1 0.4661458333333333 0.6276041666666666 0.026041666666666668 0.033854166666666664
1 0.4049479166666667 0.5989583333333334 0.0078125 0.033854166666666664
1 0.6822916666666666 0.6966145833333334 0.013020833333333334 0.0234375
1 0.6197916666666666 0.5859375 0.0234375 0.026041666666666668
1 0.5833333333333334 0.22395833333333334 0.028645833333333332 0.028645833333333332
1 0.5807291666666666 0.15625 0.026041666666666668 0.052083333333333336
1 0.4947916666666667 0.4309895833333333 0.020833333333333332 0.03125
1 0.22526041666666666 0.09505208333333333 0.0234375 0.026041666666666668
1 0.47265625 0.4791666666666667 0.018229166666666668 0.033854166666666664
1 0.23567708333333334 0.09505208333333333 0.0234375 0.03125
1 0.3177083333333333 0.29296875 0.036458333333333336 0.020833333333333332
1 0.5963541666666666 0.5572916666666666 0.013020833333333334 0.020833333333333332
1 0.6653645833333334 0.55078125 0.020833333333333332 0.026041666666666668
1 0.5026041666666666 0.39453125 0.015625 0.036458333333333336
1 0.4713541666666667 0.12109375 0.018229166666666668 0.03125
1 0.5065104166666666 0.21484375 0.03125 0.028645833333333332
1 0.5091145833333334 0.109375 0.028645833333333332 0.013020833333333334
1 0.4609375 0.17578125 0.018229166666666668 0.044270833333333336
1 0.4778645833333333 0.22265625 0.033854166666666664 0.03125
1 0.5859375 0.26171875 0.03125 0.020833333333333332
1 0.24479166666666666 0.4661458333333333 0.028645833333333332 0.0234375
1 0.18098958333333334 0.7473958333333334 0.018229166666666668 0.036458333333333336
1 0.22786458333333334 0.98046875 0.028645833333333332 0.0234375
1 0.4427083333333333 0.7174479166666666 0.028645833333333332 0.03125
1 0.25 0.51171875 0.013020833333333334 0.033854166666666664
1 0.09114583333333333 0.5833333333333334 0.033854166666666664 0.018229166666666668
1 0.234375 0.90234375 0.033854166666666664 0.015625
1 0.3971354166666667 0.8177083333333334 0.028645833333333332 0.033854166666666664
1 0.053385416666666664 0.765625 0.036458333333333336 0.018229166666666668
1 0.4309895833333333 0.7122395833333334 0.018229166666666668 0.036458333333333336
1 0.22395833333333334 0.99609375 0.036458333333333336 0.0078125
1 0.2760416666666667 0.5833333333333334 0.03125 0.041666666666666664
1 0.26953125 0.3424479166666667 0.018229166666666668 0.03125
1 0.18359375 0.4765625 0.026041666666666668 0.026041666666666668
1 0.5572916666666666 0.8385416666666666 0.03125 0.026041666666666668
1 0.1953125 0.12630208333333334 0.026041666666666668 0.018229166666666668
1 0.13541666666666666 0.4713541666666667 0.013020833333333334 0.033854166666666664
1 0.11848958333333333 0.3984375 0.013020833333333334 0.0234375
1 0.14583333333333334 0.73828125 0.020833333333333332 0.03125
1 0.6380208333333334 0.7005208333333334 0.0234375 0.03125
1 0.10026041666666667 0.5065104166666666 0.03125 0.028645833333333332
1 0.3138020833333333 0.19401041666666666 0.0234375 0.020833333333333332
1 0.06380208333333333 0.8763020833333334 0.03125 0.026041666666666668
1 0.2838541666666667 0.3932291666666667 0.018229166666666668 0.041666666666666664
1 0.4296875 0.7552083333333334 0.0234375 0.015625
1 0.53515625 0.890625 0.028645833333333332 0.0390625
1 0.07161458333333333 0.625 0.020833333333333332 0.0390625
1 0.4869791666666667 0.8971354166666666 0.026041666666666668 0.0390625
1 0.3190104166666667 0.515625 0.015625 0.036458333333333336
1 0.23046875 0.7044270833333334 0.028645833333333332 0.0390625
1 0.13932291666666666 0.6627604166666666 0.028645833333333332 0.020833333333333332
1 0.16015625 0.4427083333333333 0.0234375 0.013020833333333334
1 0.18359375 0.24088541666666666 0.018229166666666668 0.036458333333333336
1 0.10546875 0.41015625 0.020833333333333332 0.015625
1 0.09895833333333333 0.4596354166666667 0.026041666666666668 0.028645833333333332
1 0.15625 0.4752604166666667 0.0234375 0.015625
1 0.24348958333333334 0.8294270833333334 0.03125 0.018229166666666668
1 0.21223958333333334 0.3111979166666667 0.033854166666666664 0.0234375
1 0.29296875 0.2708333333333333 0.026041666666666668 0.03125
1 0.06380208333333333 0.4869791666666667 0.026041666666666668 0.03125
1 0.3190104166666667 0.7721354166666666 0.026041666666666668 0.0390625
1 0.125 0.4908854166666667 0.015625 0.033854166666666664
1 0.24088541666666666 0.5703125 0.015625 0.044270833333333336
1 0.20963541666666666 0.2591145833333333 0.03125 0.013020833333333334
1 0.6419270833333334 0.5989583333333334 0.018229166666666668 0.041666666666666664
1 0.3359375 0.24088541666666666 0.020833333333333332 0.020833333333333332
1 0.4088541666666667 0.5690104166666666 0.013020833333333334 0.0390625
1 0.49609375 0.4661458333333333 0.028645833333333332 0.036458333333333336
1 0.6783854166666666 0.5729166666666666 0.018229166666666668 0.033854166666666664
1 0.4205729166666667 0.5520833333333334 0.020833333333333332 0.026041666666666668
1 0.5481770833333334 0.7734375 0.013020833333333334 0.020833333333333332
1 0.4986979166666667 0.7057291666666666 0.015625 0.03125
1 0.59765625 0.1640625 0.020833333333333332 0.044270833333333336
1 0.4934895833333333 0.5052083333333334 0.018229166666666668 0.046875
1 0.58984375 0.5859375 0.026041666666666668 0.0390625
1 0.625 0.6041666666666666 0.026041666666666668 0.020833333333333332
1 0.3697916666666667 0.2981770833333333 0.015625 0.03125
1 0.4453125 0.4986979166666667 0.018229166666666668 0.0234375
1 0.6588541666666666 0.7057291666666666 0.015625 0.046875
1 0.3645833333333333 0.62109375 0.0234375 0.026041666666666668
1 0.2838541666666667 0.07291666666666667 0.03125 0.028645833333333332
1 0.3515625 0.5833333333333334 0.020833333333333332 0.010416666666666666
1 0.5533854166666666 0.1484375 0.018229166666666668 0.036458333333333336
1 0.4908854166666667 0.171875 0.0234375 0.018229166666666668
1 0.6354166666666666 0.2760416666666667 0.013020833333333334 0.0234375
1 0.3372395833333333 0.8216145833333334 0.046875 0.026041666666666668
1 0.09114583333333333 0.6171875 0.015625 0.036458333333333336
1 0.4869791666666667 0.796875 0.020833333333333332 0.015625
1 0.23828125 0.5286458333333334 0.010416666666666666 0.036458333333333336
1 0.3046875 0.3893229166666667 0.018229166666666668 0.033854166666666664
1 0.6497395833333334 0.4361979166666667 0.018229166666666668 0.033854166666666664
1 0.35546875 0.4453125 0.0234375 0.026041666666666668
1 0.3346354166666667 0.6901041666666666 0.028645833333333332 0.028645833333333332
1 0.3463541666666667 0.8489583333333334 0.033854166666666664 0.020833333333333332
1 0.6536458333333334 0.4739583333333333 0.018229166666666668 0.028645833333333332
1 0.10807291666666667 0.6197916666666666 0.020833333333333332 0.03125
1 0.17708333333333334 0.6080729166666666 0.03125 0.015625
1 0.0390625 0.7278645833333334 0.03125 0.03125
1 0.4140625 0.7747395833333334 0.028645833333333332 0.033854166666666664
1 0.1484375 0.7005208333333334 0.028645833333333332 0.0390625
1 0.16536458333333334 0.74609375 0.0234375 0.03125
1 0.2265625 0.17578125 0.018229166666666668 0.036458333333333336
1 0.2643229166666667 0.7760416666666666 0.028645833333333332 0.018229166666666668
1 0.18098958333333334 0.4544270833333333 0.020833333333333332 0.03125
1 0.2565104166666667 0.3697916666666667 0.0234375 0.041666666666666664
1 0.055989583333333336 0.5286458333333334 0.036458333333333336 0.036458333333333336
1 0.2513020833333333 0.26171875 0.028645833333333332 0.033854166666666664
1 0.29296875 0.46875 0.0234375 0.036458333333333336
1 0.06510416666666667 0.5520833333333334 0.033854166666666664 0.0234375
1 0.27734375 0.5494791666666666 0.028645833333333332 0.03125
1 0.6875 0.6380208333333334 0.020833333333333332 0.03125
1 0.3268229166666667 0.3151041666666667 0.03125 0.026041666666666668
1 0.6796875 0.5989583333333334 0.020833333333333332 0.028645833333333332
1 0.5755208333333334 0.3645833333333333 0.028645833333333332 0.0234375
1 0.6223958333333334 0.484375 0.03125 0.026041666666666668
1 0.3723958333333333 0.0625 0.010416666666666666 0.033854166666666664
1 0.5768229166666666 0.3958333333333333 0.018229166666666668 0.018229166666666668
1 0.3971354166666667 0.3619791666666667 0.03125 0.0234375
1 0.5651041666666666 0.7682291666666666 0.028645833333333332 0.028645833333333332
1 0.3736979166666667 0.22786458333333334 0.028645833333333332 0.0234375
1 0.4544270833333333 0.6692708333333334 0.018229166666666668 0.0234375
1 0.4231770833333333 0.0703125 0.0234375 0.020833333333333332
1 0.6510416666666666 0.5234375 0.015625 0.046875
1 0.5572916666666666 0.8671875 0.033854166666666664 0.0234375
1 0.4765625 0.15364583333333334 0.0234375 0.0234375
1 0.08463541666666667 0.7526041666666666 0.020833333333333332 0.03125
1 0.171875 0.67578125 0.03125 0.020833333333333332
1 0.23567708333333334 0.4856770833333333 0.020833333333333332 0.041666666666666664
1 0.5989583333333334 0.9596354166666666 0.0234375 0.044270833333333336
1 0.4127604166666667 0.7630208333333334 0.0234375 0.020833333333333332
1 0.4986979166666667 0.8138020833333334 0.0234375 0.0234375
1 0.05859375 0.64453125 0.028645833333333332 0.033854166666666664
1 0.059895833333333336 0.71875 0.010416666666666666 0.028645833333333332
1 0.17057291666666666 0.4986979166666667 0.028645833333333332 0.018229166666666668
1 0.1796875 0.2864583333333333 0.026041666666666668 0.026041666666666668
1 0.10677083333333333 0.3658854166666667 0.020833333333333332 0.026041666666666668
1 0.16145833333333334 0.4075520833333333 0.015625 0.033854166666666664
1 0.19791666666666666 0.19921875 0.015625 0.028645833333333332
1 0.09895833333333333 0.4375 0.010416666666666666 0.03125
1 0.13671875 0.42578125 0.015625 0.015625
1 0.20963541666666666 0.17317708333333334 0.013020833333333334 0.0234375
1 0.7356770833333334 0.2708333333333333 0.026041666666666668 0.018229166666666668
1 0.6510416666666666 0.671875 0.015625 0.028645833333333332
1 0.2799479166666667 0.28515625 0.020833333333333332 0.0234375
1 0.49609375 0.73828125 0.0234375 0.033854166666666664
1 0.5677083333333334 0.6315104166666666 0.026041666666666668 0.026041666666666668
1 0.48828125 0.3684895833333333 0.028645833333333332 0.033854166666666664
1 0.6393229166666666 0.8515625 0.028645833333333332 0.036458333333333336
1 0.4934895833333333 0.5520833333333334 0.020833333333333332 0.028645833333333332
1 0.6080729166666666 0.2734375 0.036458333333333336 0.026041666666666668
1 0.5442708333333334 0.8177083333333334 0.026041666666666668 0.020833333333333332
1 0.54296875 0.5729166666666666 0.010416666666666666 0.041666666666666664
1 0.5572916666666666 0.5481770833333334 0.026041666666666668 0.028645833333333332
1 0.6705729166666666 0.6796875 0.018229166666666668 0.036458333333333336
1 0.53125 0.49609375 0.03125 0.018229166666666668
1 0.6692708333333334 0.4856770833333333 0.026041666666666668 0.015625
1 0.61328125 0.234375 0.018229166666666668 0.036458333333333336
1 0.3580729166666667 0.5651041666666666 0.015625 0.033854166666666664
1 0.4075520833333333 0.6276041666666666 0.028645833333333332 0.03125
1 0.59375 0.24739583333333334 0.03125 0.028645833333333332
1 0.5716145833333334 0.16666666666666666 0.018229166666666668 0.033854166666666664
1 0.4401041666666667 0.17057291666666666 0.020833333333333332 0.03125
1 0.5247395833333334 0.13932291666666666 0.018229166666666668 0.044270833333333336
1 0.4856770833333333 0.19401041666666666 0.028645833333333332 0.03125
1 0.6744791666666666 0.2877604166666667 0.028645833333333332 0.041666666666666664
1 0.6354166666666666 0.2513020833333333 0.018229166666666668 0.015625
1 0.6471354166666666 0.24739583333333334 0.010416666666666666 0.028645833333333332
1 0.5377604166666666 0.20182291666666666 0.033854166666666664 0.0234375
1 0.6627604166666666 0.2109375 0.026041666666666668 0.0234375
1 0.4049479166666667 0.7291666666666666 0.0234375 0.026041666666666668
1 0.38671875 0.8658854166666666 0.026041666666666668 0.03125
1 0.6744791666666666 0.4192708333333333 0.026041666666666668 0.026041666666666668
1 0.2109375 0.6484375 0.020833333333333332 0.033854166666666664
1 0.6888020833333334 0.4205729166666667 0.013020833333333334 0.028645833333333332
1 0.21484375 0.66796875 0.013020833333333334 0.026041666666666668
1 0.23697916666666666 0.6393229166666666 0.020833333333333332 0.0234375
1 0.4192708333333333 0.8046875 0.018229166666666668 0.015625
1 0.44140625 0.8880208333333334 0.018229166666666668 0.036458333333333336
1 0.6640625 0.453125 0.03125 0.0390625
1 0.6041666666666666 0.6783854166666666 0.033854166666666664 0.020833333333333332
1 0.109375 0.7317708333333334 0.028645833333333332 0.015625
1 0.4934895833333333 0.68359375 0.033854166666666664 0.033854166666666664
1 0.19401041666666666 0.20963541666666666 0.0234375 0.0234375
1 0.1484375 0.37890625 0.010416666666666666 0.03125
1 0.17578125 0.5950520833333334 0.0234375 0.026041666666666668
1 0.5234375 0.7682291666666666 0.03125 0.013020833333333334
1 0.25390625 0.4791666666666667 0.026041666666666668 0.015625
1 0.4309895833333333 0.2682291666666667 0.028645833333333332 0.015625
1 0.5325520833333334 0.47265625 0.028645833333333332 0.015625
1 0.6393229166666666 0.73046875 0.03125 0.028645833333333332
1 0.5807291666666666 0.8658854166666666 0.026041666666666668 0.03125
1 0.4114583333333333 0.5390625 0.033854166666666664 0.0234375
1 0.4388020833333333 0.4010416666666667 0.020833333333333332 0.03125
1 0.375 0.5442708333333334 0.026041666666666668 0.036458333333333336
1 0.6640625 0.6666666666666666 0.018229166666666668 0.033854166666666664
1 0.640625 0.2903645833333333 0.018229166666666668 0.028645833333333332
1 0.6614583333333334 0.265625 0.020833333333333332 0.033854166666666664
1 0.4375 0.8580729166666666 0.0390625 0.033854166666666664
1 0.09244791666666667 0.65625 0.036458333333333336 0.0234375
1 0.4427083333333333 0.80859375 0.020833333333333332 0.046875
1 0.2630208333333333 0.9153645833333334 0.033854166666666664 0.018229166666666668
1 0.4231770833333333 0.4752604166666667 0.026041666666666668 0.033854166666666664
1 0.2721354166666667 0.4544270833333333 0.018229166666666668 0.013020833333333334
1 0.17838541666666666 0.65625 0.036458333333333336 0.020833333333333332
1 0.15234375 0.58984375 0.036458333333333336 0.015625
1 0.15234375 0.7708333333333334 0.028645833333333332 0.028645833333333332
1 0.21614583333333334 0.69140625 0.026041666666666668 0.033854166666666664
1 0.37890625 0.8268229166666666 0.028645833333333332 0.026041666666666668
1 0.6302083333333334 0.6354166666666666 0.028645833333333332 0.041666666666666664
1 0.2981770833333333 0.86328125 0.03125 0.018229166666666668
1 0.46484375 0.8671875 0.033854166666666664 0.020833333333333332
1 0.2890625 0.4361979166666667 0.020833333333333332 0.03125
1 0.052083333333333336 0.7526041666666666 0.020833333333333332 0.015625
1 0.22265625 0.5703125 0.020833333333333332 0.0390625
1 0.17447916666666666 0.265625 0.03125 0.020833333333333332
1 0.2838541666666667 0.7981770833333334 0.0234375 0.013020833333333334
1 0.23958333333333334 0.22395833333333334 0.026041666666666668 0.013020833333333334
1 0.08072916666666667 0.4817708333333333 0.018229166666666668 0.049479166666666664
1 0.23828125 0.73828125 0.028645833333333332 0.015625
1 0.11979166666666667 0.3606770833333333 0.020833333333333332 0.041666666666666664
1 0.22526041666666666 0.7682291666666666 0.0234375 0.018229166666666668
1 0.33984375 0.203125 0.018229166666666668 0.036458333333333336
1 0.6549479166666666 0.609375 0.015625 0.049479166666666664
1 0.3463541666666667 0.2877604166666667 0.028645833333333332 0.018229166666666668
1 0.5924479166666666 0.86328125 0.0234375 0.036458333333333336
1 0.5924479166666666 0.6145833333333334 0.026041666666666668 0.026041666666666668
1 0.6158854166666666 0.8502604166666666 0.0234375 0.041666666666666664
1 0.7005208333333334 0.5169270833333334 0.028645833333333332 0.018229166666666668
1 0.59765625 0.7109375 0.020833333333333332 0.046875
1 0.6015625 0.3684895833333333 0.0234375 0.0234375
1 0.515625 0.7239583333333334 0.0234375 0.015625
1 0.52734375 0.33984375 0.028645833333333332 0.018229166666666668
1 0.59375 0.7890625 0.020833333333333332 0.049479166666666664
1 0.6002604166666666 0.4375 0.028645833333333332 0.03125
1 0.3177083333333333 0.2265625 0.020833333333333332 0.036458333333333336
1 0.4856770833333333 0.7473958333333334 0.0234375 0.033854166666666664
1 0.5690104166666666 0.7981770833333334 0.018229166666666668 0.03125
1 0.5846354166666666 0.5390625 0.010416666666666666 0.028645833333333332
1 0.4348958333333333 0.5325520833333334 0.010416666666666666 0.03125
1 0.6315104166666666 0.30859375 0.015625 0.036458333333333336
1 0.5989583333333334 0.1953125 0.03125 0.0234375
1 0.4244791666666667 0.8424479166666666 0.015625 0.0234375
1 0.3020833333333333 0.82421875 0.020833333333333332 0.041666666666666664
1 0.44921875 0.7408854166666666 0.0234375 0.020833333333333332
1 0.5052083333333334 0.859375 0.0234375 0.018229166666666668
1 0.2994791666666667 0.4075520833333333 0.018229166666666668 0.036458333333333336
1 0.4661458333333333 0.7552083333333334 0.026041666666666668 0.015625
1 0.11328125 0.6966145833333334 0.026041666666666668 0.026041666666666668
1 0.049479166666666664 0.7825520833333334 0.018229166666666668 0.020833333333333332
1 0.3216145833333333 0.41796875 0.015625 0.033854166666666664
1 0.03125 0.7109375 0.033854166666666664 0.0390625
1 0.1640625 0.7955729166666666 0.03125 0.028645833333333332
1 0.08072916666666667 0.7174479166666666 0.018229166666666668 0.015625
1 0.125 0.6419270833333334 0.015625 0.041666666666666664
1 0.2864583333333333 0.7526041666666666 0.018229166666666668 0.041666666666666664
1 0.22916666666666666 0.13802083333333334 0.015625 0.0234375
1 0.029947916666666668 0.8359375 0.018229166666666668 0.0390625
1 0.46875 0.765625 0.0234375 0.0234375
1 0.16666666666666666 0.3815104166666667 0.018229166666666668 0.028645833333333332
1 0.5247395833333334 0.640625 0.03125 0.026041666666666668
1 0.18619791666666666 0.16927083333333334 0.0078125 0.028645833333333332
1 0.2994791666666667 0.5078125 0.028645833333333332 0.041666666666666664
1 0.0390625 0.5833333333333334 0.0234375 0.036458333333333336
1 0.52734375 0.7890625 0.028645833333333332 0.0234375
1 0.6158854166666666 0.703125 0.0234375 0.044270833333333336
1 0.41796875 0.58203125 0.018229166666666668 0.033854166666666664
1 0.5989583333333334 0.4713541666666667 0.018229166666666668 0.0390625
1 0.57421875 0.55078125 0.015625 0.041666666666666664
1 0.3776041666666667 0.7122395833333334 0.0234375 0.013020833333333334
1 0.6171875 0.2942708333333333 0.0234375 0.020833333333333332
1 0.2864583333333333 0.7903645833333334 0.013020833333333334 0.036458333333333336
1 0.15755208333333334 0.7786458333333334 0.020833333333333332 0.018229166666666668
1 0.4713541666666667 0.19010416666666666 0.0234375 0.036458333333333336
1 0.6041666666666666 0.22786458333333334 0.018229166666666668 0.041666666666666664
1 0.6770833333333334 0.44140625 0.018229166666666668 0.036458333333333336
1 0.5143229166666666 0.3697916666666667 0.020833333333333332 0.020833333333333332
1 0.08463541666666667 0.5364583333333334 0.041666666666666664 0.0234375
1 0.43359375 0.5572916666666666 0.026041666666666668 0.015625
1 0.22916666666666666 0.6497395833333334 0.013020833333333334 0.0234375
1 0.15494791666666666 0.7096354166666666 0.0234375 0.033854166666666664
1 0.4427083333333333 0.8333333333333334 0.028645833333333332 0.015625
1 0.21875 0.5260416666666666 0.028645833333333332 0.03125
1 0.23046875 0.18489583333333334 0.0078125 0.028645833333333332
1 0.5455729166666666 0.25 0.020833333333333332 0.0390625
1 0.08723958333333333 0.4583333333333333 0.026041666666666668 0.015625
1 0.5520833333333334 0.3971354166666667 0.026041666666666668 0.018229166666666668
1 0.5872395833333334 0.5494791666666666 0.018229166666666668 0.046875
1 0.5234375 0.6653645833333334 0.0390625 0.020833333333333332
1 0.5481770833333334 0.34765625 0.018229166666666668 0.0390625
1 0.1015625 0.7200520833333334 0.0546875 0.026041666666666668
1 0.5872395833333334 0.1875 0.03125 0.020833333333333332
1 0.3815104166666667 0.64453125 0.015625 0.036458333333333336
1 0.3932291666666667 0.4973958333333333 0.0234375 0.0234375
1 0.5494791666666666 0.3815104166666667 0.033854166666666664 0.020833333333333332
1 0.3697916666666667 0.8294270833333334 0.03125 0.015625
1 0.13020833333333334 0.2825520833333333 0.020833333333333332 0.03125
1 0.30078125 0.16145833333333334 0.036458333333333336 0.03125
1 0.21223958333333334 0.19401041666666666 0.015625 0.033854166666666664
1 0.6223958333333334 0.2669270833333333 0.018229166666666668 0.026041666666666668
1 0.4765625 0.8502604166666666 0.018229166666666668 0.026041666666666668
1 0.2513020833333333 0.7265625 0.028645833333333332 0.028645833333333332
1 0.6497395833333334 0.71875 0.03125 0.0390625
1 0.359375 0.3828125 0.020833333333333332 0.03125
1 0.3151041666666667 0.8072916666666666 0.013020833333333334 0.03125
1 0.3463541666666667 0.3229166666666667 0.018229166666666668 0.020833333333333332
1 0.3567708333333333 0.15755208333333334 0.020833333333333332 0.028645833333333332
1 0.3880208333333333 0.5130208333333334 0.020833333333333332 0.036458333333333336
1 0.3385416666666667 0.5625 0.036458333333333336 0.020833333333333332
1 0.07421875 0.8841145833333334 0.015625 0.0546875
1 0.4661458333333333 0.8138020833333334 0.028645833333333332 0.046875
1 0.5768229166666666 0.3776041666666667 0.026041666666666668 0.015625
1 0.6653645833333334 0.4700520833333333 0.020833333333333332 0.03125
1 0.4713541666666667 0.4947916666666667 0.020833333333333332 0.036458333333333336
1 0.53125 0.32421875 0.028645833333333332 0.0234375
1 0.34375 0.828125 0.03125 0.020833333333333332
1 0.4114583333333333 0.7122395833333334 0.020833333333333332 0.0390625
1 0.4856770833333333 0.4791666666666667 0.013020833333333334 0.044270833333333336
1 0.578125 0.8411458333333334 0.026041666666666668 0.020833333333333332
1 0.5260416666666666 0.8359375 0.033854166666666664 0.0234375
1 0.42578125 0.6822916666666666 0.028645833333333332 0.018229166666666668
1 0.19921875 0.6197916666666666 0.020833333333333332 0.036458333333333336
1 0.26171875 0.4036458333333333 0.015625 0.015625
1 0.4309895833333333 0.15364583333333334 0.026041666666666668 0.020833333333333332