1 0.5690104166666666 0.2721354166666667 0.0625 0.07291666666666667
1 0.40234375 0.024739583333333332 0.059895833333333336 0.049479166666666664
1 0.2942708333333333 0.5625 0.09114583333333333 0.078125
1 0.4505208333333333 0.7395833333333334 0.07552083333333333 0.07552083333333333
1 0.09375 0.3919270833333333 0.07291666666666667 0.06770833333333333
1 0.4153645833333333 0.359375 0.0703125 0.07552083333333333
1 0.22395833333333334 0.4661458333333333 0.08333333333333333 0.0703125
1 0.13932291666666666 0.64453125 0.08854166666666667 0.07291666666666667
1 0.2708333333333333 0.3463541666666667 0.08333333333333333 0.07291666666666667
1 0.109375 0.5078125 0.06770833333333333 0.046875
1 0.5846354166666666 0.3997395833333333 0.08333333333333333 0.0625
1 0.5442708333333334 0.3151041666666667 0.0625 0.0546875
1 0.5520833333333334 0.20572916666666666 0.09895833333333333 0.07291666666666667
1 0.18619791666666666 0.6627604166666666 0.08333333333333333 0.0703125
1 0.671875 0.51171875 0.07291666666666667 0.06770833333333333
1 0.4986979166666667 0.17708333333333334 0.08333333333333333 0.06770833333333333
1 0.25 0.13932291666666666 0.07291666666666667 0.07552083333333333
1 0.3580729166666667 0.3932291666666667 0.06770833333333333 0.052083333333333336
1 0.33984375 0.4375 0.0859375 0.0625
1 0.10026041666666667 0.5989583333333334 0.08333333333333333 0.06770833333333333
1 0.59765625 0.4518229166666667 0.09114583333333333 0.06510416666666667
1 0.13020833333333334 0.4622395833333333 0.057291666666666664 0.0625