1 0.42578125 0.6875 0.052083333333333336 0.11197916666666667
1 0.4518229166666667 0.3151041666666667 0.052083333333333336 0.0546875
1 0.5 0.11197916666666667 0.06770833333333333 0.11458333333333333
1 0.2747395833333333 0.19921875 0.0390625 0.07552083333333333
1 0.17447916666666666 0.640625 0.07291666666666667 0.11458333333333333
1 0.3151041666666667 0.12760416666666666 0.0390625 0.0703125
1 0.3268229166666667 0.041666666666666664 0.0546875 0.08333333333333333
1 0.234375 0.16666666666666666 0.049479166666666664 0.06770833333333333
1 0.3177083333333333 0.4114583333333333 0.036458333333333336 0.07291666666666667
1 0.29296875 0.22395833333333334 0.052083333333333336 0.0625
1 0.3268229166666667 0.1640625 0.057291666666666664 0.09114583333333333
1 0.3020833333333333 0.3151041666666667 0.018229166666666668 0.028645833333333332
1 0.3294270833333333 0.6692708333333334 0.036458333333333336 0.07552083333333333
1 0.55859375 0.171875 0.0859375 0.1484375
1 0.3424479166666667 0.12760416666666666 0.049479166666666664 0.06510416666666667
1 0.4609375 0.3541666666666667 0.044270833333333336 0.07552083333333333
1 0.5065104166666666 0.63671875 0.07552083333333333 0.09895833333333333
1 0.53125 0.7682291666666666 0.06770833333333333 0.059895833333333336
1 0.49609375 0.86328125 0.09114583333333333 0.09895833333333333
1 0.4309895833333333 0.24088541666666666 0.057291666666666664 0.09635416666666667
1 0.2825520833333333 0.13411458333333334 0.052083333333333336 0.08854166666666667
1 0.24479166666666666 0.7395833333333334 0.0703125 0.09895833333333333
1 0.453125 0.19401041666666666 0.052083333333333336 0.07291666666666667
1 0.37890625 0.3763020833333333 0.0546875 0.06770833333333333
1 0.3645833333333333 0.18619791666666666 0.049479166666666664 0.078125
1 0.35546875 0.055989583333333336 0.046875 0.07552083333333333