1 0.23307291666666666 0.703125 0.06770833333333333 0.06510416666666667
1 0.64453125 0.7317708333333334 0.041666666666666664 0.07552083333333333
1 0.34375 0.5286458333333334 0.0390625 0.07552083333333333
1 0.5052083333333334 0.7421875 0.041666666666666664 0.09375
1 0.4127604166666667 0.6770833333333334 0.049479166666666664 0.041666666666666664
1 0.4973958333333333 0.4908854166666667 0.0625 0.0703125
1 0.453125 0.6471354166666666 0.049479166666666664 0.0390625
1 0.4388020833333333 0.84375 0.0390625 0.08333333333333333
1 0.4140625 0.74609375 0.036458333333333336 0.08072916666666667
1 0.2955729166666667 0.67578125 0.046875 0.0390625
1 0.4544270833333333 0.6705729166666666 0.036458333333333336 0.028645833333333332
1 0.1953125 0.08984375 0.0546875 0.046875
1 0.44140625 0.38671875 0.044270833333333336 0.0625
1 0.2708333333333333 0.5911458333333334 0.049479166666666664 0.08333333333333333
1 0.4401041666666667 0.5520833333333334 0.052083333333333336 0.078125
1 0.34375 0.7473958333333334 0.0390625 0.049479166666666664