1 0.5390625 0.36328125 0.18229166666666666 0.09375
1 0.89453125 0.3723958333333333 0.09375 0.08854166666666667
1 0.6158854166666666 0.6458333333333334 0.203125 0.13802083333333334
1 0.5924479166666666 0.4635416666666667 0.140625 0.0625
1 0.4856770833333333 0.4505208333333333 0.109375 0.09635416666666667
1 0.40234375 0.4518229166666667 0.19791666666666666 0.13020833333333334
1 0.8958333333333334 0.578125 0.13541666666666666 0.11979166666666667
1 0.38671875 0.3619791666666667 0.13541666666666666 0.09895833333333333
1 0.375 0.51953125 0.08333333333333333 0.09375
1 0.09114583333333333 0.734375 0.11458333333333333 0.09635416666666667
1 0.20963541666666666 0.5729166666666666 0.1484375 0.1015625
1 0.4752604166666667 0.20052083333333334 0.1875 0.07552083333333333