1 0.671875 0.7955729166666666 0.03125 0.028645833333333332
1 0.5390625 0.3528645833333333 0.036458333333333336 0.036458333333333336
1 0.953125 0.5611979166666666 0.033854166666666664 0.026041666666666668
1 0.37109375 0.62890625 0.033854166666666664 0.046875
1 0.7096354166666666 0.72265625 0.028645833333333332 0.046875
1 0.6354166666666666 0.6692708333333334 0.033854166666666664 0.041666666666666664
1 0.3893229166666667 0.6067708333333334 0.033854166666666664 0.028645833333333332
1 0.5989583333333334 0.5572916666666666 0.036458333333333336 0.0390625
1 0.6223958333333334 0.5911458333333334 0.028645833333333332 0.026041666666666668
1 0.6315104166666666 0.7721354166666666 0.033854166666666664 0.049479166666666664
1 0.6223958333333334 0.60546875 0.026041666666666668 0.0234375
1 0.7434895833333334 0.67578125 0.03125 0.026041666666666668
1 0.453125 0.64453125 0.0390625 0.036458333333333336
1 0.3645833333333333 0.5963541666666666 0.028645833333333332 0.026041666666666668
1 0.6041666666666666 0.5794270833333334 0.03125 0.041666666666666664
1 0.5 0.41015625 0.028645833333333332 0.044270833333333336
1 0.6041666666666666 0.54296875 0.028645833333333332 0.028645833333333332
1 0.8125 0.4869791666666667 0.028645833333333332 0.041666666666666664
1 0.4674479166666667 0.4088541666666667 0.033854166666666664 0.041666666666666664
1 0.4674479166666667 0.4466145833333333 0.028645833333333332 0.036458333333333336