1 0.61328125 0.048177083333333336 0.0546875 0.07552083333333333
1 0.7630208333333334 0.27734375 0.06510416666666667 0.0625
1 0.8971354166666666 0.3046875 0.0390625 0.0703125
1 0.8658854166666666 0.3255208333333333 0.057291666666666664 0.078125
1 0.6614583333333334 0.5338541666666666 0.059895833333333336 0.044270833333333336
1 0.97265625 0.6666666666666666 0.0546875 0.057291666666666664
1 0.3997395833333333 0.3736979166666667 0.0546875 0.0625
1 0.2786458333333333 0.65234375 0.0703125 0.057291666666666664
1 0.421875 0.82421875 0.059895833333333336 0.046875
1 0.91796875 0.515625 0.0625 0.059895833333333336
1 0.6588541666666666 0.6276041666666666 0.044270833333333336 0.0703125
1 0.73828125 0.4583333333333333 0.059895833333333336 0.0625
1 0.28125 0.4296875 0.059895833333333336 0.07552083333333333
1 0.3776041666666667 0.8125 0.059895833333333336 0.07291666666666667
1 0.6263020833333334 0.6184895833333334 0.049479166666666664 0.07291666666666667
1 0.9427083333333334 0.64453125 0.0625 0.057291666666666664
1 0.8841145833333334 0.6731770833333334 0.057291666666666664 0.07552083333333333
1 0.6666666666666666 0.02734375 0.044270833333333336 0.052083333333333336
1 0.7721354166666666 0.11067708333333333 0.06770833333333333 0.06510416666666667
1 0.328125 0.3984375 0.041666666666666664 0.0703125
1 0.3580729166666667 0.5481770833333334 0.06510416666666667 0.06510416666666667
1 0.3372395833333333 0.62109375 0.06770833333333333 0.06770833333333333
1 0.8723958333333334 0.59765625 0.052083333333333336 0.0859375
1 0.37890625 0.25390625 0.033854166666666664 0.057291666666666664
1 0.3736979166666667 0.21354166666666666 0.033854166666666664 0.057291666666666664
1 0.671875 0.3072916666666667 0.049479166666666664 0.06510416666666667
1 0.859375 0.5221354166666666 0.046875 0.0703125
1 0.69921875 0.010416666666666666 0.059895833333333336 0.020833333333333332
1 0.7604166666666666 0.5807291666666666 0.06770833333333333 0.049479166666666664
1 0.8893229166666666 0.5677083333333334 0.036458333333333336 0.057291666666666664
1 0.69921875 0.06510416666666667 0.03125 0.059895833333333336
1 0.3984375 0.22135416666666666 0.044270833333333336 0.07291666666666667
1 0.5950520833333334 0.2903645833333333 0.06770833333333333 0.0703125
1 0.4791666666666667 0.3567708333333333 0.046875 0.06770833333333333
1 0.4244791666666667 0.6080729166666666 0.052083333333333336 0.06510416666666667
1 0.4739583333333333 0.5729166666666666 0.059895833333333336 0.044270833333333336
1 0.8203125 0.4739583333333333 0.0546875 0.0703125