1 0.6471354166666666 0.3736979166666667 0.0625 0.10416666666666667
1 0.6432291666666666 0.48046875 0.08333333333333333 0.0703125
1 0.62109375 0.3515625 0.06510416666666667 0.08854166666666667
1 0.5221354166666666 0.5690104166666666 0.08072916666666667 0.06770833333333333
1 0.4348958333333333 0.3567708333333333 0.08333333333333333 0.08854166666666667
1 0.5846354166666666 0.69140625 0.11458333333333333 0.10416666666666667
1 0.59375 0.4596354166666667 0.07552083333333333 0.11197916666666667
1 0.4270833333333333 0.5651041666666666 0.06770833333333333 0.1171875
1 0.5013020833333334 0.3098958333333333 0.09375 0.07552083333333333
1 0.75 0.484375 0.08333333333333333 0.11197916666666667
1 0.43359375 0.7604166666666666 0.0703125 0.12239583333333333
1 0.4739583333333333 0.4518229166666667 0.09114583333333333 0.078125
1 0.5013020833333334 0.5182291666666666 0.06510416666666667 0.09895833333333333
1 0.24479166666666666 0.3671875 0.0859375 0.059895833333333336
1 0.41796875 0.4635416666666667 0.06770833333333333 0.10677083333333333
1 0.55078125 0.4973958333333333 0.06510416666666667 0.08072916666666667
1 0.4674479166666667 0.07421875 0.06510416666666667 0.06510416666666667
1 0.6770833333333334 0.3033854166666667 0.08333333333333333 0.059895833333333336
1 0.6627604166666666 0.7096354166666666 0.11197916666666667 0.10416666666666667
1 0.5377604166666666 0.3854166666666667 0.07552083333333333 0.0703125
1 0.4791666666666667 0.5078125 0.07552083333333333 0.0625
1 0.49609375 0.7877604166666666 0.08333333333333333 0.16927083333333334
1 0.19401041666666666 0.421875 0.06510416666666667 0.11197916666666667
1 0.5625 0.2994791666666667 0.07552083333333333 0.09375
1 0.92578125 0.4114583333333333 0.09895833333333333 0.12760416666666666
1 0.4049479166666667 0.5455729166666666 0.057291666666666664 0.09375
1 0.5651041666666666 0.53515625 0.08854166666666667 0.059895833333333336
1 0.4231770833333333 0.3229166666666667 0.10677083333333333 0.125
1 0.2747395833333333 0.5130208333333334 0.09635416666666667 0.09375
1 0.4700520833333333 0.7434895833333334 0.07291666666666667 0.15104166666666666
1 0.6002604166666666 0.3932291666666667 0.08854166666666667 0.08854166666666667
1 0.4765625 0.3997395833333333 0.06770833333333333 0.08072916666666667
1 0.7786458333333334 0.3776041666666667 0.109375 0.140625
1 0.6653645833333334 0.5390625 0.10416666666666667 0.09114583333333333