0 0.7864583333333334 0.19401041666666666 0.3177083333333333 0.22395833333333334
0 0.3671875 0.09505208333333333 0.22395833333333334 0.15104166666666666
0 0.3450520833333333 0.5481770833333334 0.24739583333333334 0.16666666666666666
0 0.8346354166666666 0.2864583333333333 0.2734375 0.171875
0 0.19010416666666666 0.3020833333333333 0.22916666666666666 0.234375
0 0.3958333333333333 0.80859375 0.2604166666666667 0.20052083333333334
0 0.22786458333333334 0.7708333333333334 0.2526041666666667 0.23958333333333334
0 0.14192708333333334 0.59375 0.2760416666666667 0.16927083333333334
0 0.8203125 0.4518229166666667 0.3177083333333333 0.22395833333333334
0 0.6015625 0.21875 0.1953125 0.22916666666666666
0 0.6979166666666666 0.86328125 0.3203125 0.25
0 0.73046875 0.7161458333333334 0.2552083333333333 0.20572916666666666
0 0.3619791666666667 0.6927083333333334 0.2265625 0.234375
0 0.7565104166666666 0.6080729166666666 0.3046875 0.2421875
0 0.3059895833333333 0.32421875 0.22135416666666666 0.234375