1 0.15364583333333334 0.71484375 0.041666666666666664 0.078125
1 0.4296875 0.734375 0.057291666666666664 0.0859375
1 0.4153645833333333 0.6861979166666666 0.044270833333333336 0.0703125
1 0.2643229166666667 0.5091145833333334 0.0390625 0.078125
1 0.45703125 0.46484375 0.036458333333333336 0.03125
1 0.21614583333333334 0.5638020833333334 0.059895833333333336 0.036458333333333336
1 0.453125 0.69921875 0.036458333333333336 0.052083333333333336
1 0.3307291666666667 0.7526041666666666 0.03125 0.059895833333333336
1 0.3919270833333333 0.7591145833333334 0.036458333333333336 0.057291666666666664
1 0.4427083333333333 0.671875 0.046875 0.0703125
1 0.06640625 0.7161458333333334 0.044270833333333336 0.078125
1 0.3932291666666667 0.4908854166666667 0.0703125 0.052083333333333336
1 0.3828125 0.7044270833333334 0.046875 0.07291666666666667
1 0.5169270833333334 0.6653645833333334 0.07291666666666667 0.057291666666666664
1 0.3450520833333333 0.703125 0.041666666666666664 0.052083333333333336
1 0.4713541666666667 0.6184895833333334 0.0546875 0.059895833333333336
1 0.5169270833333334 0.5169270833333334 0.0546875 0.06770833333333333
1 0.46484375 0.4908854166666667 0.06510416666666667 0.049479166666666664
1 0.3046875 0.6354166666666666 0.052083333333333336 0.07552083333333333
1 0.23828125 0.5403645833333334 0.052083333333333336 0.036458333333333336
1 0.296875 0.4986979166666667 0.036458333333333336 0.07291666666666667
1 0.4869791666666667 0.6953125 0.057291666666666664 0.08333333333333333
1 0.3203125 0.6888020833333334 0.036458333333333336 0.06510416666666667
1 0.4244791666666667 0.78125 0.08333333333333333 0.0859375