1 0.3346354166666667 0.60546875 0.041666666666666664 0.057291666666666664
1 0.3841145833333333 0.6419270833333334 0.049479166666666664 0.052083333333333336
1 0.34765625 0.5703125 0.059895833333333336 0.036458333333333336
1 0.4453125 0.5208333333333334 0.057291666666666664 0.033854166666666664
1 0.4153645833333333 0.5403645833333334 0.0625 0.0390625
1 0.6171875 0.5846354166666666 0.07291666666666667 0.06510416666666667
1 0.61328125 0.41015625 0.0546875 0.052083333333333336
1 0.5247395833333334 0.4466145833333333 0.03125 0.0859375
1 0.4140625 0.57421875 0.057291666666666664 0.049479166666666664
1 0.6015625 0.6458333333333334 0.06510416666666667 0.059895833333333336
1 0.4153645833333333 0.6497395833333334 0.036458333333333336 0.06770833333333333
1 0.4153645833333333 0.48828125 0.057291666666666664 0.033854166666666664
1 0.6848958333333334 0.6145833333333334 0.044270833333333336 0.059895833333333336
1 0.3671875 0.60546875 0.046875 0.0390625
1 0.65234375 0.5520833333333334 0.06770833333333333 0.052083333333333336
1 0.46484375 0.4609375 0.052083333333333336 0.052083333333333336
1 0.3736979166666667 0.5494791666666666 0.028645833333333332 0.06510416666666667
1 0.3958333333333333 0.6028645833333334 0.059895833333333336 0.041666666666666664
1 0.5989583333333334 0.4895833333333333 0.046875 0.06770833333333333
1 0.4986979166666667 0.4205729166666667 0.046875 0.078125
1 0.3932291666666667 0.51171875 0.049479166666666664 0.036458333333333336
1 0.55859375 0.4166666666666667 0.057291666666666664 0.057291666666666664