1 0.7942708333333334 0.515625 0.044270833333333336 0.078125
1 0.7369791666666666 0.7291666666666666 0.059895833333333336 0.049479166666666664
1 0.55859375 0.7486979166666666 0.059895833333333336 0.0703125
1 0.58984375 0.17708333333333334 0.052083333333333336 0.0703125
1 0.45703125 0.1875 0.0390625 0.078125
1 0.4895833333333333 0.4440104166666667 0.059895833333333336 0.046875
1 0.453125 0.7604166666666666 0.049479166666666664 0.057291666666666664
1 0.07291666666666667 0.6770833333333334 0.06770833333333333 0.07552083333333333
1 0.8125 0.6640625 0.044270833333333336 0.07291666666666667
1 0.6979166666666666 0.4518229166666667 0.06510416666666667 0.052083333333333336
1 0.66015625 0.22005208333333334 0.049479166666666664 0.0546875
1 0.6263020833333334 0.29296875 0.0625 0.06510416666666667
1 0.5729166666666666 0.23046875 0.046875 0.08072916666666667
1 0.3098958333333333 0.7330729166666666 0.049479166666666664 0.08072916666666667
1 0.2942708333333333 0.6197916666666666 0.07291666666666667 0.046875
1 0.3606770833333333 0.5169270833333334 0.049479166666666664 0.08072916666666667
1 0.3359375 0.421875 0.044270833333333336 0.0703125
1 0.3763020833333333 0.2760416666666667 0.052083333333333336 0.08854166666666667
1 0.8333333333333334 0.5221354166666666 0.0546875 0.033854166666666664
1 0.8268229166666666 0.5611979166666666 0.0546875 0.0546875
1 0.765625 0.5911458333333334 0.052083333333333336 0.08854166666666667
1 0.765625 0.6809895833333334 0.057291666666666664 0.057291666666666664
1 0.69921875 0.6341145833333334 0.059895833333333336 0.06770833333333333
1 0.62890625 0.4479166666666667 0.057291666666666664 0.06770833333333333
1 0.4713541666666667 0.2578125 0.049479166666666664 0.08072916666666667
1 0.421875 0.7239583333333334 0.036458333333333336 0.07291666666666667
1 0.20572916666666666 0.4322916666666667 0.0390625 0.08333333333333333
1 0.4375 0.4075520833333333 0.059895833333333336 0.0703125
1 0.8359375 0.21223958333333334 0.033854166666666664 0.0546875
1 0.8463541666666666 0.4153645833333333 0.028645833333333332 0.07291666666666667
1 0.6588541666666666 0.7447916666666666 0.057291666666666664 0.059895833333333336
1 0.57421875 0.5872395833333334 0.057291666666666664 0.052083333333333336
1 0.6770833333333334 0.4700520833333333 0.057291666666666664 0.0390625
1 0.6627604166666666 0.2981770833333333 0.028645833333333332 0.09635416666666667
1 0.7942708333333334 0.16015625 0.041666666666666664 0.078125
1 0.5169270833333334 0.3307291666666667 0.059895833333333336 0.07291666666666667
1 0.3658854166666667 0.734375 0.049479166666666664 0.109375
1 0.4440104166666667 0.6575520833333334 0.059895833333333336 0.044270833333333336
1 0.3294270833333333 0.3984375 0.06770833333333333 0.052083333333333336
1 0.8463541666666666 0.2825520833333333 0.046875 0.049479166666666664
1 0.58984375 0.7122395833333334 0.06510416666666667 0.0546875
1 0.5768229166666666 0.55078125 0.0625 0.046875
1 0.6354166666666666 0.53515625 0.057291666666666664 0.0546875
1 0.2708333333333333 0.21223958333333334 0.033854166666666664 0.08072916666666667
1 0.8255208333333334 0.3177083333333333 0.052083333333333336 0.08072916666666667
1 0.7669270833333334 0.13802083333333334 0.0390625 0.07291666666666667
1 0.2955729166666667 0.25390625 0.059895833333333336 0.078125
1 0.4466145833333333 0.45703125 0.052083333333333336 0.08072916666666667
1 0.2760416666666667 0.7669270833333334 0.052083333333333336 0.036458333333333336
1 0.8841145833333334 0.31640625 0.057291666666666664 0.0546875
1 0.8333333333333334 0.34765625 0.06510416666666667 0.033854166666666664
1 0.6966145833333334 0.5846354166666666 0.06510416666666667 0.052083333333333336
1 0.6901041666666666 0.671875 0.0390625 0.09114583333333333
1 0.6276041666666666 0.25 0.0625 0.0625
1 0.5286458333333334 0.1328125 0.046875 0.0546875
1 0.5455729166666666 0.09895833333333333 0.052083333333333336 0.052083333333333336
1 0.3697916666666667 0.171875 0.0703125 0.0546875
1 0.3255208333333333 0.2669270833333333 0.044270833333333336 0.0703125
1 0.2942708333333333 0.20572916666666666 0.0234375 0.07291666666666667
1 0.25 0.21354166666666666 0.0546875 0.06510416666666667
1 0.5091145833333334 0.5455729166666666 0.0390625 0.057291666666666664
1 0.5052083333333334 0.6979166666666666 0.0703125 0.059895833333333336
1 0.21875 0.71484375 0.0546875 0.07552083333333333
1 0.16666666666666666 0.6236979166666666 0.049479166666666664 0.08854166666666667
1 0.12630208333333334 0.6575520833333334 0.0546875 0.049479166666666664
1 0.24739583333333334 0.38671875 0.0625 0.059895833333333336
1 0.8151041666666666 0.4609375 0.044270833333333336 0.044270833333333336
1 0.8255208333333334 0.375 0.046875 0.06510416666666667
1 0.6848958333333334 0.20572916666666666 0.036458333333333336 0.08072916666666667
1 0.5885416666666666 0.3046875 0.046875 0.052083333333333336
1 0.515625 0.2838541666666667 0.059895833333333336 0.03125
1 0.44921875 0.2565104166666667 0.0546875 0.0625
1 0.4778645833333333 0.7330729166666666 0.0546875 0.06510416666666667
1 0.3984375 0.73046875 0.049479166666666664 0.10677083333333333
1 0.11197916666666667 0.7265625 0.044270833333333336 0.049479166666666664
1 0.3854166666666667 0.6184895833333334 0.052083333333333336 0.07291666666666667
1 0.3268229166666667 0.58984375 0.057291666666666664 0.059895833333333336
1 0.2877604166666667 0.5325520833333334 0.06770833333333333 0.057291666666666664
1 0.10677083333333333 0.5104166666666666 0.041666666666666664 0.049479166666666664