1 0.5416666666666666 0.234375 0.052083333333333336 0.046875
1 0.5364583333333334 0.46484375 0.052083333333333336 0.052083333333333336
1 0.6953125 0.5611979166666666 0.0625 0.057291666666666664
1 0.7486979166666666 0.59375 0.0390625 0.059895833333333336
1 0.4622395833333333 0.7669270833333334 0.046875 0.06770833333333333
1 0.6354166666666666 0.6106770833333334 0.057291666666666664 0.0859375
1 0.4075520833333333 0.09375 0.046875 0.06770833333333333
1 0.46875 0.3489583333333333 0.046875 0.049479166666666664
1 0.6145833333333334 0.296875 0.07291666666666667 0.0703125
1 0.4466145833333333 0.6484375 0.06510416666666667 0.057291666666666664
1 0.8216145833333334 0.6861979166666666 0.052083333333333336 0.052083333333333336
1 0.6002604166666666 0.7330729166666666 0.049479166666666664 0.06510416666666667
1 0.3958333333333333 0.6901041666666666 0.036458333333333336 0.0625
1 0.5325520833333334 0.8372395833333334 0.044270833333333336 0.049479166666666664
1 0.5169270833333334 0.74609375 0.057291666666666664 0.0859375
1 0.6848958333333334 0.34765625 0.044270833333333336 0.0625
1 0.19921875 0.55859375 0.044270833333333336 0.057291666666666664
1 0.4635416666666667 0.2786458333333333 0.057291666666666664 0.0625
1 0.70703125 0.4583333333333333 0.052083333333333336 0.059895833333333336