1 0.33984375 0.4205729166666667 0.08333333333333333 0.09375
1 0.5234375 0.5208333333333334 0.08854166666666667 0.0703125
1 0.4153645833333333 0.71484375 0.07552083333333333 0.11197916666666667
1 0.3411458333333333 0.57421875 0.0625 0.10677083333333333
1 0.375 0.5677083333333334 0.0859375 0.09375
1 0.4153645833333333 0.5182291666666666 0.0859375 0.06770833333333333
1 0.53125 0.48046875 0.0703125 0.06510416666666667
1 0.3854166666666667 0.4856770833333333 0.049479166666666664 0.08333333333333333
1 0.4231770833333333 0.6432291666666666 0.078125 0.0703125
1 0.3671875 0.62890625 0.046875 0.059895833333333336
1 0.43359375 0.43359375 0.0625 0.10416666666666667
1 0.2565104166666667 0.4309895833333333 0.0625 0.09635416666666667
1 0.4713541666666667 0.4192708333333333 0.078125 0.08854166666666667
1 0.27734375 0.4921875 0.0625 0.09635416666666667
1 0.34375 0.6875 0.0703125 0.06510416666666667
1 0.3580729166666667 0.24348958333333334 0.06770833333333333 0.1171875
1 0.3723958333333333 0.7252604166666666 0.0625 0.11197916666666667
1 0.5325520833333334 0.4270833333333333 0.059895833333333336 0.08072916666666667
1 0.2903645833333333 0.41796875 0.041666666666666664 0.08333333333333333