1 0.5859375 0.3033854166666667 0.049479166666666664 0.0390625
1 0.5104166666666666 0.3684895833333333 0.015625 0.049479166666666664
1 0.5390625 0.3815104166666667 0.020833333333333332 0.057291666666666664
1 0.7200520833333334 0.46875 0.0390625 0.03125
1 0.47265625 0.3528645833333333 0.0390625 0.0703125
1 0.546875 0.2942708333333333 0.03125 0.059895833333333336
1 0.5625 0.3893229166666667 0.028645833333333332 0.033854166666666664
1 0.546875 0.2682291666666667 0.0234375 0.046875
1 0.5690104166666666 0.2643229166666667 0.028645833333333332 0.046875
1 0.4934895833333333 0.3020833333333333 0.046875 0.041666666666666664
1 0.5247395833333334 0.32421875 0.026041666666666668 0.049479166666666664
1 0.5377604166666666 0.3359375 0.020833333333333332 0.0390625
1 0.4986979166666667 0.3502604166666667 0.03125 0.07291666666666667
1 0.5598958333333334 0.3255208333333333 0.03125 0.020833333333333332