1 0.203125 0.4140625 0.044270833333333336 0.0546875
1 0.6067708333333334 0.35546875 0.0390625 0.0390625
1 0.4609375 0.37109375 0.046875 0.0625
1 0.19010416666666666 0.5703125 0.052083333333333336 0.059895833333333336
1 0.5533854166666666 0.3255208333333333 0.041666666666666664 0.057291666666666664
1 0.4817708333333333 0.41796875 0.0390625 0.041666666666666664
1 0.6080729166666666 0.4739583333333333 0.033854166666666664 0.036458333333333336
1 0.20442708333333334 0.3723958333333333 0.036458333333333336 0.044270833333333336
1 0.61328125 0.44140625 0.044270833333333336 0.052083333333333336
1 0.6861979166666666 0.4739583333333333 0.046875 0.033854166666666664
1 0.39453125 0.5065104166666666 0.028645833333333332 0.036458333333333336
1 0.5390625 0.2669270833333333 0.044270833333333336 0.046875
1 0.15104166666666666 0.2994791666666667 0.049479166666666664 0.059895833333333336
1 0.578125 0.3294270833333333 0.049479166666666664 0.052083333333333336
1 0.4947916666666667 0.5026041666666666 0.049479166666666664 0.041666666666666664
1 0.3854166666666667 0.5924479166666666 0.0546875 0.059895833333333336