1 0.3984375 0.6484375 0.018229166666666668 0.028645833333333332
1 0.3997395833333333 0.5286458333333334 0.0234375 0.028645833333333332
1 0.3346354166666667 0.72265625 0.020833333333333332 0.03125
1 0.56640625 0.4765625 0.020833333333333332 0.033854166666666664
1 0.6497395833333334 0.5520833333333334 0.0234375 0.0234375
1 0.5859375 0.51171875 0.018229166666666668 0.0390625
1 0.5325520833333334 0.53125 0.0234375 0.018229166666666668
1 0.390625 0.6276041666666666 0.026041666666666668 0.020833333333333332
1 0.6731770833333334 0.5794270833333334 0.015625 0.0234375
1 0.63671875 0.6119791666666666 0.026041666666666668 0.03125
1 0.6080729166666666 0.5611979166666666 0.020833333333333332 0.015625
1 0.5325520833333334 0.4934895833333333 0.020833333333333332 0.015625
1 0.3736979166666667 0.6341145833333334 0.026041666666666668 0.036458333333333336
1 0.6080729166666666 0.61328125 0.0078125 0.015625
1 0.62890625 0.5885416666666666 0.018229166666666668 0.015625
1 0.6276041666666666 0.6549479166666666 0.018229166666666668 0.0234375
1 0.6080729166666666 0.5755208333333334 0.0234375 0.015625
1 0.5390625 0.5638020833333334 0.013020833333333334 0.026041666666666668
1 0.5716145833333334 0.54296875 0.0234375 0.020833333333333332
1 0.5546875 0.5559895833333334 0.015625 0.033854166666666664