1 0.4817708333333333 0.51171875 0.049479166666666664 0.049479166666666664
1 0.6328125 0.26953125 0.06770833333333333 0.0625
1 0.3229166666666667 0.5247395833333334 0.049479166666666664 0.0546875
1 0.4296875 0.66015625 0.0625 0.06770833333333333
1 0.4166666666666667 0.5598958333333334 0.0625 0.06770833333333333
1 0.42578125 0.4947916666666667 0.044270833333333336 0.057291666666666664
1 0.4830729166666667 0.61328125 0.041666666666666664 0.07552083333333333
1 0.2903645833333333 0.4466145833333333 0.057291666666666664 0.06510416666666667
1 0.2708333333333333 0.3125 0.057291666666666664 0.049479166666666664
1 0.62890625 0.5794270833333334 0.06770833333333333 0.06510416666666667
1 0.63671875 0.38671875 0.07291666666666667 0.08333333333333333
1 0.40625 0.3736979166666667 0.041666666666666664 0.06770833333333333
1 0.5026041666666666 0.2421875 0.052083333333333336 0.0703125
1 0.4361979166666667 0.6015625 0.0546875 0.06770833333333333