1 0.2916666666666667 0.4700520833333333 0.036458333333333336 0.028645833333333332
1 0.5208333333333334 0.5182291666666666 0.028645833333333332 0.049479166666666664
1 0.5026041666666666 0.5768229166666666 0.028645833333333332 0.028645833333333332
1 0.4934895833333333 0.4622395833333333 0.020833333333333332 0.044270833333333336
1 0.4752604166666667 0.60546875 0.03125 0.018229166666666668
1 0.4713541666666667 0.46484375 0.018229166666666668 0.044270833333333336
1 0.50390625 0.5208333333333334 0.026041666666666668 0.049479166666666664
1 0.3567708333333333 0.4153645833333333 0.0234375 0.033854166666666664
1 0.3828125 0.4322916666666667 0.033854166666666664 0.041666666666666664
1 0.4453125 0.4166666666666667 0.03125 0.036458333333333336
1 0.4791666666666667 0.5846354166666666 0.036458333333333336 0.026041666666666668