1 0.5703125 0.34765625 0.0546875 0.044270833333333336
1 0.4231770833333333 0.18229166666666666 0.0546875 0.0546875
1 0.4153645833333333 0.2682291666666667 0.0390625 0.044270833333333336
1 0.59765625 0.21614583333333334 0.057291666666666664 0.052083333333333336
1 0.9674479166666666 0.4518229166666667 0.033854166666666664 0.052083333333333336
1 0.6653645833333334 0.17838541666666666 0.036458333333333336 0.0625
1 0.83203125 0.4036458333333333 0.049479166666666664 0.078125
1 0.83984375 0.5677083333333334 0.046875 0.06770833333333333
1 0.43359375 0.3203125 0.036458333333333336 0.0625
1 0.6484375 0.421875 0.041666666666666664 0.07291666666666667
1 0.70703125 0.29296875 0.03125 0.044270833333333336
1 0.4947916666666667 0.5130208333333334 0.041666666666666664 0.0625
1 0.3059895833333333 0.4427083333333333 0.052083333333333336 0.046875
1 0.5559895833333334 0.53125 0.041666666666666664 0.0703125
1 0.6080729166666666 0.4661458333333333 0.033854166666666664 0.06510416666666667
1 0.5911458333333334 0.61328125 0.049479166666666664 0.046875
1 0.3763020833333333 0.6901041666666666 0.057291666666666664 0.049479166666666664