1 0.8125 0.234375 0.044270833333333336 0.09375
1 0.44140625 0.8515625 0.044270833333333336 0.0625
1 0.6770833333333334 0.5091145833333334 0.044270833333333336 0.057291666666666664
1 0.6783854166666666 0.4388020833333333 0.033854166666666664 0.057291666666666664
1 0.6927083333333334 0.07552083333333333 0.046875 0.07291666666666667
1 0.6197916666666666 0.14973958333333334 0.0390625 0.07552083333333333
1 0.5247395833333334 0.53125 0.033854166666666664 0.057291666666666664
1 0.5169270833333334 0.33984375 0.046875 0.078125
1 0.5338541666666666 0.4388020833333333 0.0546875 0.08072916666666667
1 0.54296875 0.24739583333333334 0.0390625 0.0625
1 0.52734375 0.21484375 0.0390625 0.07291666666666667
1 0.4986979166666667 0.2630208333333333 0.044270833333333336 0.06510416666666667
1 0.4765625 0.3098958333333333 0.044270833333333336 0.0703125
1 0.5807291666666666 0.4388020833333333 0.033854166666666664 0.0390625
1 0.3515625 0.65234375 0.049479166666666664 0.08333333333333333
1 0.4791666666666667 0.8033854166666666 0.041666666666666664 0.06510416666666667
1 0.5703125 0.7356770833333334 0.044270833333333336 0.0546875
1 0.57421875 0.4739583333333333 0.0546875 0.06510416666666667
1 0.5091145833333334 0.390625 0.041666666666666664 0.059895833333333336
1 0.4752604166666667 0.3515625 0.044270833333333336 0.0625
1 0.70703125 0.73046875 0.052083333333333336 0.044270833333333336
1 0.4127604166666667 0.5481770833333334 0.052083333333333336 0.09635416666666667
1 0.4596354166666667 0.5598958333333334 0.033854166666666664 0.059895833333333336
1 0.4088541666666667 0.7083333333333334 0.041666666666666664 0.0546875
1 0.3984375 0.8033854166666666 0.033854166666666664 0.07291666666666667
1 0.3229166666666667 0.7526041666666666 0.041666666666666664 0.06770833333333333
1 0.6015625 0.7109375 0.057291666666666664 0.06770833333333333
1 0.6770833333333334 0.3671875 0.0390625 0.078125
1 0.6236979166666666 0.4388020833333333 0.041666666666666664 0.0625
1 0.6380208333333334 0.51171875 0.044270833333333336 0.059895833333333336
1 0.6002604166666666 0.55859375 0.046875 0.08854166666666667
1 0.6041666666666666 0.4375 0.049479166666666664 0.06510416666666667
1 0.48828125 0.21223958333333334 0.0546875 0.06510416666666667
1 0.5494791666666666 0.171875 0.033854166666666664 0.059895833333333336
1 0.5533854166666666 0.2578125 0.044270833333333336 0.08333333333333333
1 0.7122395833333334 0.5364583333333334 0.033854166666666664 0.046875
1 0.7369791666666666 0.21875 0.033854166666666664 0.07291666666666667
1 0.3802083333333333 0.55859375 0.036458333333333336 0.07552083333333333
1 0.73046875 0.5065104166666666 0.044270833333333336 0.052083333333333336
1 0.703125 0.4661458333333333 0.046875 0.057291666666666664
1 0.6302083333333334 0.203125 0.036458333333333336 0.07291666666666667
1 0.6497395833333334 0.20572916666666666 0.036458333333333336 0.08333333333333333
1 0.6614583333333334 0.2643229166666667 0.0546875 0.0625
1 0.4713541666666667 0.3880208333333333 0.052083333333333336 0.057291666666666664
1 0.44921875 0.2981770833333333 0.041666666666666664 0.09114583333333333
1 0.5833333333333334 0.3489583333333333 0.036458333333333336 0.0703125
1 0.47265625 0.2513020833333333 0.052083333333333336 0.059895833333333336
1 0.7643229166666666 0.057291666666666664 0.028645833333333332 0.044270833333333336
1 0.3190104166666667 0.5690104166666666 0.046875 0.09375
1 0.5325520833333334 0.6614583333333334 0.0546875 0.08072916666666667
1 0.4700520833333333 0.6197916666666666 0.044270833333333336 0.09114583333333333
1 0.3828125 0.8033854166666666 0.036458333333333336 0.06770833333333333
1 0.51171875 0.7604166666666666 0.049479166666666664 0.078125
1 0.5533854166666666 0.7721354166666666 0.0390625 0.059895833333333336
1 0.6341145833333334 0.4088541666666667 0.03125 0.0625
1 0.6276041666666666 0.3776041666666667 0.03125 0.07291666666666667
1 0.7122395833333334 0.5703125 0.028645833333333332 0.06510416666666667
1 0.7018229166666666 0.4388020833333333 0.036458333333333336 0.052083333333333336
1 0.6119791666666666 0.4921875 0.044270833333333336 0.049479166666666664
1 0.6171875 0.2552083333333333 0.041666666666666664 0.0703125
1 0.5013020833333334 0.6184895833333334 0.033854166666666664 0.059895833333333336
1 0.4830729166666667 0.5260416666666666 0.0390625 0.057291666666666664
1 0.4283854166666667 0.3385416666666667 0.041666666666666664 0.059895833333333336
1 0.453125 0.4153645833333333 0.052083333333333336 0.044270833333333336
1 0.33984375 0.77734375 0.028645833333333332 0.052083333333333336
1 0.65625 0.37890625 0.026041666666666668 0.0703125
1 0.76171875 0.5416666666666666 0.0390625 0.0625
1 0.69921875 0.5520833333333334 0.036458333333333336 0.08854166666666667
1 0.6783854166666666 0.5807291666666666 0.036458333333333336 0.046875
1 0.6302083333333334 0.546875 0.044270833333333336 0.059895833333333336
1 0.65234375 0.12369791666666667 0.046875 0.046875
1 0.5065104166666666 0.5286458333333334 0.028645833333333332 0.07291666666666667
1 0.5755208333333334 0.17578125 0.036458333333333336 0.08333333333333333
1 0.6419270833333334 0.3216145833333333 0.046875 0.0625
1 0.7096354166666666 0.703125 0.041666666666666664 0.0390625
1 0.34765625 0.4869791666666667 0.041666666666666664 0.08072916666666667
1 0.4505208333333333 0.57421875 0.036458333333333336 0.0859375
1 0.421875 0.74609375 0.0546875 0.041666666666666664
1 0.6393229166666666 0.6354166666666666 0.052083333333333336 0.052083333333333336
1 0.7265625 0.5638020833333334 0.036458333333333336 0.08333333333333333
1 0.5846354166666666 0.3033854166666667 0.041666666666666664 0.059895833333333336
1 0.48046875 0.4388020833333333 0.049479166666666664 0.0625
1 0.5169270833333334 0.4401041666666667 0.0390625 0.078125
1 0.6028645833333334 0.041666666666666664 0.044270833333333336 0.06510416666666667
1 0.5651041666666666 0.7942708333333334 0.046875 0.0703125
1 0.7552083333333334 0.22916666666666666 0.033854166666666664 0.06770833333333333
1 0.7174479166666666 0.2955729166666667 0.03125 0.06770833333333333
1 0.6106770833333334 0.6484375 0.036458333333333336 0.06770833333333333
1 0.5872395833333334 0.6458333333333334 0.044270833333333336 0.0546875
1 0.7057291666666666 0.3776041666666667 0.041666666666666664 0.0703125
1 0.7591145833333334 0.4791666666666667 0.049479166666666664 0.0703125
1 0.6822916666666666 0.5364583333333334 0.049479166666666664 0.08333333333333333
1 0.6822916666666666 0.6158854166666666 0.0390625 0.057291666666666664
1 0.6184895833333334 0.08854166666666667 0.044270833333333336 0.08333333333333333
1 0.5677083333333334 0.12630208333333334 0.049479166666666664 0.06510416666666667
1 0.5872395833333334 0.22916666666666666 0.046875 0.052083333333333336
1 0.6536458333333334 0.3033854166666667 0.044270833333333336 0.0625