1 0.265625 0.51953125 0.052083333333333336 0.046875
1 0.12760416666666666 0.4544270833333333 0.07291666666666667 0.049479166666666664
1 0.87890625 0.65625 0.06770833333333333 0.057291666666666664
1 0.7552083333333334 0.7552083333333334 0.09375 0.052083333333333336
1 0.5208333333333334 0.3489583333333333 0.0703125 0.0390625
1 0.6236979166666666 0.5729166666666666 0.059895833333333336 0.057291666666666664
1 0.6901041666666666 0.296875 0.08333333333333333 0.0390625
1 0.6223958333333334 0.4036458333333333 0.0546875 0.057291666666666664
1 0.71875 0.22005208333333334 0.0625 0.052083333333333336
1 0.3697916666666667 0.6731770833333334 0.046875 0.049479166666666664
1 0.51953125 0.4479166666666667 0.057291666666666664 0.0546875
1 0.40234375 0.4231770833333333 0.08072916666666667 0.041666666666666664
1 0.7044270833333334 0.4205729166666667 0.07291666666666667 0.0390625
1 0.453125 0.7213541666666666 0.06770833333333333 0.057291666666666664
1 0.3971354166666667 0.5846354166666666 0.07291666666666667 0.049479166666666664
1 0.3294270833333333 0.4908854166666667 0.06510416666666667 0.059895833333333336