1 0.4192708333333333 0.76171875 0.0390625 0.057291666666666664
1 0.234375 0.34375 0.049479166666666664 0.028645833333333332
1 0.55859375 0.3229166666666667 0.026041666666666668 0.041666666666666664
1 0.7122395833333334 0.3190104166666667 0.044270833333333336 0.03125
1 0.3151041666666667 0.3736979166666667 0.046875 0.049479166666666664
1 0.15234375 0.4505208333333333 0.07552083333333333 0.036458333333333336
1 0.921875 0.5572916666666666 0.049479166666666664 0.046875
1 0.6744791666666666 0.3463541666666667 0.0390625 0.036458333333333336
1 0.7057291666666666 0.2877604166666667 0.036458333333333336 0.044270833333333336
1 0.6328125 0.4401041666666667 0.057291666666666664 0.0234375
1 0.4973958333333333 0.4752604166666667 0.026041666666666668 0.0390625
1 0.4283854166666667 0.5104166666666666 0.0390625 0.049479166666666664
1 0.44140625 0.09244791666666667 0.03125 0.049479166666666664
1 0.375 0.7135416666666666 0.044270833333333336 0.046875
1 0.40234375 0.3463541666666667 0.03125 0.046875
1 0.7395833333333334 0.14973958333333334 0.041666666666666664 0.044270833333333336
1 0.4479166666666667 0.19661458333333334 0.041666666666666664 0.033854166666666664
1 0.4401041666666667 0.16927083333333334 0.033854166666666664 0.044270833333333336
1 0.45703125 0.5690104166666666 0.057291666666666664 0.033854166666666664
1 0.6549479166666666 0.5794270833333334 0.044270833333333336 0.044270833333333336
1 0.7356770833333334 0.5885416666666666 0.046875 0.046875
1 0.3984375 0.16145833333333334 0.0546875 0.041666666666666664
1 0.6184895833333334 0.37109375 0.057291666666666664 0.036458333333333336
1 0.5403645833333334 0.3294270833333333 0.03125 0.044270833333333336
1 0.6432291666666666 0.2890625 0.033854166666666664 0.015625
1 0.2981770833333333 0.5247395833333334 0.0625 0.028645833333333332
1 0.4739583333333333 0.4752604166666667 0.0390625 0.041666666666666664
1 0.4791666666666667 0.5364583333333334 0.036458333333333336 0.0390625
1 0.4127604166666667 0.49609375 0.036458333333333336 0.044270833333333336
1 0.3294270833333333 0.5052083333333334 0.0546875 0.0234375
1 0.2747395833333333 0.5859375 0.0625 0.036458333333333336
1 0.7252604166666666 0.7421875 0.052083333333333336 0.046875
1 0.2265625 0.7057291666666666 0.028645833333333332 0.036458333333333336
1 0.6145833333333334 0.296875 0.057291666666666664 0.026041666666666668
1 0.5416666666666666 0.5078125 0.06510416666666667 0.033854166666666664
1 0.74609375 0.68359375 0.07291666666666667 0.0390625
1 0.2825520833333333 0.66015625 0.033854166666666664 0.046875
1 0.5143229166666666 0.3177083333333333 0.03125 0.0390625
1 0.73828125 0.28515625 0.03125 0.041666666666666664
1 0.5377604166666666 0.484375 0.057291666666666664 0.046875
1 0.796875 0.5130208333333334 0.041666666666666664 0.049479166666666664
1 0.57421875 0.07291666666666667 0.046875 0.020833333333333332
1 0.421875 0.08984375 0.041666666666666664 0.044270833333333336
1 0.4166666666666667 0.640625 0.052083333333333336 0.028645833333333332
1 0.66015625 0.8671875 0.052083333333333336 0.052083333333333336
1 0.5416666666666666 0.2981770833333333 0.036458333333333336 0.033854166666666664
1 0.4661458333333333 0.4166666666666667 0.03125 0.041666666666666664
1 0.47265625 0.4557291666666667 0.0546875 0.0234375
1 0.6783854166666666 0.58984375 0.041666666666666664 0.049479166666666664
1 0.83203125 0.5807291666666666 0.0703125 0.0390625
1 0.7955729166666666 0.5963541666666666 0.036458333333333336 0.049479166666666664
1 0.5846354166666666 0.2942708333333333 0.026041666666666668 0.028645833333333332