1 0.50390625 0.3229166666666667 0.03125 0.03125
1 0.4986979166666667 0.5 0.03125 0.018229166666666668
1 0.3450520833333333 0.28125 0.03125 0.020833333333333332
1 0.5247395833333334 0.5963541666666666 0.0234375 0.026041666666666668
1 0.2513020833333333 0.4895833333333333 0.0390625 0.018229166666666668
1 0.3528645833333333 0.5755208333333334 0.018229166666666668 0.026041666666666668
1 0.7486979166666666 0.375 0.028645833333333332 0.028645833333333332
1 0.5807291666666666 0.3658854166666667 0.036458333333333336 0.020833333333333332
1 0.6419270833333334 0.21744791666666666 0.03125 0.03125
1 0.2877604166666667 0.4986979166666667 0.03125 0.028645833333333332
1 0.6822916666666666 0.4388020833333333 0.033854166666666664 0.0234375
1 0.4609375 0.44921875 0.0234375 0.026041666666666668
1 0.6067708333333334 0.4622395833333333 0.0234375 0.020833333333333332
1 0.6940104166666666 0.4192708333333333 0.033854166666666664 0.0234375
1 0.24088541666666666 0.546875 0.036458333333333336 0.018229166666666668
1 0.5833333333333334 0.3984375 0.0234375 0.033854166666666664
1 0.35546875 0.21354166666666666 0.0390625 0.018229166666666668
1 0.3619791666666667 0.3463541666666667 0.0390625 0.020833333333333332
1 0.5026041666666666 0.56640625 0.033854166666666664 0.015625
1 0.3216145833333333 0.5768229166666666 0.033854166666666664 0.018229166666666668
1 0.3177083333333333 0.19921875 0.0390625 0.018229166666666668
1 0.4505208333333333 0.28125 0.028645833333333332 0.013020833333333334
1 0.3346354166666667 0.1875 0.052083333333333336 0.028645833333333332
1 0.4205729166666667 0.640625 0.033854166666666664 0.018229166666666668
1 0.19791666666666666 0.5481770833333334 0.028645833333333332 0.015625
1 0.40625 0.3138020833333333 0.033854166666666664 0.015625
1 0.5572916666666666 0.4596354166666667 0.026041666666666668 0.028645833333333332
1 0.3046875 0.14453125 0.026041666666666668 0.036458333333333336
1 0.5455729166666666 0.3671875 0.036458333333333336 0.026041666666666668
1 0.5598958333333334 0.5 0.020833333333333332 0.028645833333333332
1 0.13541666666666666 0.453125 0.0390625 0.018229166666666668
1 0.4869791666666667 0.3072916666666667 0.033854166666666664 0.041666666666666664
1 0.6861979166666666 0.4609375 0.03125 0.015625
1 0.39453125 0.4661458333333333 0.028645833333333332 0.028645833333333332
1 0.4518229166666667 0.51953125 0.03125 0.0234375
1 0.5520833333333334 0.3971354166666667 0.028645833333333332 0.020833333333333332
1 0.21614583333333334 0.5390625 0.0234375 0.026041666666666668
1 0.7526041666666666 0.4114583333333333 0.020833333333333332 0.028645833333333332
1 0.30078125 0.3736979166666667 0.015625 0.026041666666666668
1 0.64453125 0.5651041666666666 0.026041666666666668 0.018229166666666668
1 0.5026041666666666 0.20703125 0.033854166666666664 0.0234375
1 0.70703125 0.28125 0.033854166666666664 0.020833333333333332
1 0.3372395833333333 0.5 0.044270833333333336 0.018229166666666668
1 0.21354166666666666 0.5078125 0.028645833333333332 0.028645833333333332
1 0.7708333333333334 0.2955729166666667 0.026041666666666668 0.033854166666666664
1 0.3255208333333333 0.296875 0.0390625 0.0234375
1 0.4036458333333333 0.6497395833333334 0.036458333333333336 0.015625
1 0.6002604166666666 0.6015625 0.028645833333333332 0.026041666666666668
1 0.2513020833333333 0.4088541666666667 0.036458333333333336 0.020833333333333332
1 0.8033854166666666 0.5299479166666666 0.036458333333333336 0.026041666666666668
1 0.2994791666666667 0.33203125 0.026041666666666668 0.0390625
1 0.68359375 0.5520833333333334 0.03125 0.013020833333333334
1 0.21875 0.3502604166666667 0.018229166666666668 0.028645833333333332
1 0.3932291666666667 0.609375 0.036458333333333336 0.018229166666666668
1 0.4479166666666667 0.1953125 0.028645833333333332 0.028645833333333332
1 0.22135416666666666 0.375 0.0390625 0.03125
1 0.6666666666666666 0.25 0.018229166666666668 0.033854166666666664
1 0.5299479166666666 0.4388020833333333 0.026041666666666668 0.03125
1 0.5416666666666666 0.4778645833333333 0.036458333333333336 0.026041666666666668
1 0.4010416666666667 0.45703125 0.0234375 0.0234375
1 0.6809895833333334 0.4296875 0.036458333333333336 0.015625
1 0.6315104166666666 0.546875 0.036458333333333336 0.018229166666666668
1 0.3919270833333333 0.3489583333333333 0.028645833333333332 0.028645833333333332
1 0.2421875 0.390625 0.028645833333333332 0.020833333333333332
1 0.6393229166666666 0.3854166666666667 0.0234375 0.026041666666666668
1 0.3541666666666667 0.4947916666666667 0.0390625 0.020833333333333332
1 0.5247395833333334 0.4908854166666667 0.036458333333333336 0.0234375
1 0.3606770833333333 0.3671875 0.0390625 0.036458333333333336
1 0.4127604166666667 0.2760416666666667 0.028645833333333332 0.020833333333333332
1 0.5924479166666666 0.58984375 0.036458333333333336 0.028645833333333332
1 0.5013020833333334 0.51953125 0.0234375 0.028645833333333332
1 0.6770833333333334 0.2825520833333333 0.03125 0.0234375
1 0.6380208333333334 0.41015625 0.03125 0.026041666666666668
1 0.3736979166666667 0.3828125 0.0234375 0.026041666666666668
1 0.41015625 0.6354166666666666 0.028645833333333332 0.0234375
1 0.5716145833333334 0.5533854166666666 0.03125 0.0234375
1 0.2708333333333333 0.22135416666666666 0.028645833333333332 0.0390625
1 0.2265625 0.25390625 0.041666666666666664 0.03125
1 0.5078125 0.3919270833333333 0.036458333333333336 0.020833333333333332
1 0.3111979166666667 0.6158854166666666 0.03125 0.026041666666666668
1 0.29296875 0.23697916666666666 0.049479166666666664 0.0234375
1 0.4596354166666667 0.4986979166666667 0.020833333333333332 0.028645833333333332
1 0.5026041666666666 0.18880208333333334 0.036458333333333336 0.020833333333333332
1 0.71875 0.3346354166666667 0.028645833333333332 0.0234375
1 0.6953125 0.63671875 0.044270833333333336 0.028645833333333332
1 0.3645833333333333 0.2552083333333333 0.020833333333333332 0.03125
1 0.6328125 0.23958333333333334 0.0390625 0.036458333333333336
1 0.7825520833333334 0.3424479166666667 0.020833333333333332 0.033854166666666664
1 0.1484375 0.4388020833333333 0.015625 0.0234375
1 0.22395833333333334 0.5625 0.041666666666666664 0.026041666666666668
1 0.5546875 0.21744791666666666 0.044270833333333336 0.026041666666666668
1 0.6119791666666666 0.484375 0.033854166666666664 0.013020833333333334
1 0.5325520833333334 0.5520833333333334 0.018229166666666668 0.026041666666666668
1 0.5703125 0.5859375 0.015625 0.026041666666666668
1 0.7721354166666666 0.4088541666666667 0.033854166666666664 0.018229166666666668
1 0.6614583333333334 0.4609375 0.028645833333333332 0.026041666666666668
1 0.7252604166666666 0.25 0.0390625 0.020833333333333332
1 0.2747395833333333 0.3671875 0.033854166666666664 0.026041666666666668
1 0.3841145833333333 0.2981770833333333 0.028645833333333332 0.018229166666666668
1 0.6940104166666666 0.4908854166666667 0.020833333333333332 0.028645833333333332
1 0.65625 0.4856770833333333 0.026041666666666668 0.026041666666666668
1 0.3177083333333333 0.3515625 0.018229166666666668 0.036458333333333336
1 0.4466145833333333 0.4140625 0.036458333333333336 0.018229166666666668
1 0.58984375 0.2903645833333333 0.018229166666666668 0.03125
1 0.57421875 0.3411458333333333 0.03125 0.020833333333333332
1 0.7721354166666666 0.5390625 0.026041666666666668 0.020833333333333332
1 0.4036458333333333 0.203125 0.033854166666666664 0.028645833333333332
1 0.7395833333333334 0.30859375 0.033854166666666664 0.033854166666666664
1 0.2864583333333333 0.40625 0.033854166666666664 0.026041666666666668
1 0.8138020833333334 0.5260416666666666 0.033854166666666664 0.0234375
1 0.2565104166666667 0.52734375 0.028645833333333332 0.028645833333333332
1 0.3541666666666667 0.5338541666666666 0.020833333333333332 0.03125
1 0.4049479166666667 0.26953125 0.033854166666666664 0.026041666666666668
1 0.5442708333333334 0.5794270833333334 0.0390625 0.018229166666666668
1 0.2578125 0.50390625 0.033854166666666664 0.0234375
1 0.53125 0.40234375 0.033854166666666664 0.0234375
1 0.6158854166666666 0.4934895833333333 0.03125 0.015625
1 0.3684895833333333 0.4557291666666667 0.036458333333333336 0.0234375
1 0.3372395833333333 0.47265625 0.026041666666666668 0.020833333333333332
1 0.69921875 0.2109375 0.03125 0.046875
1 0.3255208333333333 0.6197916666666666 0.020833333333333332 0.026041666666666668
1 0.71484375 0.4791666666666667 0.0234375 0.03125
1 0.4934895833333333 0.23046875 0.033854166666666664 0.0234375
1 0.4635416666666667 0.43359375 0.036458333333333336 0.015625
1 0.43359375 0.5546875 0.036458333333333336 0.0234375
1 0.44921875 0.5768229166666666 0.026041666666666668 0.028645833333333332
1 0.5494791666666666 0.6002604166666666 0.018229166666666668 0.03125
1 0.29296875 0.21614583333333334 0.026041666666666668 0.033854166666666664
1 0.7122395833333334 0.30078125 0.03125 0.033854166666666664
1 0.19270833333333334 0.3658854166666667 0.026041666666666668 0.03125
1 0.12890625 0.5729166666666666 0.0234375 0.033854166666666664
1 0.3515625 0.3072916666666667 0.028645833333333332 0.028645833333333332
1 0.5169270833333334 0.23177083333333334 0.033854166666666664 0.028645833333333332
1 0.3541666666666667 0.640625 0.028645833333333332 0.028645833333333332
1 0.58203125 0.3502604166666667 0.033854166666666664 0.028645833333333332
1 0.5716145833333334 0.5325520833333334 0.0234375 0.028645833333333332
1 0.2734375 0.54296875 0.0234375 0.03125
1 0.77734375 0.5221354166666666 0.036458333333333336 0.0234375
1 0.5182291666666666 0.6328125 0.028645833333333332 0.015625
1 0.3268229166666667 0.5299479166666666 0.036458333333333336 0.0234375
1 0.62109375 0.51953125 0.026041666666666668 0.028645833333333332
1 0.3111979166666667 0.46484375 0.033854166666666664 0.028645833333333332
1 0.2760416666666667 0.5625 0.036458333333333336 0.0234375
1 0.6171875 0.53125 0.0234375 0.028645833333333332
1 0.3841145833333333 0.2708333333333333 0.033854166666666664 0.033854166666666664
1 0.5286458333333334 0.5130208333333334 0.0234375 0.033854166666666664
1 0.3763020833333333 0.19270833333333334 0.041666666666666664 0.03125
1 0.6627604166666666 0.4114583333333333 0.03125 0.0234375
1 0.4231770833333333 0.4440104166666667 0.036458333333333336 0.026041666666666668
1 0.23958333333333334 0.2864583333333333 0.020833333333333332 0.03125
1 0.5872395833333334 0.453125 0.018229166666666668 0.026041666666666668
1 0.17838541666666666 0.53125 0.036458333333333336 0.018229166666666668
1 0.22135416666666666 0.2799479166666667 0.036458333333333336 0.033854166666666664
1 0.4505208333333333 0.21744791666666666 0.033854166666666664 0.036458333333333336
1 0.4153645833333333 0.2942708333333333 0.0234375 0.03125
1 0.265625 0.390625 0.0390625 0.018229166666666668
1 0.5520833333333334 0.19791666666666666 0.041666666666666664 0.020833333333333332
1 0.79296875 0.4348958333333333 0.026041666666666668 0.03125
1 0.3359375 0.5611979166666666 0.020833333333333332 0.028645833333333332
1 0.33984375 0.23177083333333334 0.033854166666666664 0.0234375
1 0.7604166666666666 0.3385416666666667 0.0390625 0.036458333333333336
1 0.4674479166666667 0.2643229166666667 0.03125 0.036458333333333336
1 0.3359375 0.3424479166666667 0.026041666666666668 0.0234375
1 0.6979166666666666 0.4401041666666667 0.03125 0.026041666666666668
1 0.6354166666666666 0.19270833333333334 0.0390625 0.026041666666666668
1 0.24739583333333334 0.5611979166666666 0.036458333333333336 0.015625
1 0.53515625 0.484375 0.033854166666666664 0.0234375
1 0.4791666666666667 0.5690104166666666 0.03125 0.0234375
1 0.7356770833333334 0.4583333333333333 0.0234375 0.026041666666666668
1 0.6822916666666666 0.22135416666666666 0.03125 0.033854166666666664
1 0.3893229166666667 0.22526041666666666 0.033854166666666664 0.044270833333333336
1 0.296875 0.4856770833333333 0.0390625 0.020833333333333332
1 0.4036458333333333 0.2265625 0.020833333333333332 0.033854166666666664
1 0.6588541666666666 0.4401041666666667 0.036458333333333336 0.026041666666666668
1 0.3059895833333333 0.5989583333333334 0.026041666666666668 0.0234375
1 0.14713541666666666 0.5182291666666666 0.03125 0.015625
1 0.48046875 0.6328125 0.03125 0.0234375
1 0.4765625 0.6171875 0.036458333333333336 0.018229166666666668
1 0.5755208333333334 0.4166666666666667 0.036458333333333336 0.0234375
1 0.5325520833333334 0.24869791666666666 0.033854166666666664 0.026041666666666668
1 0.5234375 0.3151041666666667 0.026041666666666668 0.03125
1 0.6158854166666666 0.5546875 0.044270833333333336 0.020833333333333332
1 0.5091145833333334 0.625 0.03125 0.015625
1 0.43359375 0.5963541666666666 0.03125 0.020833333333333332
1 0.3684895833333333 0.4114583333333333 0.028645833333333332 0.03125
1 0.3203125 0.21223958333333334 0.036458333333333336 0.020833333333333332
1 0.328125 0.43359375 0.0234375 0.028645833333333332
1 0.7044270833333334 0.3411458333333333 0.036458333333333336 0.020833333333333332
1 0.3697916666666667 0.4830729166666667 0.036458333333333336 0.0234375
1 0.38671875 0.4427083333333333 0.033854166666666664 0.026041666666666668
1 0.6848958333333334 0.5091145833333334 0.03125 0.0234375
1 0.2825520833333333 0.4635416666666667 0.018229166666666668 0.036458333333333336
1 0.6197916666666666 0.4596354166666667 0.028645833333333332 0.026041666666666668
1 0.734375 0.4244791666666667 0.0234375 0.028645833333333332
1 0.64453125 0.5260416666666666 0.036458333333333336 0.026041666666666668
1 0.7486979166666666 0.4440104166666667 0.044270833333333336 0.015625
1 0.484375 0.203125 0.0390625 0.026041666666666668
1 0.6888020833333334 0.25 0.033854166666666664 0.020833333333333332