1 0.4765625 0.3138020833333333 0.0625 0.0625
1 0.6705729166666666 0.89453125 0.078125 0.046875
1 0.3658854166666667 0.3567708333333333 0.0859375 0.0625
1 0.3541666666666667 0.6796875 0.052083333333333336 0.059895833333333336
1 0.63671875 0.6731770833333334 0.07291666666666667 0.0703125
1 0.3606770833333333 0.50390625 0.06510416666666667 0.0625
1 0.34375 0.9427083333333334 0.09375 0.08333333333333333
1 0.6549479166666666 0.4401041666666667 0.078125 0.06770833333333333
1 0.734375 0.6145833333333334 0.08854166666666667 0.0546875
1 0.63671875 0.83203125 0.07552083333333333 0.07291666666666667
1 0.7708333333333334 0.62890625 0.059895833333333336 0.03125
1 0.5013020833333334 0.25 0.10677083333333333 0.06770833333333333
1 0.859375 0.4036458333333333 0.08072916666666667 0.07291666666666667