1 0.484375 0.6549479166666666 0.07291666666666667 0.07291666666666667
1 0.8255208333333334 0.9869791666666666 0.046875 0.026041666666666668
1 0.9296875 0.9947916666666666 0.036458333333333336 0.010416666666666666
1 0.3424479166666667 0.4518229166666667 0.057291666666666664 0.12239583333333333
1 0.8033854166666666 0.6002604166666666 0.059895833333333336 0.109375
1 0.4192708333333333 0.5677083333333334 0.0703125 0.1328125
1 0.46484375 0.48046875 0.06510416666666667 0.10416666666666667
1 0.9322916666666666 0.96875 0.0625 0.0625
1 0.76171875 0.6184895833333334 0.046875 0.109375
1 0.64453125 0.3958333333333333 0.07291666666666667 0.12239583333333333
1 0.4947916666666667 0.578125 0.09635416666666667 0.11197916666666667
1 0.4622395833333333 0.5963541666666666 0.06510416666666667 0.09635416666666667
1 0.4166666666666667 0.37109375 0.0859375 0.059895833333333336
1 0.3723958333333333 0.5065104166666666 0.049479166666666664 0.10416666666666667
1 0.4856770833333333 0.7005208333333334 0.057291666666666664 0.046875
1 0.4166666666666667 0.4153645833333333 0.09114583333333333 0.0625
1 0.4986979166666667 0.4557291666666667 0.07291666666666667 0.1015625
1 0.5143229166666666 0.3125 0.11458333333333333 0.1015625
1 0.3919270833333333 0.6106770833333334 0.049479166666666664 0.052083333333333336
1 0.4127604166666667 0.4908854166666667 0.041666666666666664 0.07291666666666667