1 0.484375 0.5481770833333334 0.036458333333333336 0.044270833333333336
1 0.6927083333333334 0.4921875 0.026041666666666668 0.028645833333333332
1 0.5611979166666666 0.61328125 0.03125 0.0546875
1 0.4622395833333333 0.43359375 0.026041666666666668 0.036458333333333336
1 0.671875 0.49609375 0.03125 0.057291666666666664
1 0.52734375 0.5052083333333334 0.0234375 0.041666666666666664
1 0.7018229166666666 0.4153645833333333 0.03125 0.06770833333333333
1 0.5559895833333334 0.4869791666666667 0.028645833333333332 0.0390625
1 0.4296875 0.27734375 0.041666666666666664 0.049479166666666664
1 0.5716145833333334 0.4908854166666667 0.015625 0.033854166666666664
1 0.55859375 0.4661458333333333 0.026041666666666668 0.028645833333333332
1 0.4713541666666667 0.22005208333333334 0.033854166666666664 0.057291666666666664
1 0.3268229166666667 0.1875 0.0390625 0.033854166666666664
1 0.4609375 0.4088541666666667 0.03125 0.036458333333333336
1 0.6028645833333334 0.6510416666666666 0.036458333333333336 0.052083333333333336
1 0.44140625 0.6067708333333334 0.03125 0.0234375
1 0.44921875 0.3645833333333333 0.03125 0.0390625
1 0.6158854166666666 0.21744791666666666 0.026041666666666668 0.041666666666666664
1 0.5455729166666666 0.54296875 0.020833333333333332 0.0390625
1 0.5325520833333334 0.4609375 0.044270833333333336 0.044270833333333336
1 0.4140625 0.5403645833333334 0.0234375 0.044270833333333336
1 0.4140625 0.5677083333333334 0.033854166666666664 0.049479166666666664
1 0.23046875 0.2864583333333333 0.041666666666666664 0.044270833333333336
1 0.4518229166666667 0.5598958333333334 0.020833333333333332 0.033854166666666664
1 0.3645833333333333 0.4557291666666667 0.026041666666666668 0.044270833333333336
1 0.2721354166666667 0.2643229166666667 0.0234375 0.0390625
1 0.3658854166666667 0.5065104166666666 0.0234375 0.0390625
1 0.2630208333333333 0.2994791666666667 0.036458333333333336 0.036458333333333336
1 0.375 0.17708333333333334 0.036458333333333336 0.033854166666666664