1 0.4895833333333333 0.6432291666666666 0.06510416666666667 0.0546875
1 0.328125 0.2421875 0.046875 0.07291666666666667
1 0.5325520833333334 0.8684895833333334 0.06510416666666667 0.0546875
1 0.37890625 0.5559895833333334 0.07291666666666667 0.036458333333333336
1 0.22395833333333334 0.3541666666666667 0.026041666666666668 0.08333333333333333
1 0.2903645833333333 0.640625 0.036458333333333336 0.07552083333333333
1 0.2864583333333333 0.2864583333333333 0.0546875 0.03125
1 0.3763020833333333 0.3763020833333333 0.0546875 0.08333333333333333
1 0.58984375 0.4778645833333333 0.052083333333333336 0.0546875
1 0.5130208333333334 0.3033854166666667 0.08333333333333333 0.052083333333333336
1 0.4140625 0.4010416666666667 0.049479166666666664 0.0625
1 0.4973958333333333 0.4348958333333333 0.059895833333333336 0.078125
1 0.453125 0.5455729166666666 0.052083333333333336 0.052083333333333336
1 0.4440104166666667 0.4114583333333333 0.033854166666666664 0.0703125
1 0.6471354166666666 0.5598958333333334 0.052083333333333336 0.033854166666666664
1 0.5234375 0.6888020833333334 0.033854166666666664 0.07552083333333333
1 0.7057291666666666 0.5833333333333334 0.0625 0.07291666666666667
1 0.5 0.5885416666666666 0.046875 0.06770833333333333
1 0.2890625 0.5494791666666666 0.0390625 0.0703125
1 0.640625 0.5377604166666666 0.026041666666666668 0.03125
1 0.47265625 0.7591145833333334 0.041666666666666664 0.078125
1 0.3372395833333333 0.44140625 0.052083333333333336 0.0390625
1 0.55859375 0.4518229166666667 0.057291666666666664 0.0390625
1 0.2682291666666667 0.5143229166666666 0.059895833333333336 0.026041666666666668
1 0.19140625 0.21354166666666666 0.0546875 0.078125