1 0.3619791666666667 0.4192708333333333 0.0234375 0.0390625
1 0.3489583333333333 0.52734375 0.026041666666666668 0.0234375
1 0.34375 0.5481770833333334 0.033854166666666664 0.028645833333333332
1 0.14973958333333334 0.4635416666666667 0.0390625 0.033854166666666664
1 0.453125 0.4127604166666667 0.044270833333333336 0.033854166666666664
1 0.2578125 0.47265625 0.026041666666666668 0.0390625
1 0.18880208333333334 0.5872395833333334 0.020833333333333332 0.041666666666666664
1 0.3515625 0.7643229166666666 0.036458333333333336 0.052083333333333336
1 0.3072916666666667 0.83984375 0.036458333333333336 0.046875
1 0.2578125 0.58984375 0.03125 0.0390625
1 0.2916666666666667 0.34375 0.020833333333333332 0.046875
1 0.32421875 0.4596354166666667 0.0390625 0.03125
1 0.12760416666666666 0.59765625 0.036458333333333336 0.026041666666666668
1 0.2890625 0.6549479166666666 0.026041666666666668 0.018229166666666668
1 0.2643229166666667 0.56640625 0.03125 0.0234375
1 0.3020833333333333 0.4049479166666667 0.026041666666666668 0.046875