1 0.059895833333333336 0.87109375 0.0234375 0.057291666666666664
1 0.4817708333333333 0.3098958333333333 0.0234375 0.0625
1 0.4765625 0.38671875 0.0234375 0.052083333333333336
1 0.3528645833333333 0.6901041666666666 0.036458333333333336 0.028645833333333332
1 0.3984375 0.671875 0.0390625 0.036458333333333336
1 0.8268229166666666 0.13932291666666666 0.049479166666666664 0.041666666666666664
1 0.671875 0.3411458333333333 0.06510416666666667 0.0390625
1 0.62890625 0.13541666666666666 0.044270833333333336 0.044270833333333336
1 0.30859375 0.4908854166666667 0.041666666666666664 0.046875
1 0.09114583333333333 0.7291666666666666 0.033854166666666664 0.057291666666666664
1 0.5247395833333334 0.265625 0.020833333333333332 0.057291666666666664
1 0.6432291666666666 0.059895833333333336 0.046875 0.033854166666666664
1 0.22395833333333334 0.2109375 0.0234375 0.057291666666666664
1 0.3645833333333333 0.5963541666666666 0.033854166666666664 0.0390625
1 0.5377604166666666 0.7096354166666666 0.028645833333333332 0.0703125
1 0.60546875 0.6940104166666666 0.0625 0.052083333333333336
1 0.7903645833333334 0.11067708333333333 0.044270833333333336 0.052083333333333336
1 0.91015625 0.19791666666666666 0.059895833333333336 0.0625
1 0.22005208333333334 0.7096354166666666 0.0390625 0.08072916666666667
1 0.6653645833333334 0.09635416666666667 0.020833333333333332 0.0625
1 0.24609375 0.21354166666666666 0.03125 0.057291666666666664
1 0.3255208333333333 0.23046875 0.03125 0.0390625
1 0.42578125 0.4088541666666667 0.036458333333333336 0.059895833333333336
1 0.33203125 0.4075520833333333 0.020833333333333332 0.049479166666666664
1 0.3190104166666667 0.4049479166666667 0.036458333333333336 0.028645833333333332
1 0.5 0.625 0.033854166666666664 0.057291666666666664
1 0.72265625 0.08203125 0.044270833333333336 0.044270833333333336
1 0.5364583333333334 0.6380208333333334 0.041666666666666664 0.049479166666666664
1 0.3033854166666667 0.5598958333333334 0.033854166666666664 0.046875
1 0.3177083333333333 0.6770833333333334 0.026041666666666668 0.0234375
1 0.3190104166666667 0.875 0.0390625 0.03125
1 0.057291666666666664 0.8151041666666666 0.033854166666666664 0.057291666666666664
1 0.5690104166666666 0.6380208333333334 0.049479166666666664 0.057291666666666664
1 0.8072916666666666 0.16276041666666666 0.046875 0.052083333333333336
1 0.6393229166666666 0.3046875 0.044270833333333336 0.078125
1 0.47265625 0.25 0.03125 0.057291666666666664
1 0.4583333333333333 0.3541666666666667 0.044270833333333336 0.049479166666666664
1 0.4856770833333333 0.3190104166666667 0.046875 0.0390625
1 0.50390625 0.2786458333333333 0.015625 0.057291666666666664
1 0.44140625 0.4140625 0.018229166666666668 0.0625
1 0.2604166666666667 0.8828125 0.041666666666666664 0.046875
1 0.30078125 0.63671875 0.049479166666666664 0.03125
1 0.6276041666666666 0.8958333333333334 0.020833333333333332 0.06510416666666667
1 0.8684895833333334 0.3229166666666667 0.06510416666666667 0.052083333333333336
1 0.3984375 0.41796875 0.0390625 0.044270833333333336
1 0.3151041666666667 0.3684895833333333 0.044270833333333336 0.028645833333333332
1 0.29296875 0.8020833333333334 0.046875 0.036458333333333336
1 0.15104166666666666 0.6901041666666666 0.036458333333333336 0.049479166666666664
1 0.6888020833333334 0.0703125 0.028645833333333332 0.0625
1 0.4505208333333333 0.4375 0.020833333333333332 0.052083333333333336
1 0.3671875 0.5208333333333334 0.020833333333333332 0.044270833333333336
1 0.7643229166666666 0.16927083333333334 0.044270833333333336 0.020833333333333332
1 0.3723958333333333 0.34375 0.0390625 0.059895833333333336
1 0.7799479166666666 0.18359375 0.046875 0.026041666666666668
1 0.5130208333333334 0.8919270833333334 0.052083333333333336 0.046875
1 0.4075520833333333 0.7161458333333334 0.044270833333333336 0.06510416666666667
1 0.6497395833333334 0.90234375 0.049479166666666664 0.08333333333333333
1 0.6341145833333334 0.7643229166666666 0.036458333333333336 0.0859375
1 0.6536458333333334 0.5625 0.036458333333333336 0.08072916666666667
1 0.8203125 0.6041666666666666 0.0390625 0.08333333333333333
1 0.8619791666666666 0.17578125 0.0546875 0.0625
1 0.5807291666666666 0.18880208333333334 0.0390625 0.06510416666666667
1 0.3984375 0.07552083333333333 0.041666666666666664 0.078125
1 0.51171875 0.3072916666666667 0.033854166666666664 0.044270833333333336
1 0.20052083333333334 0.9635416666666666 0.0390625 0.03125
1 0.3567708333333333 0.6640625 0.036458333333333336 0.033854166666666664
1 0.13671875 0.7552083333333334 0.057291666666666664 0.06770833333333333