1 0.5234375 0.6510416666666666 0.08072916666666667 0.10677083333333333
1 0.5221354166666666 0.75390625 0.057291666666666664 0.078125
1 0.4739583333333333 0.5989583333333334 0.03125 0.1328125
1 0.2994791666666667 0.9622395833333334 0.052083333333333336 0.046875
1 0.3723958333333333 0.3697916666666667 0.046875 0.08333333333333333
1 0.4830729166666667 0.2643229166666667 0.033854166666666664 0.03125
1 0.546875 0.14192708333333334 0.059895833333333336 0.078125
1 0.7096354166666666 0.5403645833333334 0.08072916666666667 0.041666666666666664
1 0.07552083333333333 0.2643229166666667 0.03125 0.09635416666666667
1 0.5078125 0.3138020833333333 0.07291666666666667 0.06770833333333333
1 0.34765625 0.5013020833333334 0.06770833333333333 0.11979166666666667
1 0.5013020833333334 0.4361979166666667 0.046875 0.16145833333333334