1 0.6315104166666666 0.3684895833333333 0.036458333333333336 0.07552083333333333
1 0.76171875 0.22786458333333334 0.028645833333333332 0.026041666666666668
1 0.6848958333333334 0.4010416666666667 0.036458333333333336 0.052083333333333336
1 0.6783854166666666 0.4348958333333333 0.046875 0.041666666666666664
1 0.671875 0.5885416666666666 0.044270833333333336 0.028645833333333332
1 0.9934895833333334 0.67578125 0.013020833333333334 0.033854166666666664
1 0.4661458333333333 0.3984375 0.0390625 0.06510416666666667
1 0.5677083333333334 0.5651041666666666 0.041666666666666664 0.049479166666666664
1 0.609375 0.359375 0.03125 0.028645833333333332
1 0.6341145833333334 0.6471354166666666 0.046875 0.0390625
1 0.23177083333333334 0.69140625 0.046875 0.06510416666666667
1 0.6419270833333334 0.5442708333333334 0.033854166666666664 0.046875
1 0.515625 0.65234375 0.036458333333333336 0.052083333333333336
1 0.4817708333333333 0.2760416666666667 0.041666666666666664 0.041666666666666664
1 0.6588541666666666 0.6041666666666666 0.041666666666666664 0.036458333333333336
1 0.6432291666666666 0.578125 0.049479166666666664 0.0390625