1 0.5638020833333334 0.54296875 0.0625 0.07291666666666667
1 0.7864583333333334 0.8307291666666666 0.044270833333333336 0.0703125
1 0.7330729166666666 0.6640625 0.041666666666666664 0.08072916666666667
1 0.5 0.5052083333333334 0.057291666666666664 0.078125
1 0.7486979166666666 0.59375 0.059895833333333336 0.13020833333333334
1 0.5872395833333334 0.5078125 0.046875 0.0703125
1 0.5651041666666666 0.2578125 0.059895833333333336 0.07291666666666667
1 0.7239583333333334 0.5833333333333334 0.046875 0.078125
1 0.6302083333333334 0.671875 0.052083333333333336 0.057291666666666664
1 0.6106770833333334 0.546875 0.07291666666666667 0.052083333333333336
1 0.5299479166666666 0.3736979166666667 0.052083333333333336 0.057291666666666664
1 0.5403645833333334 0.4635416666666667 0.0390625 0.059895833333333336
1 0.7708333333333334 0.7916666666666666 0.0625 0.09895833333333333
1 0.7669270833333334 0.7473958333333334 0.036458333333333336 0.078125
1 0.3567708333333333 0.6263020833333334 0.06770833333333333 0.08333333333333333
1 0.6380208333333334 0.5299479166666666 0.0546875 0.059895833333333336
1 0.7434895833333334 0.6497395833333334 0.044270833333333336 0.1015625