1 0.2799479166666667 0.5833333333333334 0.052083333333333336 0.049479166666666664
1 0.13020833333333334 0.55859375 0.07291666666666667 0.052083333333333336
1 0.9075520833333334 0.5455729166666666 0.0703125 0.059895833333333336
1 0.8151041666666666 0.67578125 0.09375 0.0546875
1 0.4791666666666667 0.3489583333333333 0.07291666666666667 0.041666666666666664
1 0.6393229166666666 0.5364583333333334 0.059895833333333336 0.057291666666666664
1 0.6263020833333334 0.2513020833333333 0.08333333333333333 0.041666666666666664
1 0.5911458333333334 0.3736979166666667 0.0546875 0.057291666666666664
1 0.6341145833333334 0.17057291666666666 0.0625 0.0546875
1 0.4231770833333333 0.7018229166666666 0.049479166666666664 0.049479166666666664
1 0.50390625 0.4440104166666667 0.057291666666666664 0.057291666666666664
1 0.3841145833333333 0.453125 0.08072916666666667 0.041666666666666664
1 0.6744791666666666 0.3671875 0.07291666666666667 0.041666666666666664
1 0.515625 0.7252604166666666 0.06770833333333333 0.057291666666666664
1 0.4231770833333333 0.609375 0.07552083333333333 0.052083333333333336
1 0.3333333333333333 0.5377604166666666 0.06510416666666667 0.0625