1 0.8528645833333334 0.9544270833333334 0.03125 0.059895833333333336
1 0.5572916666666666 0.3190104166666667 0.03125 0.06510416666666667
1 0.546875 0.39453125 0.028645833333333332 0.0546875
1 0.6041666666666666 0.7161458333333334 0.0390625 0.033854166666666664
1 0.5625 0.6901041666666666 0.044270833333333336 0.041666666666666664
1 0.2552083333333333 0.078125 0.0546875 0.046875
1 0.3645833333333333 0.30859375 0.0703125 0.049479166666666664
1 0.44921875 0.1171875 0.049479166666666664 0.049479166666666664
1 0.6888020833333334 0.53125 0.046875 0.049479166666666664
1 0.8528645833333334 0.8098958333333334 0.041666666666666664 0.059895833333333336
1 0.5247395833333334 0.2643229166666667 0.028645833333333332 0.059895833333333336
1 0.4518229166666667 0.0390625 0.049479166666666664 0.0390625
1 0.8307291666666666 0.2747395833333333 0.03125 0.059895833333333336
1 0.6119791666666666 0.6223958333333334 0.0390625 0.044270833333333336
1 0.4192708333333333 0.6966145833333334 0.0390625 0.07291666666666667
1 0.3567708333333333 0.66796875 0.06770833333333333 0.059895833333333336
1 0.2981770833333333 0.05859375 0.052083333333333336 0.057291666666666664
1 0.16145833333333334 0.11848958333333333 0.06770833333333333 0.0703125
1 0.73046875 0.7630208333333334 0.049479166666666664 0.0859375
1 0.421875 0.07161458333333333 0.03125 0.06510416666666667
1 0.80859375 0.2721354166666667 0.0390625 0.0625
1 0.7265625 0.2734375 0.033854166666666664 0.044270833333333336
1 0.5911458333333334 0.42578125 0.044270833333333336 0.06510416666666667
1 0.6822916666666666 0.4453125 0.028645833333333332 0.052083333333333336
1 0.6966145833333334 0.4453125 0.0390625 0.033854166666666664
1 0.4739583333333333 0.6223958333333334 0.041666666666666664 0.059895833333333336
1 0.3684895833333333 0.044270833333333336 0.049479166666666664 0.049479166666666664
1 0.4348958333333333 0.6276041666666666 0.046875 0.0546875
1 0.6796875 0.5989583333333334 0.0390625 0.049479166666666664
1 0.640625 0.7109375 0.028645833333333332 0.026041666666666668
1 0.5989583333333334 0.9049479166666666 0.041666666666666664 0.036458333333333336
1 0.8671875 0.9010416666666666 0.041666666666666664 0.0625
1 0.4036458333333333 0.62109375 0.057291666666666664 0.0625
1 0.26953125 0.10677083333333333 0.052083333333333336 0.057291666666666664
1 0.4036458333333333 0.2799479166666667 0.052083333333333336 0.08333333333333333
1 0.5794270833333334 0.26171875 0.0390625 0.059895833333333336
1 0.5716145833333334 0.3658854166666667 0.049479166666666664 0.0546875
1 0.5520833333333334 0.3255208333333333 0.052083333333333336 0.044270833333333336
1 0.5416666666666666 0.2825520833333333 0.0234375 0.059895833333333336
1 0.57421875 0.4283854166666667 0.028645833333333332 0.06510416666666667
1 0.6549479166666666 0.9244791666666666 0.046875 0.052083333333333336
1 0.6666666666666666 0.6744791666666666 0.052083333333333336 0.0390625
1 0.29296875 0.8606770833333334 0.028645833333333332 0.06770833333333333
1 0.17708333333333334 0.25 0.07291666666666667 0.059895833333333336
1 0.6158854166666666 0.44140625 0.044270833333333336 0.049479166666666664
1 0.70703125 0.41015625 0.046875 0.033854166666666664
1 0.640625 0.8385416666666666 0.049479166666666664 0.041666666666666664
1 0.8020833333333334 0.7578125 0.041666666666666664 0.052083333333333336
1 0.4049479166666667 0.040364583333333336 0.036458333333333336 0.06510416666666667
1 0.5625 0.44921875 0.028645833333333332 0.0546875
1 0.625 0.5481770833333334 0.026041666666666668 0.046875
1 0.3098958333333333 0.12109375 0.046875 0.026041666666666668
1 0.6575520833333334 0.3723958333333333 0.046875 0.06510416666666667
1 0.29296875 0.1328125 0.049479166666666664 0.03125
1 0.40625 0.8802083333333334 0.057291666666666664 0.052083333333333336
1 0.5455729166666666 0.73046875 0.052083333333333336 0.0703125
1 0.26953125 0.8619791666666666 0.059895833333333336 0.08854166666666667
1 0.3138020833333333 0.73046875 0.046875 0.08854166666666667
1 0.3359375 0.5286458333333334 0.046875 0.08333333333333333
1 0.1640625 0.53515625 0.049479166666666664 0.08854166666666667
1 0.21354166666666666 0.10677083333333333 0.0625 0.06770833333333333
1 0.4856770833333333 0.17838541666666666 0.049479166666666664 0.0703125
1 0.6875 0.10546875 0.049479166666666664 0.08333333333333333
1 0.5286458333333334 0.3098958333333333 0.0390625 0.046875
1 0.6067708333333334 0.6901041666666666 0.0390625 0.0390625
1 0.8020833333333334 0.8255208333333334 0.06510416666666667 0.07291666666666667