1 0.4283854166666667 0.3268229166666667 0.059895833333333336 0.059895833333333336
1 0.7669270833333334 0.8372395833333334 0.078125 0.046875
1 0.3333333333333333 0.3958333333333333 0.0859375 0.059895833333333336
1 0.4049479166666667 0.7109375 0.052083333333333336 0.057291666666666664
1 0.67578125 0.6315104166666666 0.0703125 0.06770833333333333
1 0.3658854166666667 0.5403645833333334 0.06510416666666667 0.0625
1 0.4622395833333333 0.9635416666666666 0.09114583333333333 0.07291666666666667
1 0.6341145833333334 0.40234375 0.07552083333333333 0.06510416666666667
1 0.7552083333333334 0.5494791666666666 0.08854166666666667 0.0546875
1 0.7174479166666666 0.78515625 0.07291666666666667 0.07291666666666667
1 0.7955729166666666 0.5546875 0.059895833333333336 0.03125
1 0.4361979166666667 0.2591145833333333 0.10677083333333333 0.06510416666666667
1 0.8216145833333334 0.3138020833333333 0.078125 0.07291666666666667