0 0.10416666666666667 0.5859375 0.17447916666666666 0.2786458333333333
0 0.5859375 0.24088541666666666 0.23177083333333334 0.21614583333333334
0 0.7369791666666666 0.5520833333333334 0.20572916666666666 0.2421875
0 0.8541666666666666 0.2864583333333333 0.2265625 0.20572916666666666
0 0.56640625 0.4817708333333333 0.25 0.2109375
0 0.4817708333333333 0.15364583333333334 0.20572916666666666 0.16666666666666666
0 0.8932291666666666 0.4544270833333333 0.21354166666666666 0.3307291666666667
0 0.2994791666666667 0.6692708333333334 0.265625 0.2578125
0 0.5651041666666666 0.8385416666666666 0.2630208333333333 0.2682291666666667
0 0.5286458333333334 0.90234375 0.22395833333333334 0.1953125
0 0.7174479166666666 0.2578125 0.23177083333333334 0.3072916666666667