1 0.4544270833333333 0.4140625 0.0390625 0.026041666666666668
1 0.4401041666666667 0.2669270833333333 0.041666666666666664 0.015625
1 0.4427083333333333 0.4427083333333333 0.033854166666666664 0.028645833333333332
1 0.4596354166666667 0.4895833333333333 0.0390625 0.044270833333333336
1 0.4205729166666667 0.3111979166666667 0.0546875 0.0234375
1 0.39453125 0.3098958333333333 0.049479166666666664 0.020833333333333332
1 0.4114583333333333 0.24479166666666666 0.036458333333333336 0.036458333333333336
1 0.4713541666666667 0.234375 0.036458333333333336 0.033854166666666664
1 0.48046875 0.19921875 0.041666666666666664 0.033854166666666664
1 0.4661458333333333 0.4231770833333333 0.018229166666666668 0.033854166666666664
1 0.4231770833333333 0.3229166666666667 0.049479166666666664 0.013020833333333334
1 0.46484375 0.21875 0.044270833333333336 0.0234375
1 0.5091145833333334 0.25390625 0.0546875 0.018229166666666668
1 0.4479166666666667 0.24739583333333334 0.028645833333333332 0.033854166666666664
1 0.45703125 0.16015625 0.036458333333333336 0.03125
1 0.4934895833333333 0.1484375 0.049479166666666664 0.033854166666666664
1 0.4830729166666667 0.4231770833333333 0.026041666666666668 0.041666666666666664
1 0.57421875 0.17578125 0.028645833333333332 0.046875