1 0.4765625 0.2877604166666667 0.041666666666666664 0.08072916666666667
1 0.42578125 0.3828125 0.041666666666666664 0.06770833333333333
1 0.15234375 0.30859375 0.0546875 0.0390625
1 0.4700520833333333 0.63671875 0.052083333333333336 0.0390625
1 0.3841145833333333 0.0234375 0.049479166666666664 0.046875
1 0.5104166666666666 0.28125 0.033854166666666664 0.07291666666666667
1 0.5260416666666666 0.3255208333333333 0.03125 0.0546875
1 0.3385416666666667 0.22135416666666666 0.049479166666666664 0.06510416666666667
1 0.4518229166666667 0.640625 0.052083333333333336 0.046875
1 0.65234375 0.4036458333333333 0.046875 0.0625
1 0.2799479166666667 0.296875 0.052083333333333336 0.07291666666666667
1 0.4075520833333333 0.33984375 0.049479166666666664 0.057291666666666664
1 0.5260416666666666 0.3971354166666667 0.03125 0.0625
1 0.83203125 0.4557291666666667 0.036458333333333336 0.057291666666666664
1 0.6861979166666666 0.3880208333333333 0.041666666666666664 0.06770833333333333
1 0.5390625 0.2825520833333333 0.046875 0.041666666666666664
1 0.6119791666666666 0.3372395833333333 0.0390625 0.059895833333333336
1 0.3736979166666667 0.3346354166666667 0.044270833333333336 0.0390625
1 0.44921875 0.4765625 0.059895833333333336 0.08072916666666667
1 0.5885416666666666 0.3606770833333333 0.041666666666666664 0.049479166666666664
1 0.6315104166666666 0.3463541666666667 0.033854166666666664 0.046875
1 0.4856770833333333 0.3919270833333333 0.036458333333333336 0.036458333333333336
1 0.5013020833333334 0.3515625 0.044270833333333336 0.057291666666666664
1 0.54296875 0.3919270833333333 0.026041666666666668 0.0625
1 0.3385416666666667 0.3294270833333333 0.036458333333333336 0.057291666666666664
1 0.3828125 0.2578125 0.052083333333333336 0.03125
1 0.3671875 0.052083333333333336 0.059895833333333336 0.036458333333333336
1 0.53515625 0.22395833333333334 0.046875 0.057291666666666664
1 0.62890625 0.390625 0.06770833333333333 0.0546875
1 0.5390625 0.3528645833333333 0.0390625 0.0390625
1 0.4231770833333333 0.3541666666666667 0.052083333333333336 0.07552083333333333
1 0.5065104166666666 0.3997395833333333 0.028645833333333332 0.044270833333333336
1 0.5716145833333334 0.35546875 0.046875 0.059895833333333336
1 0.453125 0.67578125 0.046875 0.046875
1 0.5638020833333334 0.25390625 0.03125 0.0625
1 0.3502604166666667 0.2955729166666667 0.020833333333333332 0.052083333333333336
1 0.42578125 0.3046875 0.041666666666666664 0.06770833333333333
1 0.5598958333333334 0.3971354166666667 0.0390625 0.057291666666666664
1 0.4765625 0.3645833333333333 0.049479166666666664 0.041666666666666664
1 0.75 0.5221354166666666 0.0546875 0.052083333333333336
1 0.1328125 0.2864583333333333 0.07552083333333333 0.044270833333333336