1 0.4947916666666667 0.6328125 0.0390625 0.036458333333333336
1 0.5130208333333334 0.5677083333333334 0.041666666666666664 0.028645833333333332
1 0.4609375 0.5559895833333334 0.03125 0.03125
1 0.4622395833333333 0.53125 0.03125 0.028645833333333332
1 0.6041666666666666 0.5065104166666666 0.0390625 0.033854166666666664
1 0.3828125 0.6197916666666666 0.0234375 0.046875
1 0.54296875 0.5755208333333334 0.028645833333333332 0.0234375
1 0.4205729166666667 0.72265625 0.0390625 0.036458333333333336
1 0.4309895833333333 0.5598958333333334 0.033854166666666664 0.026041666666666668
1 0.5390625 0.5690104166666666 0.0390625 0.033854166666666664
1 0.5703125 0.7669270833333334 0.0390625 0.046875
1 0.4765625 0.76171875 0.0390625 0.046875
1 0.4375 0.578125 0.041666666666666664 0.036458333333333336
1 0.5013020833333334 0.6484375 0.0390625 0.036458333333333336
1 0.3619791666666667 0.625 0.044270833333333336 0.046875
1 0.40625 0.7721354166666666 0.036458333333333336 0.052083333333333336
1 0.4127604166666667 0.6979166666666666 0.041666666666666664 0.033854166666666664
1 0.4244791666666667 0.4322916666666667 0.018229166666666668 0.0234375
1 0.46484375 0.4296875 0.0390625 0.044270833333333336
1 0.53125 0.62890625 0.0390625 0.046875
1 0.3971354166666667 0.62109375 0.044270833333333336 0.059895833333333336
1 0.4505208333333333 0.7057291666666666 0.044270833333333336 0.078125
1 0.5651041666666666 0.57421875 0.041666666666666664 0.052083333333333336
1 0.5091145833333334 0.5950520833333334 0.036458333333333336 0.036458333333333336
1 0.4973958333333333 0.6783854166666666 0.049479166666666664 0.0390625
1 0.3736979166666667 0.5846354166666666 0.044270833333333336 0.044270833333333336
1 0.5390625 0.6028645833333334 0.041666666666666664 0.052083333333333336
1 0.4765625 0.5651041666666666 0.049479166666666664 0.044270833333333336
1 0.5442708333333334 0.6692708333333334 0.036458333333333336 0.046875
1 0.42578125 0.765625 0.033854166666666664 0.0546875