1 0.5013020833333334 0.3229166666666667 0.03125 0.03125
1 0.4986979166666667 0.5 0.03125 0.015625
1 0.3411458333333333 0.2838541666666667 0.03125 0.018229166666666668
1 0.52734375 0.5963541666666666 0.0234375 0.026041666666666668
1 0.2513020833333333 0.4947916666666667 0.0390625 0.018229166666666668
1 0.3541666666666667 0.578125 0.018229166666666668 0.026041666666666668
1 0.74609375 0.3697916666666667 0.028645833333333332 0.028645833333333332
1 0.578125 0.3645833333333333 0.036458333333333336 0.020833333333333332
1 0.6380208333333334 0.21484375 0.03125 0.03125
1 0.2877604166666667 0.5026041666666666 0.028645833333333332 0.028645833333333332
1 0.6809895833333334 0.4348958333333333 0.03125 0.020833333333333332
1 0.4596354166666667 0.44921875 0.020833333333333332 0.026041666666666668
1 0.6067708333333334 0.4609375 0.0234375 0.020833333333333332
1 0.69140625 0.4166666666666667 0.033854166666666664 0.020833333333333332
1 0.24088541666666666 0.55078125 0.036458333333333336 0.018229166666666668
1 0.58203125 0.3971354166666667 0.0234375 0.033854166666666664
1 0.3502604166666667 0.21614583333333334 0.0390625 0.018229166666666668
1 0.359375 0.34765625 0.0390625 0.018229166666666668
1 0.50390625 0.56640625 0.033854166666666664 0.015625
1 0.3229166666666667 0.5794270833333334 0.033854166666666664 0.018229166666666668
1 0.3125 0.203125 0.0390625 0.015625
1 0.4466145833333333 0.28125 0.028645833333333332 0.013020833333333334
1 0.3294270833333333 0.19140625 0.052083333333333336 0.026041666666666668
1 0.4231770833333333 0.6419270833333334 0.033854166666666664 0.018229166666666668
1 0.19791666666666666 0.5533854166666666 0.028645833333333332 0.015625
1 0.4036458333333333 0.3151041666666667 0.033854166666666664 0.015625
1 0.5559895833333334 0.4583333333333333 0.026041666666666668 0.028645833333333332
1 0.2994791666666667 0.1484375 0.026041666666666668 0.036458333333333336
1 0.54296875 0.3658854166666667 0.036458333333333336 0.026041666666666668
1 0.5598958333333334 0.4986979166666667 0.020833333333333332 0.026041666666666668
1 0.13411458333333334 0.4596354166666667 0.0390625 0.018229166666666668
1 0.4830729166666667 0.30859375 0.03125 0.041666666666666664
1 0.6861979166666666 0.45703125 0.03125 0.013020833333333334
1 0.39453125 0.46875 0.028645833333333332 0.028645833333333332
1 0.453125 0.5208333333333334 0.03125 0.0234375
1 0.5494791666666666 0.3958333333333333 0.026041666666666668 0.020833333333333332
1 0.21744791666666666 0.5442708333333334 0.0234375 0.026041666666666668
1 0.75 0.40625 0.020833333333333332 0.028645833333333332
1 0.2981770833333333 0.3776041666666667 0.015625 0.026041666666666668
1 0.6458333333333334 0.5625 0.026041666666666668 0.018229166666666668
1 0.4973958333333333 0.20703125 0.033854166666666664 0.020833333333333332
1 0.703125 0.27734375 0.033854166666666664 0.020833333333333332
1 0.3372395833333333 0.5026041666666666 0.044270833333333336 0.018229166666666668
1 0.21354166666666666 0.5130208333333334 0.028645833333333332 0.028645833333333332
1 0.7669270833333334 0.2903645833333333 0.026041666666666668 0.033854166666666664
1 0.3229166666666667 0.2994791666666667 0.0390625 0.020833333333333332
1 0.40625 0.6510416666666666 0.036458333333333336 0.015625
1 0.6028645833333334 0.6002604166666666 0.028645833333333332 0.026041666666666668
1 0.25 0.4140625 0.036458333333333336 0.020833333333333332
1 0.8033854166666666 0.5247395833333334 0.036458333333333336 0.026041666666666668
1 0.296875 0.3359375 0.026041666666666668 0.0390625
1 0.6848958333333334 0.5481770833333334 0.03125 0.013020833333333334
1 0.21614583333333334 0.3541666666666667 0.018229166666666668 0.028645833333333332
1 0.3958333333333333 0.6106770833333334 0.036458333333333336 0.018229166666666668
1 0.4427083333333333 0.19661458333333334 0.028645833333333332 0.028645833333333332
1 0.22005208333333334 0.3802083333333333 0.0390625 0.028645833333333332
1 0.6627604166666666 0.24739583333333334 0.018229166666666668 0.033854166666666664
1 0.5299479166666666 0.4375 0.026041666666666668 0.03125
1 0.5416666666666666 0.4765625 0.036458333333333336 0.026041666666666668
1 0.3997395833333333 0.4583333333333333 0.0234375 0.0234375
1 0.6796875 0.4270833333333333 0.036458333333333336 0.013020833333333334
1 0.6328125 0.5442708333333334 0.036458333333333336 0.015625
1 0.3893229166666667 0.3502604166666667 0.028645833333333332 0.028645833333333332
1 0.24088541666666666 0.39453125 0.028645833333333332 0.020833333333333332
1 0.63671875 0.3828125 0.020833333333333332 0.026041666666666668
1 0.3541666666666667 0.49609375 0.0390625 0.018229166666666668
1 0.5234375 0.4908854166666667 0.036458333333333336 0.0234375
1 0.3580729166666667 0.3697916666666667 0.0390625 0.036458333333333336
1 0.4088541666666667 0.27734375 0.028645833333333332 0.020833333333333332
1 0.59375 0.5885416666666666 0.036458333333333336 0.028645833333333332
1 0.5026041666666666 0.5182291666666666 0.0234375 0.028645833333333332
1 0.6731770833333334 0.2799479166666667 0.03125 0.0234375
1 0.63671875 0.4075520833333333 0.03125 0.026041666666666668
1 0.3723958333333333 0.3854166666666667 0.020833333333333332 0.026041666666666668
1 0.4127604166666667 0.63671875 0.028645833333333332 0.0234375
1 0.5729166666666666 0.5520833333333334 0.03125 0.0234375
1 0.265625 0.2265625 0.028645833333333332 0.0390625
1 0.22265625 0.2591145833333333 0.041666666666666664 0.03125
1 0.5065104166666666 0.3919270833333333 0.036458333333333336 0.020833333333333332
1 0.3138020833333333 0.6197916666666666 0.03125 0.026041666666666668
1 0.2877604166666667 0.24088541666666666 0.049479166666666664 0.0234375
1 0.4596354166666667 0.5 0.020833333333333332 0.028645833333333332
1 0.49609375 0.18880208333333334 0.036458333333333336 0.020833333333333332
1 0.7161458333333334 0.3307291666666667 0.028645833333333332 0.0234375
1 0.6966145833333334 0.6341145833333334 0.044270833333333336 0.028645833333333332
1 0.3606770833333333 0.2578125 0.020833333333333332 0.03125
1 0.62890625 0.23697916666666666 0.036458333333333336 0.036458333333333336
1 0.7799479166666666 0.3372395833333333 0.020833333333333332 0.033854166666666664
1 0.14713541666666666 0.4440104166666667 0.015625 0.0234375
1 0.22526041666666666 0.5677083333333334 0.041666666666666664 0.026041666666666668
1 0.5494791666666666 0.21614583333333334 0.041666666666666664 0.026041666666666668
1 0.6119791666666666 0.4830729166666667 0.033854166666666664 0.013020833333333334
1 0.5325520833333334 0.5520833333333334 0.018229166666666668 0.026041666666666668
1 0.5729166666666666 0.5846354166666666 0.015625 0.026041666666666668
1 0.7708333333333334 0.4036458333333333 0.033854166666666664 0.018229166666666668
1 0.66015625 0.4583333333333333 0.028645833333333332 0.026041666666666668
1 0.7200520833333334 0.24609375 0.0390625 0.018229166666666668
1 0.2734375 0.37109375 0.033854166666666664 0.026041666666666668
1 0.3802083333333333 0.30078125 0.028645833333333332 0.018229166666666668
1 0.6940104166666666 0.48828125 0.020833333333333332 0.028645833333333332
1 0.65625 0.4830729166666667 0.026041666666666668 0.026041666666666668
1 0.3151041666666667 0.35546875 0.018229166666666668 0.036458333333333336
1 0.4453125 0.4153645833333333 0.036458333333333336 0.018229166666666668
1 0.5859375 0.2890625 0.018229166666666668 0.03125
1 0.5716145833333334 0.33984375 0.028645833333333332 0.020833333333333332
1 0.7734375 0.53515625 0.026041666666666668 0.020833333333333332
1 0.3984375 0.20442708333333334 0.03125 0.028645833333333332
1 0.7369791666666666 0.3046875 0.033854166666666664 0.033854166666666664
1 0.2838541666666667 0.41015625 0.033854166666666664 0.0234375
1 0.8138020833333334 0.5208333333333334 0.033854166666666664 0.0234375
1 0.2565104166666667 0.53125 0.026041666666666668 0.026041666666666668
1 0.3541666666666667 0.5364583333333334 0.020833333333333332 0.028645833333333332
1 0.4010416666666667 0.2708333333333333 0.033854166666666664 0.0234375
1 0.5455729166666666 0.578125 0.0390625 0.018229166666666668
1 0.2578125 0.5078125 0.033854166666666664 0.0234375
1 0.5286458333333334 0.40234375 0.033854166666666664 0.0234375
1 0.6158854166666666 0.4908854166666667 0.03125 0.013020833333333334
1 0.3671875 0.4583333333333333 0.033854166666666664 0.0234375
1 0.3359375 0.4752604166666667 0.026041666666666668 0.020833333333333332
1 0.6940104166666666 0.20833333333333334 0.03125 0.044270833333333336
1 0.328125 0.6223958333333334 0.020833333333333332 0.026041666666666668
1 0.71484375 0.4752604166666667 0.0234375 0.03125
1 0.4895833333333333 0.23046875 0.033854166666666664 0.0234375
1 0.4622395833333333 0.43359375 0.033854166666666664 0.015625
1 0.4348958333333333 0.5559895833333334 0.036458333333333336 0.0234375
1 0.4505208333333333 0.5768229166666666 0.026041666666666668 0.028645833333333332
1 0.55078125 0.5989583333333334 0.018229166666666668 0.03125
1 0.2877604166666667 0.21875 0.0234375 0.033854166666666664
1 0.7083333333333334 0.296875 0.028645833333333332 0.033854166666666664
1 0.19140625 0.37109375 0.026041666666666668 0.03125
1 0.13020833333333334 0.5794270833333334 0.020833333333333332 0.03125
1 0.3489583333333333 0.3098958333333333 0.028645833333333332 0.028645833333333332
1 0.51171875 0.23046875 0.033854166666666664 0.028645833333333332
1 0.3567708333333333 0.6432291666666666 0.028645833333333332 0.028645833333333332
1 0.5794270833333334 0.3489583333333333 0.03125 0.028645833333333332
1 0.5729166666666666 0.53125 0.0234375 0.028645833333333332
1 0.2747395833333333 0.5481770833333334 0.0234375 0.03125
1 0.77734375 0.5169270833333334 0.036458333333333336 0.0234375
1 0.51953125 0.6328125 0.028645833333333332 0.015625
1 0.328125 0.5325520833333334 0.036458333333333336 0.0234375
1 0.62109375 0.5169270833333334 0.026041666666666668 0.028645833333333332
1 0.3098958333333333 0.4674479166666667 0.033854166666666664 0.028645833333333332
1 0.27734375 0.56640625 0.036458333333333336 0.0234375
1 0.6184895833333334 0.5286458333333334 0.0234375 0.028645833333333332
1 0.3802083333333333 0.2721354166666667 0.033854166666666664 0.033854166666666664
1 0.5299479166666666 0.5130208333333334 0.0234375 0.033854166666666664
1 0.37109375 0.19401041666666666 0.041666666666666664 0.028645833333333332
1 0.6614583333333334 0.4075520833333333 0.03125 0.0234375
1 0.421875 0.4453125 0.036458333333333336 0.026041666666666668
1 0.23567708333333334 0.2903645833333333 0.020833333333333332 0.03125
1 0.5859375 0.4518229166666667 0.015625 0.026041666666666668
1 0.17838541666666666 0.5377604166666666 0.036458333333333336 0.015625
1 0.21744791666666666 0.28515625 0.036458333333333336 0.033854166666666664
1 0.4453125 0.21744791666666666 0.033854166666666664 0.036458333333333336
1 0.4114583333333333 0.2955729166666667 0.0234375 0.03125
1 0.2630208333333333 0.39453125 0.0390625 0.018229166666666668
1 0.546875 0.19791666666666666 0.041666666666666664 0.020833333333333332
1 0.7916666666666666 0.4296875 0.026041666666666668 0.03125
1 0.3372395833333333 0.5638020833333334 0.020833333333333332 0.028645833333333332
1 0.3359375 0.234375 0.033854166666666664 0.020833333333333332
1 0.7578125 0.3333333333333333 0.0390625 0.036458333333333336
1 0.4635416666666667 0.2643229166666667 0.03125 0.036458333333333336
1 0.3333333333333333 0.3450520833333333 0.026041666666666668 0.0234375
1 0.6966145833333334 0.4361979166666667 0.03125 0.026041666666666668
1 0.6302083333333334 0.19010416666666666 0.0390625 0.0234375
1 0.24739583333333334 0.5651041666666666 0.036458333333333336 0.015625
1 0.53515625 0.4830729166666667 0.033854166666666664 0.0234375
1 0.48046875 0.5690104166666666 0.03125 0.0234375
1 0.7356770833333334 0.4544270833333333 0.0234375 0.026041666666666668
1 0.6783854166666666 0.21744791666666666 0.03125 0.033854166666666664
1 0.3841145833333333 0.2265625 0.033854166666666664 0.044270833333333336
1 0.296875 0.4895833333333333 0.0390625 0.020833333333333332
1 0.3984375 0.22786458333333334 0.020833333333333332 0.033854166666666664
1 0.6575520833333334 0.4375 0.036458333333333336 0.026041666666666668
1 0.3072916666666667 0.6028645833333334 0.026041666666666668 0.020833333333333332
1 0.1484375 0.5234375 0.03125 0.013020833333333334
1 0.4830729166666667 0.6328125 0.03125 0.0234375
1 0.4791666666666667 0.6184895833333334 0.036458333333333336 0.018229166666666668
1 0.57421875 0.4153645833333333 0.033854166666666664 0.0234375
1 0.5286458333333334 0.24869791666666666 0.033854166666666664 0.026041666666666668
1 0.5208333333333334 0.3151041666666667 0.026041666666666668 0.03125
1 0.6158854166666666 0.5520833333333334 0.044270833333333336 0.020833333333333332
1 0.5104166666666666 0.625 0.03125 0.013020833333333334
1 0.4348958333333333 0.59765625 0.03125 0.020833333333333332
1 0.3671875 0.4127604166666667 0.028645833333333332 0.03125
1 0.3151041666666667 0.21484375 0.036458333333333336 0.020833333333333332
1 0.3268229166666667 0.4361979166666667 0.0234375 0.028645833333333332
1 0.7018229166666666 0.3372395833333333 0.036458333333333336 0.020833333333333332
1 0.3684895833333333 0.484375 0.036458333333333336 0.0234375
1 0.3854166666666667 0.4440104166666667 0.033854166666666664 0.0234375
1 0.6848958333333334 0.5065104166666666 0.03125 0.0234375
1 0.2825520833333333 0.4674479166666667 0.018229166666666668 0.036458333333333336
1 0.6184895833333334 0.45703125 0.028645833333333332 0.026041666666666668
1 0.7330729166666666 0.4205729166666667 0.0234375 0.028645833333333332
1 0.6458333333333334 0.5234375 0.036458333333333336 0.026041666666666668
1 0.7473958333333334 0.4388020833333333 0.044270833333333336 0.013020833333333334
1 0.4791666666666667 0.203125 0.0390625 0.026041666666666668
1 0.6848958333333334 0.24739583333333334 0.033854166666666664 0.020833333333333332