1 0.3776041666666667 0.3841145833333333 0.0625 0.046875
1 0.3072916666666667 0.37890625 0.052083333333333336 0.041666666666666664
1 0.7096354166666666 0.6119791666666666 0.078125 0.049479166666666664
1 0.3307291666666667 0.4713541666666667 0.06770833333333333 0.028645833333333332
1 0.0625 0.5338541666666666 0.078125 0.041666666666666664
1 0.16536458333333334 0.5234375 0.046875 0.0390625
1 0.7864583333333334 0.28515625 0.08854166666666667 0.036458333333333336
1 0.859375 0.42578125 0.049479166666666664 0.046875
1 0.85546875 0.359375 0.041666666666666664 0.041666666666666664
1 0.3619791666666667 0.5690104166666666 0.049479166666666664 0.036458333333333336
1 0.95703125 0.4231770833333333 0.08072916666666667 0.0390625
1 0.2669270833333333 0.5299479166666666 0.06770833333333333 0.0390625
1 0.3932291666666667 0.4817708333333333 0.0390625 0.033854166666666664
1 0.7578125 0.33203125 0.041666666666666664 0.0390625
1 0.24479166666666666 0.5924479166666666 0.059895833333333336 0.036458333333333336
1 0.5768229166666666 0.59765625 0.057291666666666664 0.036458333333333336
1 0.6106770833333334 0.45703125 0.044270833333333336 0.036458333333333336
1 0.87890625 0.4869791666666667 0.0546875 0.044270833333333336
1 0.8841145833333334 0.4596354166666667 0.07552083333333333 0.0390625
1 0.6106770833333334 0.6158854166666666 0.03125 0.0390625
1 0.4049479166666667 0.6380208333333334 0.041666666666666664 0.03125
1 0.15104166666666666 0.6432291666666666 0.059895833333333336 0.041666666666666664
1 0.4322916666666667 0.5963541666666666 0.0625 0.033854166666666664
1 0.94921875 0.4518229166666667 0.0703125 0.046875
1 0.8411458333333334 0.5182291666666666 0.049479166666666664 0.046875
1 0.3971354166666667 0.4205729166666667 0.12239583333333333 0.046875
1 0.3138020833333333 0.72265625 0.0703125 0.036458333333333336
1 0.5299479166666666 0.6822916666666666 0.07291666666666667 0.044270833333333336
1 0.6236979166666666 0.6497395833333334 0.044270833333333336 0.049479166666666664
1 0.11979166666666667 0.62109375 0.049479166666666664 0.041666666666666664
1 0.75390625 0.5677083333333334 0.07552083333333333 0.033854166666666664
1 0.4856770833333333 0.5677083333333334 0.044270833333333336 0.041666666666666664
1 0.3372395833333333 0.5872395833333334 0.052083333333333336 0.041666666666666664
1 0.5625 0.42578125 0.078125 0.041666666666666664
1 0.6692708333333334 0.4388020833333333 0.06510416666666667 0.028645833333333332
1 0.4375 0.47265625 0.07552083333333333 0.036458333333333336
1 0.3346354166666667 0.4908854166666667 0.07552083333333333 0.0390625
1 0.19791666666666666 0.5872395833333334 0.046875 0.044270833333333336
1 0.6341145833333334 0.4544270833333333 0.028645833333333332 0.036458333333333336
1 0.828125 0.4049479166666667 0.078125 0.03125
1 0.8736979166666666 0.44921875 0.07291666666666667 0.028645833333333332
1 0.5 0.640625 0.033854166666666664 0.036458333333333336
1 0.5625 0.5716145833333334 0.049479166666666664 0.049479166666666664
1 0.16666666666666666 0.6627604166666666 0.06510416666666667 0.044270833333333336
1 0.5169270833333334 0.5052083333333334 0.06770833333333333 0.044270833333333336
1 0.8138020833333334 0.36328125 0.057291666666666664 0.036458333333333336
1 0.4114583333333333 0.49609375 0.0859375 0.036458333333333336
1 0.22265625 0.5481770833333334 0.052083333333333336 0.044270833333333336
1 0.9505208333333334 0.3372395833333333 0.046875 0.044270833333333336
1 0.3216145833333333 0.3932291666666667 0.078125 0.03125
1 0.4088541666666667 0.3059895833333333 0.07291666666666667 0.033854166666666664
1 0.13802083333333334 0.5091145833333334 0.07291666666666667 0.03125
1 0.3216145833333333 0.44140625 0.0546875 0.03125
1 0.3802083333333333 0.7122395833333334 0.07552083333333333 0.041666666666666664
1 0.328125 0.6692708333333334 0.078125 0.033854166666666664
1 0.5533854166666666 0.65234375 0.078125 0.041666666666666664
1 0.67578125 0.30078125 0.0390625 0.044270833333333336
1 0.0703125 0.6119791666666666 0.0390625 0.03125
1 0.6184895833333334 0.32421875 0.057291666666666664 0.046875
1 0.3606770833333333 0.6315104166666666 0.044270833333333336 0.041666666666666664
1 0.10286458333333333 0.6458333333333334 0.044270833333333336 0.049479166666666664
1 0.8828125 0.4088541666666667 0.052083333333333336 0.052083333333333336
1 0.4830729166666667 0.5130208333333334 0.0390625 0.044270833333333336
1 0.421875 0.515625 0.0859375 0.041666666666666664
1 0.4401041666666667 0.5325520833333334 0.059895833333333336 0.041666666666666664
1 0.7109375 0.53125 0.059895833333333336 0.0390625
1 0.8294270833333334 0.4700520833333333 0.07552083333333333 0.036458333333333336
1 0.19791666666666666 0.6145833333333334 0.052083333333333336 0.049479166666666664
1 0.4986979166666667 0.4153645833333333 0.06770833333333333 0.028645833333333332
1 0.4205729166666667 0.5885416666666666 0.0859375 0.036458333333333336
1 0.97265625 0.4348958333333333 0.0546875 0.041666666666666664
1 0.2109375 0.7369791666666666 0.052083333333333336 0.041666666666666664
1 0.3671875 0.6927083333333334 0.046875 0.044270833333333336
1 0.22135416666666666 0.5078125 0.0390625 0.044270833333333336
1 0.58203125 0.6627604166666666 0.044270833333333336 0.046875
1 0.26953125 0.4895833333333333 0.06510416666666667 0.033854166666666664
1 0.061197916666666664 0.5833333333333334 0.044270833333333336 0.044270833333333336
1 0.9205729166666666 0.37109375 0.0859375 0.041666666666666664
1 0.328125 0.6354166666666666 0.041666666666666664 0.041666666666666664
1 0.40234375 0.4348958333333333 0.059895833333333336 0.026041666666666668
1 0.6184895833333334 0.3528645833333333 0.0390625 0.036458333333333336
1 0.43359375 0.4622395833333333 0.0625 0.028645833333333332
1 0.7122395833333334 0.3098958333333333 0.078125 0.036458333333333336
1 0.6692708333333334 0.54296875 0.0703125 0.033854166666666664
1 0.21223958333333334 0.7057291666666666 0.109375 0.0390625
1 0.75390625 0.3658854166666667 0.07291666666666667 0.044270833333333336
1 0.5078125 0.6015625 0.0546875 0.041666666666666664
1 0.23177083333333334 0.6458333333333334 0.059895833333333336 0.046875
1 0.5143229166666666 0.3502604166666667 0.0703125 0.036458333333333336
1 0.4166666666666667 0.6588541666666666 0.057291666666666664 0.033854166666666664
1 0.3776041666666667 0.6106770833333334 0.03125 0.036458333333333336
1 0.2825520833333333 0.3763020833333333 0.057291666666666664 0.044270833333333336
1 0.15755208333333334 0.5638020833333334 0.046875 0.044270833333333336
1 0.7604166666666666 0.58203125 0.08333333333333333 0.036458333333333336
1 0.09635416666666667 0.6770833333333334 0.036458333333333336 0.033854166666666664
1 0.7200520833333334 0.5572916666666666 0.0703125 0.033854166666666664
1 0.8151041666666666 0.4557291666666667 0.08854166666666667 0.036458333333333336
1 0.43359375 0.4427083333333333 0.0390625 0.03125
1 0.3307291666666667 0.55078125 0.07291666666666667 0.041666666666666664
1 0.2552083333333333 0.5208333333333334 0.06770833333333333 0.0390625
1 0.6171875 0.38671875 0.0546875 0.036458333333333336
1 0.7265625 0.51953125 0.052083333333333336 0.036458333333333336
1 0.61328125 0.57421875 0.052083333333333336 0.044270833333333336
1 0.52734375 0.5533854166666666 0.044270833333333336 0.041666666666666664
1 0.5572916666666666 0.45703125 0.06510416666666667 0.041666666666666664
1 0.8177083333333334 0.4921875 0.0625 0.046875
1 0.8424479166666666 0.4921875 0.046875 0.049479166666666664
1 0.859375 0.3255208333333333 0.0625 0.033854166666666664
1 0.4986979166666667 0.46875 0.044270833333333336 0.046875
1 0.14583333333333334 0.6848958333333334 0.046875 0.044270833333333336
1 0.2708333333333333 0.62890625 0.0703125 0.044270833333333336
1 0.2682291666666667 0.6888020833333334 0.08333333333333333 0.0390625
1 0.7434895833333334 0.5338541666666666 0.08854166666666667 0.041666666666666664
1 0.3671875 0.5182291666666666 0.0703125 0.041666666666666664
1 0.56640625 0.3580729166666667 0.0390625 0.044270833333333336
1 0.27734375 0.4322916666666667 0.08333333333333333 0.0390625
1 0.24869791666666666 0.7356770833333334 0.0625 0.046875
1 0.5 0.6692708333333334 0.044270833333333336 0.044270833333333336
1 0.8255208333333334 0.5442708333333334 0.06510416666666667 0.0390625
1 0.88671875 0.5065104166666666 0.0546875 0.046875
1 0.7526041666666666 0.4518229166666667 0.08072916666666667 0.036458333333333336
1 0.8046875 0.2955729166666667 0.07552083333333333 0.044270833333333336
1 0.6953125 0.3346354166666667 0.07291666666666667 0.033854166666666664
1 0.3059895833333333 0.5403645833333334 0.078125 0.0390625
1 0.8111979166666666 0.3854166666666667 0.0703125 0.028645833333333332
1 0.703125 0.4388020833333333 0.07291666666666667 0.0390625
1 0.43359375 0.6263020833333334 0.046875 0.046875
1 0.24869791666666666 0.5703125 0.08072916666666667 0.036458333333333336
1 0.3489583333333333 0.3567708333333333 0.0546875 0.046875
1 0.40625 0.3802083333333333 0.049479166666666664 0.044270833333333336
1 0.11848958333333333 0.6822916666666666 0.0390625 0.036458333333333336
1 0.3046875 0.6380208333333334 0.046875 0.041666666666666664
1 0.8203125 0.4479166666666667 0.08072916666666667 0.036458333333333336
1 0.4114583333333333 0.5677083333333334 0.078125 0.03125
1 0.4635416666666667 0.6236979166666666 0.046875 0.044270833333333336
1 0.3424479166666667 0.4973958333333333 0.057291666666666664 0.0390625
1 0.5364583333333334 0.3658854166666667 0.0703125 0.03125
1 0.19401041666666666 0.5859375 0.078125 0.0390625
1 0.7630208333333334 0.4947916666666667 0.046875 0.03125
1 0.6940104166666666 0.4947916666666667 0.078125 0.0390625
1 0.6080729166666666 0.5455729166666666 0.057291666666666664 0.0390625
1 0.6197916666666666 0.5325520833333334 0.057291666666666664 0.044270833333333336
1 0.81640625 0.3958333333333333 0.07291666666666667 0.03125
1 0.17838541666666666 0.7005208333333334 0.11197916666666667 0.044270833333333336
1 0.6692708333333334 0.4778645833333333 0.07552083333333333 0.033854166666666664
1 0.4700520833333333 0.38671875 0.036458333333333336 0.0390625
1 0.5703125 0.6236979166666666 0.0703125 0.041666666666666664
1 0.4127604166666667 0.578125 0.1015625 0.0390625
1 0.9479166666666666 0.3138020833333333 0.046875 0.041666666666666664
1 0.48046875 0.3502604166666667 0.0703125 0.049479166666666664
1 0.4817708333333333 0.484375 0.06510416666666667 0.041666666666666664
1 0.3763020833333333 0.6471354166666666 0.052083333333333336 0.052083333333333336
1 0.265625 0.703125 0.07552083333333333 0.036458333333333336
1 0.3098958333333333 0.4635416666666667 0.08333333333333333 0.0390625
1 0.4283854166666667 0.3802083333333333 0.0390625 0.036458333333333336
1 0.6302083333333334 0.4153645833333333 0.052083333333333336 0.046875
1 0.4713541666666667 0.6783854166666666 0.044270833333333336 0.033854166666666664
1 0.2708333333333333 0.6640625 0.09114583333333333 0.041666666666666664
1 0.5013020833333334 0.4309895833333333 0.046875 0.028645833333333332
1 0.6731770833333334 0.4140625 0.057291666666666664 0.044270833333333336
1 0.6692708333333334 0.4895833333333333 0.0703125 0.03125
1 0.66796875 0.3841145833333333 0.041666666666666664 0.041666666666666664
1 0.17838541666666666 0.5520833333333334 0.033854166666666664 0.044270833333333336
1 0.040364583333333336 0.5286458333333334 0.041666666666666664 0.033854166666666664