1 0.7265625 0.2877604166666667 0.044270833333333336 0.0546875
1 0.8385416666666666 0.5130208333333334 0.07291666666666667 0.0703125
1 0.6822916666666666 0.4427083333333333 0.049479166666666664 0.0546875
1 0.75 0.44921875 0.052083333333333336 0.052083333333333336
1 0.7760416666666666 0.28515625 0.044270833333333336 0.052083333333333336
1 0.59765625 0.3684895833333333 0.0546875 0.0546875
1 0.58203125 0.5625 0.052083333333333336 0.052083333333333336
1 0.8033854166666666 0.3528645833333333 0.046875 0.057291666666666664
1 0.6770833333333334 0.234375 0.07552083333333333 0.059895833333333336
1 0.6380208333333334 0.2994791666666667 0.0703125 0.046875
1 0.4049479166666667 0.625 0.057291666666666664 0.052083333333333336
1 0.44921875 0.3450520833333333 0.06770833333333333 0.052083333333333336
1 0.7421875 0.3528645833333333 0.0390625 0.052083333333333336
1 0.6666666666666666 0.3515625 0.057291666666666664 0.052083333333333336
1 0.80859375 0.48046875 0.041666666666666664 0.046875
1 0.4440104166666667 0.48046875 0.08072916666666667 0.057291666666666664
1 0.7161458333333334 0.3502604166666667 0.03125 0.044270833333333336