1 0.46875 0.6067708333333334 0.020833333333333332 0.028645833333333332
1 0.5442708333333334 0.7174479166666666 0.020833333333333332 0.033854166666666664
1 0.3177083333333333 0.54296875 0.015625 0.036458333333333336
1 0.4505208333333333 0.4635416666666667 0.0234375 0.049479166666666664
1 0.3541666666666667 0.5768229166666666 0.026041666666666668 0.015625
1 0.3190104166666667 0.4036458333333333 0.026041666666666668 0.0234375
1 0.5807291666666666 0.6276041666666666 0.0234375 0.046875
1 0.2682291666666667 0.3111979166666667 0.026041666666666668 0.0234375
1 0.4401041666666667 0.6002604166666666 0.020833333333333332 0.020833333333333332
1 0.3932291666666667 0.3294270833333333 0.018229166666666668 0.0390625
1 0.5377604166666666 0.6276041666666666 0.028645833333333332 0.015625
1 0.3802083333333333 0.5950520833333334 0.013020833333333334 0.03125
1 0.4166666666666667 0.5 0.013020833333333334 0.033854166666666664
1 0.4088541666666667 0.6471354166666666 0.026041666666666668 0.028645833333333332