1 0.5364583333333334 0.18880208333333334 0.026041666666666668 0.044270833333333336
1 0.12239583333333333 0.2747395833333333 0.018229166666666668 0.041666666666666664
1 0.4778645833333333 0.6796875 0.026041666666666668 0.018229166666666668
1 0.5013020833333334 0.4296875 0.028645833333333332 0.041666666666666664
1 0.4010416666666667 0.21223958333333334 0.028645833333333332 0.020833333333333332
1 0.62890625 0.14713541666666666 0.020833333333333332 0.0390625
1 0.3203125 0.81640625 0.033854166666666664 0.026041666666666668
1 0.8268229166666666 0.7552083333333334 0.03125 0.0390625
1 0.5403645833333334 0.7526041666666666 0.028645833333333332 0.041666666666666664
1 0.9427083333333334 0.7122395833333334 0.036458333333333336 0.044270833333333336
1 0.5703125 0.8580729166666666 0.03125 0.041666666666666664
1 0.5677083333333334 0.3697916666666667 0.0234375 0.0234375
1 0.3255208333333333 0.4166666666666667 0.0234375 0.015625
1 0.3541666666666667 0.4322916666666667 0.020833333333333332 0.0234375
1 0.09635416666666667 0.6458333333333334 0.020833333333333332 0.026041666666666668
1 0.1015625 0.6927083333333334 0.0234375 0.041666666666666664
1 0.22135416666666666 0.3255208333333333 0.028645833333333332 0.028645833333333332
1 0.4700520833333333 0.5338541666666666 0.026041666666666668 0.052083333333333336
1 0.11458333333333333 0.65625 0.036458333333333336 0.041666666666666664
1 0.8346354166666666 0.0390625 0.026041666666666668 0.028645833333333332
1 0.3815104166666667 0.4140625 0.03125 0.026041666666666668
1 0.15885416666666666 0.8255208333333334 0.03125 0.033854166666666664
1 0.296875 0.2721354166666667 0.0234375 0.026041666666666668
1 0.4765625 0.8815104166666666 0.036458333333333336 0.041666666666666664
1 0.875 0.82421875 0.044270833333333336 0.026041666666666668
1 0.4114583333333333 0.49609375 0.03125 0.041666666666666664
1 0.73828125 0.25390625 0.044270833333333336 0.036458333333333336
1 0.4557291666666667 0.2604166666666667 0.0390625 0.03125
1 0.21614583333333334 0.79296875 0.020833333333333332 0.046875
1 0.13671875 0.4622395833333333 0.026041666666666668 0.041666666666666664
1 0.15104166666666666 0.51171875 0.03125 0.033854166666666664
1 0.2565104166666667 0.46875 0.026041666666666668 0.033854166666666664
1 0.50390625 0.4609375 0.028645833333333332 0.041666666666666664
1 0.89453125 0.6861979166666666 0.028645833333333332 0.020833333333333332
1 0.4192708333333333 0.7291666666666666 0.028645833333333332 0.033854166666666664
1 0.3919270833333333 0.5755208333333334 0.03125 0.033854166666666664
1 0.4713541666666667 0.6484375 0.026041666666666668 0.041666666666666664
1 0.3229166666666667 0.3984375 0.033854166666666664 0.018229166666666668
1 0.5729166666666666 0.07161458333333333 0.036458333333333336 0.049479166666666664
1 0.6783854166666666 0.3229166666666667 0.026041666666666668 0.026041666666666668
1 0.0625 0.4283854166666667 0.03125 0.0234375
1 0.0390625 0.4049479166666667 0.03125 0.018229166666666668
1 0.80859375 0.4830729166666667 0.026041666666666668 0.046875
1 0.3059895833333333 0.7161458333333334 0.028645833333333332 0.036458333333333336
1 0.5364583333333334 0.8098958333333334 0.026041666666666668 0.036458333333333336
1 0.6614583333333334 0.3190104166666667 0.026041666666666668 0.0234375
1 0.8450520833333334 0.421875 0.03125 0.0234375
1 0.4388020833333333 0.4817708333333333 0.033854166666666664 0.033854166666666664
1 0.3177083333333333 0.8671875 0.028645833333333332 0.028645833333333332
1 0.6263020833333334 0.578125 0.018229166666666668 0.044270833333333336
1 0.82421875 0.7330729166666666 0.033854166666666664 0.046875
1 0.8346354166666666 0.15494791666666666 0.028645833333333332 0.020833333333333332
1 0.4765625 0.23828125 0.026041666666666668 0.044270833333333336
1 0.28515625 0.4088541666666667 0.041666666666666664 0.028645833333333332
1 0.3216145833333333 0.6848958333333334 0.0234375 0.036458333333333336
1 0.2760416666666667 0.2942708333333333 0.026041666666666668 0.03125
1 0.7252604166666666 0.4036458333333333 0.026041666666666668 0.049479166666666664
1 0.7877604166666666 0.24088541666666666 0.03125 0.0234375
1 0.7994791666666666 0.875 0.033854166666666664 0.041666666666666664
1 0.5143229166666666 0.7395833333333334 0.033854166666666664 0.028645833333333332
1 0.13411458333333334 0.328125 0.018229166666666668 0.03125
1 0.3463541666666667 0.42578125 0.018229166666666668 0.033854166666666664
1 0.6341145833333334 0.57421875 0.015625 0.033854166666666664
1 0.8971354166666666 0.8111979166666666 0.0390625 0.044270833333333336
1 0.19270833333333334 0.73046875 0.03125 0.044270833333333336
1 0.08072916666666667 0.62109375 0.020833333333333332 0.044270833333333336
1 0.09895833333333333 0.2994791666666667 0.03125 0.0234375
1 0.3684895833333333 0.1171875 0.028645833333333332 0.041666666666666664
1 0.4856770833333333 0.65625 0.026041666666666668 0.03125
1 0.4401041666666667 0.55078125 0.0234375 0.046875
1 0.4869791666666667 0.44140625 0.033854166666666664 0.026041666666666668
1 0.13541666666666666 0.5416666666666666 0.028645833333333332 0.052083333333333336
1 0.078125 0.5221354166666666 0.041666666666666664 0.049479166666666664
1 0.3020833333333333 0.6796875 0.0390625 0.033854166666666664
1 0.3828125 0.8671875 0.020833333333333332 0.0390625
1 0.7356770833333334 0.6497395833333334 0.033854166666666664 0.0390625
1 0.4322916666666667 0.4466145833333333 0.018229166666666668 0.041666666666666664
1 0.3138020833333333 0.8489583333333334 0.018229166666666668 0.028645833333333332
1 0.18229166666666666 0.3294270833333333 0.015625 0.033854166666666664
1 0.19791666666666666 0.3125 0.026041666666666668 0.041666666666666664
1 0.49609375 0.8567708333333334 0.026041666666666668 0.049479166666666664
1 0.3385416666666667 0.6263020833333334 0.03125 0.044270833333333336
1 0.7682291666666666 0.13151041666666666 0.0234375 0.03125
1 0.74609375 0.2734375 0.041666666666666664 0.03125
1 0.5638020833333334 0.08723958333333333 0.026041666666666668 0.057291666666666664
1 0.09375 0.6236979166666666 0.026041666666666668 0.0390625
1 0.6744791666666666 0.3372395833333333 0.03125 0.020833333333333332
1 0.5078125 0.5 0.03125 0.049479166666666664
1 0.2864583333333333 0.7083333333333334 0.020833333333333332 0.049479166666666664
1 0.8333333333333334 0.5716145833333334 0.0234375 0.036458333333333336