1 0.6067708333333334 0.6197916666666666 0.018229166666666668 0.0390625
1 0.65234375 0.5208333333333334 0.026041666666666668 0.020833333333333332
1 0.6627604166666666 0.5026041666666666 0.03125 0.026041666666666668
1 0.8216145833333334 0.6419270833333334 0.036458333333333336 0.028645833333333332
1 0.5169270833333334 0.59765625 0.041666666666666664 0.03125
1 0.72265625 0.6002604166666666 0.020833333333333332 0.0390625
1 0.8229166666666666 0.5130208333333334 0.018229166666666668 0.0390625
1 0.72265625 0.2942708333333333 0.03125 0.049479166666666664
1 0.7877604166666666 0.23567708333333334 0.03125 0.044270833333333336
1 0.7578125 0.4895833333333333 0.026041666666666668 0.036458333333333336
1 0.6484375 0.7135416666666666 0.018229166666666668 0.044270833333333336
1 0.6549479166666666 0.5924479166666666 0.036458333333333336 0.028645833333333332
1 0.8841145833333334 0.5221354166666666 0.033854166666666664 0.0234375
1 0.7486979166666666 0.41796875 0.026041666666666668 0.015625
1 0.7447916666666666 0.5104166666666666 0.028645833333333332 0.020833333333333332
1 0.6588541666666666 0.6510416666666666 0.020833333333333332 0.046875