0 0.55078125 0.14713541666666666 0.13541666666666666 0.18489583333333334
0 0.53515625 0.7903645833333334 0.14583333333333334 0.1640625
0 0.4270833333333333 0.16536458333333334 0.16145833333333334 0.22395833333333334
0 0.4830729166666667 0.6588541666666666 0.15885416666666666 0.140625
0 0.37890625 0.296875 0.1875 0.17708333333333334
0 0.4049479166666667 0.3671875 0.18229166666666666 0.17708333333333334
0 0.51171875 0.4934895833333333 0.15625 0.1953125
0 0.5677083333333334 0.609375 0.17708333333333334 0.21354166666666666
0 0.4817708333333333 0.12630208333333334 0.15364583333333334 0.203125
0 0.3802083333333333 0.703125 0.16927083333333334 0.19270833333333334
0 0.3059895833333333 0.6380208333333334 0.18489583333333334 0.17708333333333334
0 0.421875 0.5182291666666666 0.15364583333333334 0.23958333333333334
0 0.640625 0.71484375 0.14583333333333334 0.19791666666666666
0 0.2786458333333333 0.41796875 0.140625 0.21614583333333334