1 0.16145833333333334 0.2682291666666667 0.052083333333333336 0.09375
1 0.5950520833333334 0.84375 0.049479166666666664 0.06510416666666667
1 0.3255208333333333 0.52734375 0.049479166666666664 0.059895833333333336
1 0.31640625 0.45703125 0.0390625 0.059895833333333336
1 0.2643229166666667 0.09765625 0.052083333333333336 0.07552083333333333
1 0.34375 0.1640625 0.044270833333333336 0.07552083333333333
1 0.4778645833333333 0.5338541666666666 0.0390625 0.059895833333333336
1 0.4661458333333333 0.3424479166666667 0.052083333333333336 0.08072916666666667
1 0.4609375 0.4427083333333333 0.0625 0.08333333333333333
1 0.4309895833333333 0.2526041666666667 0.044270833333333336 0.06510416666666667
1 0.4440104166666667 0.21875 0.046875 0.07552083333333333
1 0.4765625 0.2630208333333333 0.049479166666666664 0.06770833333333333
1 0.50390625 0.30859375 0.052083333333333336 0.07291666666666667
1 0.4127604166666667 0.4479166666666667 0.036458333333333336 0.041666666666666664
1 0.6627604166666666 0.6354166666666666 0.0546875 0.0859375
1 0.5520833333333334 0.7994791666666666 0.046875 0.06510416666666667
1 0.4544270833333333 0.7408854166666666 0.046875 0.057291666666666664
1 0.4231770833333333 0.4817708333333333 0.059895833333333336 0.06770833333333333
1 0.4791666666666667 0.3919270833333333 0.046875 0.0625
1 0.5091145833333334 0.3489583333333333 0.049479166666666664 0.06510416666666667
1 0.3177083333333333 0.7513020833333334 0.0546875 0.049479166666666664
1 0.5911458333333334 0.5390625 0.0625 0.09895833333333333
1 0.5455729166666666 0.5546875 0.0390625 0.059895833333333336
1 0.6119791666666666 0.6979166666666666 0.046875 0.057291666666666664
1 0.6328125 0.7903645833333334 0.041666666666666664 0.07291666666666667
1 0.703125 0.7330729166666666 0.046875 0.0703125
1 0.421875 0.7200520833333334 0.0625 0.0703125
1 0.3098958333333333 0.38671875 0.046875 0.08072916666666667
1 0.3697916666666667 0.453125 0.046875 0.06510416666666667
1 0.3645833333333333 0.5260416666666666 0.049479166666666664 0.0625
1 0.40625 0.5677083333333334 0.0546875 0.08854166666666667
1 0.390625 0.4479166666666667 0.0546875 0.06770833333333333
1 0.48046875 0.21223958333333334 0.059895833333333336 0.06770833333333333
1 0.4166666666666667 0.17838541666666666 0.0390625 0.059895833333333336
1 0.421875 0.2643229166666667 0.052083333333333336 0.08333333333333333
1 0.29296875 0.55859375 0.0390625 0.049479166666666664
1 0.234375 0.24479166666666666 0.041666666666666664 0.07291666666666667
1 0.625 0.5455729166666666 0.044270833333333336 0.07552083333333333
1 0.2708333333333333 0.5299479166666666 0.046875 0.0546875
1 0.2942708333333333 0.48828125 0.052083333333333336 0.059895833333333336
1 0.33984375 0.21875 0.044270833333333336 0.07552083333333333
1 0.3203125 0.22265625 0.044270833333333336 0.08333333333333333
1 0.3151041666666667 0.2825520833333333 0.059895833333333336 0.06770833333333333
1 0.5169270833333334 0.3854166666666667 0.057291666666666664 0.059895833333333336
1 0.5299479166666666 0.2942708333333333 0.049479166666666664 0.09114583333333333
1 0.4010416666666667 0.3580729166666667 0.044270833333333336 0.07291666666666667
1 0.5013020833333334 0.25 0.0546875 0.06510416666666667
1 0.19140625 0.08723958333333333 0.033854166666666664 0.046875
1 0.6875 0.5494791666666666 0.0546875 0.09375
1 0.484375 0.6640625 0.0625 0.08333333333333333
1 0.5416666666666666 0.6158854166666666 0.052083333333333336 0.09114583333333333
1 0.6471354166666666 0.7890625 0.041666666666666664 0.06770833333333333
1 0.515625 0.7604166666666666 0.057291666666666664 0.08072916666666667
1 0.4752604166666667 0.7760416666666666 0.044270833333333336 0.0625
1 0.3567708333333333 0.4231770833333333 0.0390625 0.0625
1 0.3606770833333333 0.3919270833333333 0.0390625 0.07291666666666667
1 0.296875 0.5924479166666666 0.033854166666666664 0.06510416666666667
1 0.29296875 0.4596354166666667 0.0390625 0.0546875
1 0.3880208333333333 0.50390625 0.049479166666666664 0.052083333333333336
1 0.3580729166666667 0.2682291666666667 0.046875 0.0703125
1 0.51171875 0.6184895833333334 0.0390625 0.0625
1 0.51953125 0.5247395833333334 0.044270833333333336 0.057291666666666664
1 0.5546875 0.33203125 0.046875 0.0625
1 0.5377604166666666 0.41015625 0.0546875 0.049479166666666664
1 0.6888020833333334 0.7591145833333334 0.033854166666666664 0.052083333333333336
1 0.33203125 0.3958333333333333 0.033854166666666664 0.0703125
1 0.24348958333333334 0.5690104166666666 0.044270833333333336 0.0625
1 0.3072916666666667 0.5729166666666666 0.044270833333333336 0.09114583333333333
1 0.3307291666666667 0.5989583333333334 0.041666666666666664 0.049479166666666664
1 0.3763020833333333 0.5598958333333334 0.049479166666666664 0.0625
1 0.3098958333333333 0.140625 0.049479166666666664 0.049479166666666664
1 0.4973958333333333 0.5286458333333334 0.033854166666666664 0.07291666666666667
1 0.3919270833333333 0.18489583333333334 0.044270833333333336 0.08333333333333333
1 0.3411458333333333 0.3372395833333333 0.052083333333333336 0.06510416666666667
1 0.3138020833333333 0.7239583333333334 0.044270833333333336 0.041666666666666664
1 0.6497395833333334 0.4700520833333333 0.046875 0.08333333333333333
1 0.5572916666666666 0.5677083333333334 0.044270833333333336 0.0859375
1 0.6041666666666666 0.7369791666666666 0.057291666666666664 0.046875
1 0.375 0.6497395833333334 0.0546875 0.0546875
1 0.28125 0.5872395833333334 0.044270833333333336 0.08333333333333333
1 0.39453125 0.3138020833333333 0.046875 0.0625
1 0.5130208333333334 0.4375 0.0546875 0.06510416666666667
1 0.4765625 0.44140625 0.046875 0.078125
1 0.3502604166666667 0.0546875 0.049479166666666664 0.06770833333333333
1 0.4661458333333333 0.7994791666666666 0.052083333333333336 0.07291666666666667
1 0.21744791666666666 0.2578125 0.041666666666666664 0.06770833333333333
1 0.2630208333333333 0.3190104166666667 0.0390625 0.06770833333333333
1 0.4049479166666667 0.6588541666666666 0.041666666666666664 0.06770833333333333
1 0.4283854166666667 0.6536458333333334 0.049479166666666664 0.057291666666666664
1 0.2825520833333333 0.3997395833333333 0.049479166666666664 0.07291666666666667
1 0.23958333333333334 0.5065104166666666 0.0546875 0.07291666666666667
1 0.3216145833333333 0.5559895833333334 0.0546875 0.0859375
1 0.3307291666666667 0.6341145833333334 0.044270833333333336 0.059895833333333336
1 0.33984375 0.10286458333333333 0.049479166666666664 0.0859375
1 0.39453125 0.13541666666666666 0.0546875 0.06770833333333333
1 0.3841145833333333 0.23958333333333334 0.052083333333333336 0.0546875
1 0.3268229166666667 0.3203125 0.049479166666666664 0.06510416666666667