1 0.5533854166666666 0.6536458333333334 0.013020833333333334 0.041666666666666664
1 0.6041666666666666 0.51953125 0.026041666666666668 0.041666666666666664
1 0.515625 0.4817708333333333 0.020833333333333332 0.041666666666666664
1 0.5221354166666666 0.6263020833333334 0.026041666666666668 0.057291666666666664
1 0.4544270833333333 0.47265625 0.018229166666666668 0.020833333333333332
1 0.52734375 0.6666666666666666 0.03125 0.015625
1 0.5091145833333334 0.6809895833333334 0.03125 0.0234375
1 0.5026041666666666 0.5611979166666666 0.03125 0.041666666666666664
1 0.5182291666666666 0.5885416666666666 0.015625 0.036458333333333336
1 0.47265625 0.4440104166666667 0.026041666666666668 0.026041666666666668
1 0.453125 0.5598958333333334 0.010416666666666666 0.036458333333333336
1 0.4817708333333333 0.5364583333333334 0.020833333333333332 0.015625
1 0.4440104166666667 0.49609375 0.020833333333333332 0.03125
1 0.46875 0.5169270833333334 0.020833333333333332 0.046875
1 0.4986979166666667 0.6067708333333334 0.033854166666666664 0.026041666666666668
1 0.4869791666666667 0.515625 0.0234375 0.026041666666666668
1 0.484375 0.4817708333333333 0.026041666666666668 0.036458333333333336
1 0.4453125 0.578125 0.03125 0.03125
1 0.4895833333333333 0.3736979166666667 0.015625 0.041666666666666664
1 0.4856770833333333 0.5625 0.020833333333333332 0.041666666666666664