1 0.3450520833333333 0.7669270833333334 0.036458333333333336 0.0390625
1 0.4986979166666667 0.6276041666666666 0.0390625 0.018229166666666668
1 0.2903645833333333 0.3372395833333333 0.046875 0.03125
1 0.3463541666666667 0.4518229166666667 0.044270833333333336 0.036458333333333336
1 0.8072916666666666 0.46875 0.0390625 0.036458333333333336
1 0.4778645833333333 0.5299479166666666 0.046875 0.036458333333333336
1 0.64453125 0.3841145833333333 0.0390625 0.03125
1 0.20703125 0.4700520833333333 0.041666666666666664 0.036458333333333336
1 0.40234375 0.33984375 0.033854166666666664 0.044270833333333336
1 0.6236979166666666 0.19791666666666666 0.0390625 0.041666666666666664
1 0.7604166666666666 0.3697916666666667 0.036458333333333336 0.033854166666666664
1 0.5546875 0.5716145833333334 0.059895833333333336 0.041666666666666664
1 0.5338541666666666 0.4765625 0.033854166666666664 0.046875
1 0.22526041666666666 0.37109375 0.044270833333333336 0.033854166666666664
1 0.25390625 0.5078125 0.033854166666666664 0.041666666666666664
1 0.39453125 0.640625 0.028645833333333332 0.03125
1 0.3684895833333333 0.5911458333333334 0.046875 0.033854166666666664
1 0.484375 0.7473958333333334 0.049479166666666664 0.020833333333333332
1 0.35546875 0.4375 0.046875 0.0234375
1 0.6640625 0.4296875 0.057291666666666664 0.033854166666666664
1 0.7578125 0.5625 0.036458333333333336 0.03125
1 0.5208333333333334 0.2760416666666667 0.036458333333333336 0.041666666666666664
1 0.6731770833333334 0.5247395833333334 0.0390625 0.036458333333333336
1 0.63671875 0.6497395833333334 0.0625 0.036458333333333336
1 0.3802083333333333 0.6614583333333334 0.041666666666666664 0.033854166666666664
1 0.5442708333333334 0.6796875 0.041666666666666664 0.03125
1 0.5130208333333334 0.6184895833333334 0.049479166666666664 0.0390625
1 0.2890625 0.7200520833333334 0.049479166666666664 0.020833333333333332
1 0.546875 0.3567708333333333 0.033854166666666664 0.033854166666666664
1 0.4661458333333333 0.7473958333333334 0.03125 0.036458333333333336
1 0.6067708333333334 0.671875 0.03125 0.018229166666666668
1 0.3997395833333333 0.578125 0.033854166666666664 0.044270833333333336
1 0.6276041666666666 0.7044270833333334 0.036458333333333336 0.03125