0 0.19921875 0.2513020833333333 0.17708333333333334 0.15625
0 0.5859375 0.5091145833333334 0.203125 0.23958333333333334
0 0.4283854166666667 0.51171875 0.1484375 0.20052083333333334
0 0.6158854166666666 0.3111979166666667 0.171875 0.17447916666666666
0 0.4947916666666667 0.24739583333333334 0.19010416666666666 0.19270833333333334
0 0.6875 0.30859375 0.1640625 0.12239583333333333
0 0.87109375 0.3294270833333333 0.2109375 0.23958333333333334
0 0.4752604166666667 0.46875 0.171875 0.23697916666666666
0 0.15494791666666666 0.6614583333333334 0.203125 0.19791666666666666
0 0.4609375 0.6080729166666666 0.16666666666666666 0.1796875
0 0.5247395833333334 0.8059895833333334 0.20052083333333334 0.22135416666666666