1 0.07942708333333333 0.7786458333333334 0.08072916666666667 0.06770833333333333
1 0.8684895833333334 0.8567708333333334 0.12239583333333333 0.06510416666666667
1 0.9270833333333334 0.48046875 0.057291666666666664 0.0625
1 0.8098958333333334 0.15494791666666666 0.1328125 0.10416666666666667
1 0.8216145833333334 0.12760416666666666 0.10677083333333333 0.07552083333333333
1 0.7356770833333334 0.20703125 0.1171875 0.13020833333333334
1 0.90625 0.3841145833333333 0.11458333333333333 0.07552083333333333
1 0.9010416666666666 0.2955729166666667 0.078125 0.09635416666666667
1 0.8372395833333334 0.25390625 0.1171875 0.09375
1 0.5377604166666666 0.2916666666666667 0.09114583333333333 0.0859375
1 0.5091145833333334 0.63671875 0.11458333333333333 0.11458333333333333
1 0.7135416666666666 0.390625 0.14322916666666666 0.06770833333333333
1 0.7265625 0.4205729166666667 0.16927083333333334 0.057291666666666664
1 0.5338541666666666 0.7083333333333334 0.140625 0.07552083333333333
1 0.7083333333333334 0.7356770833333334 0.16666666666666666 0.109375
1 0.9518229166666666 0.6979166666666666 0.09635416666666667 0.07291666666666667
1 0.828125 0.7486979166666666 0.13802083333333334 0.059895833333333336
1 0.9388020833333334 0.73828125 0.12239583333333333 0.049479166666666664
1 0.6822916666666666 0.8658854166666666 0.0625 0.06510416666666667
1 0.7526041666666666 0.8763020833333334 0.11979166666666667 0.052083333333333336
1 0.9752604166666666 0.8541666666666666 0.049479166666666664 0.08854166666666667
1 0.7057291666666666 0.4114583333333333 0.15104166666666666 0.0390625
1 0.8502604166666666 0.20703125 0.15364583333333334 0.08854166666666667
1 0.16796875 0.5520833333333334 0.13802083333333334 0.1015625
1 0.70703125 0.13932291666666666 0.08072916666666667 0.07552083333333333
1 0.6640625 0.14583333333333334 0.10416666666666667 0.1015625
1 0.3333333333333333 0.1875 0.13541666666666666 0.10677083333333333
1 0.15104166666666666 0.8046875 0.16666666666666666 0.0703125
1 0.24739583333333334 0.75390625 0.1328125 0.08854166666666667
1 0.13151041666666666 0.8567708333333334 0.09114583333333333 0.11979166666666667
1 0.21614583333333334 0.8411458333333334 0.12760416666666666 0.09635416666666667
1 0.44140625 0.6028645833333334 0.0625 0.07552083333333333
1 0.16276041666666666 0.7330729166666666 0.1015625 0.0703125
1 0.6276041666666666 0.71875 0.09375 0.09375
1 0.4518229166666667 0.796875 0.09635416666666667 0.0546875
1 0.8541666666666666 0.6966145833333334 0.15104166666666666 0.06770833333333333
1 0.8697916666666666 0.9166666666666666 0.1171875 0.0703125
1 0.6744791666666666 0.8216145833333334 0.08333333333333333 0.06770833333333333
1 0.9114583333333334 0.8372395833333334 0.09375 0.1015625
1 0.9427083333333334 0.5130208333333334 0.11458333333333333 0.07291666666666667
1 0.1015625 0.6419270833333334 0.12239583333333333 0.07291666666666667
1 0.5924479166666666 0.6380208333333334 0.09375 0.049479166666666664
1 0.9479166666666666 0.3984375 0.09114583333333333 0.0625
1 0.8671875 0.51171875 0.12239583333333333 0.10677083333333333
1 0.9231770833333334 0.57421875 0.15364583333333334 0.09114583333333333
1 0.453125 0.734375 0.07291666666666667 0.08072916666666667
1 0.5963541666666666 0.7838541666666666 0.109375 0.078125
1 0.17578125 0.9075520833333334 0.15885416666666666 0.0625
1 0.7708333333333334 0.84765625 0.14322916666666666 0.046875
1 0.9440104166666666 0.90625 0.0703125 0.0546875
1 0.4153645833333333 0.7903645833333334 0.09895833333333333 0.0390625
1 0.55078125 0.87890625 0.09114583333333333 0.078125
1 0.9505208333333334 0.4739583333333333 0.078125 0.0625
1 0.9192708333333334 0.33984375 0.12760416666666666 0.078125
1 0.8190104166666666 0.3268229166666667 0.10416666666666667 0.09375
1 0.484375 0.2734375 0.12239583333333333 0.0859375
1 0.3411458333333333 0.8307291666666666 0.11458333333333333 0.06770833333333333
1 0.15494791666666666 0.6666666666666666 0.0703125 0.08333333333333333
1 0.20572916666666666 0.6783854166666666 0.0859375 0.08854166666666667
1 0.4075520833333333 0.66796875 0.08854166666666667 0.06510416666666667
1 0.80859375 0.37109375 0.06510416666666667 0.0625
1 0.7122395833333334 0.4466145833333333 0.17708333333333334 0.06510416666666667
1 0.7174479166666666 0.578125 0.15104166666666666 0.057291666666666664
1 0.8229166666666666 0.5494791666666666 0.12239583333333333 0.052083333333333336
1 0.4947916666666667 0.9309895833333334 0.08072916666666667 0.109375
1 0.8359375 0.8880208333333334 0.09895833333333333 0.052083333333333336
1 0.8723958333333334 0.6015625 0.140625 0.0546875
1 0.71875 0.3450520833333333 0.12239583333333333 0.08854166666666667
1 0.17838541666666666 0.7734375 0.14322916666666666 0.0546875
1 0.11848958333333333 0.72265625 0.078125 0.0859375
1 0.59765625 0.47265625 0.13020833333333334 0.0859375
1 0.85546875 0.421875 0.07552083333333333 0.0546875
1 0.4322916666666667 0.47265625 0.15885416666666666 0.0546875
1 0.16796875 0.9700520833333334 0.08333333333333333 0.059895833333333336
1 0.3177083333333333 0.8802083333333334 0.052083333333333336 0.06770833333333333
1 0.4283854166666667 0.8541666666666666 0.15885416666666666 0.0625
1 0.8385416666666666 0.8125 0.078125 0.0546875
1 0.3645833333333333 0.6002604166666666 0.06770833333333333 0.06510416666666667
1 0.6276041666666666 0.6979166666666666 0.12239583333333333 0.052083333333333336
1 0.3736979166666667 0.7239583333333334 0.1015625 0.07552083333333333
1 0.9153645833333334 0.6510416666666666 0.125 0.046875
1 0.7643229166666666 0.05078125 0.11197916666666667 0.1015625
1 0.8658854166666666 0.057291666666666664 0.1328125 0.11458333333333333
1 0.07161458333333333 0.44140625 0.1015625 0.09375
1 0.37890625 0.6263020833333334 0.09635416666666667 0.07552083333333333
1 0.6796875 0.6380208333333334 0.16145833333333334 0.057291666666666664
1 0.6354166666666666 0.3958333333333333 0.1015625 0.109375
1 0.5377604166666666 0.54296875 0.07552083333333333 0.07291666666666667
1 0.7473958333333334 0.4986979166666667 0.18229166666666666 0.09114583333333333
1 0.69921875 0.6888020833333334 0.11458333333333333 0.0859375
1 0.5338541666666666 0.7877604166666666 0.08072916666666667 0.049479166666666664
1 0.4479166666666667 0.9140625 0.09114583333333333 0.09635416666666667
1 0.984375 0.7825520833333334 0.03125 0.0546875
1 0.5794270833333334 0.8411458333333334 0.08333333333333333 0.0703125
1 0.75 0.8932291666666666 0.15625 0.057291666666666664
1 0.23307291666666666 0.6302083333333334 0.11197916666666667 0.046875
1 0.30859375 0.7395833333333334 0.0703125 0.057291666666666664
1 0.0703125 0.59765625 0.08854166666666667 0.10677083333333333
1 0.045572916666666664 0.5364583333333334 0.09114583333333333 0.078125
1 0.7005208333333334 0.07942708333333333 0.1171875 0.09635416666666667
1 0.2513020833333333 0.7890625 0.1328125 0.052083333333333336
1 0.08723958333333333 0.87109375 0.06510416666666667 0.078125
1 0.07942708333333333 0.7096354166666666 0.08072916666666667 0.09895833333333333
1 0.33984375 0.7903645833333334 0.1171875 0.036458333333333336
1 0.5442708333333334 0.7161458333333334 0.057291666666666664 0.07552083333333333
1 0.2864583333333333 0.92578125 0.109375 0.059895833333333336
1 0.4309895833333333 0.8736979166666666 0.1171875 0.08072916666666667
1 0.8072916666666666 0.78515625 0.16927083333333334 0.059895833333333336
1 0.625 0.8776041666666666 0.07291666666666667 0.06770833333333333
1 0.046875 0.6302083333333334 0.06770833333333333 0.078125
1 0.3033854166666667 0.6041666666666666 0.06770833333333333 0.078125
1 0.7473958333333334 0.6588541666666666 0.140625 0.057291666666666664
1 0.9856770833333334 0.6263020833333334 0.028645833333333332 0.06510416666666667
1 0.6927083333333334 0.3046875 0.16927083333333334 0.09635416666666667
1 0.2721354166666667 0.6380208333333334 0.15104166666666666 0.041666666666666664
1 0.1796875 0.8424479166666666 0.08854166666666667 0.07552083333333333
1 0.3033854166666667 0.6575520833333334 0.1015625 0.057291666666666664
1 0.7057291666666666 0.61328125 0.15104166666666666 0.052083333333333336
1 0.453125 0.6354166666666666 0.08072916666666667 0.1171875
1 0.6458333333333334 0.5091145833333334 0.19010416666666666 0.09114583333333333
1 0.7604166666666666 0.46484375 0.16666666666666666 0.09635416666666667
1 0.3697916666666667 0.9166666666666666 0.08072916666666667 0.09375
1 0.4010416666666667 0.9440104166666666 0.07552083333333333 0.08072916666666667
1 0.7786458333333334 0.8059895833333334 0.11197916666666667 0.041666666666666664