1 0.6497395833333334 0.45703125 0.028645833333333332 0.020833333333333332
1 0.6080729166666666 0.38671875 0.026041666666666668 0.028645833333333332
1 0.4739583333333333 0.5989583333333334 0.0234375 0.028645833333333332
1 0.375 0.12890625 0.03125 0.0234375
1 0.2421875 0.15885416666666666 0.026041666666666668 0.018229166666666668
1 0.21744791666666666 0.21875 0.026041666666666668 0.041666666666666664
1 0.5768229166666666 0.42578125 0.026041666666666668 0.026041666666666668
1 0.32421875 0.11197916666666667 0.033854166666666664 0.0234375
1 0.4856770833333333 0.48046875 0.0234375 0.036458333333333336
1 0.4700520833333333 0.40234375 0.0234375 0.0390625
1 0.19921875 0.23177083333333334 0.028645833333333332 0.046875
1 0.35546875 0.7682291666666666 0.036458333333333336 0.0390625
1 0.4609375 0.3723958333333333 0.03125 0.046875
1 0.4713541666666667 0.4778645833333333 0.015625 0.026041666666666668
1 0.5065104166666666 0.453125 0.03125 0.03125
1 0.29296875 0.5833333333333334 0.03125 0.041666666666666664
1 0.4791666666666667 0.6041666666666666 0.028645833333333332 0.03125
1 0.2708333333333333 0.4153645833333333 0.033854166666666664 0.026041666666666668
1 0.20833333333333334 0.3619791666666667 0.0234375 0.041666666666666664
1 0.3919270833333333 0.421875 0.03125 0.046875
1 0.609375 0.7174479166666666 0.033854166666666664 0.033854166666666664
1 0.2890625 0.13541666666666666 0.033854166666666664 0.033854166666666664
1 0.5885416666666666 0.375 0.0234375 0.044270833333333336
1 0.4934895833333333 0.296875 0.0234375 0.046875
1 0.20703125 0.24609375 0.026041666666666668 0.046875
1 0.21744791666666666 0.16145833333333334 0.036458333333333336 0.0234375
1 0.7734375 0.5286458333333334 0.028645833333333332 0.057291666666666664
1 0.62890625 0.3802083333333333 0.0234375 0.0390625
1 0.44921875 0.6028645833333334 0.0234375 0.0234375
1 0.4622395833333333 0.62890625 0.028645833333333332 0.033854166666666664
1 0.2825520833333333 0.6080729166666666 0.036458333333333336 0.033854166666666664
1 0.25 0.3515625 0.020833333333333332 0.033854166666666664
1 0.3802083333333333 0.3177083333333333 0.028645833333333332 0.049479166666666664
1 0.3541666666666667 0.421875 0.03125 0.020833333333333332
1 0.4322916666666667 0.5716145833333334 0.0234375 0.026041666666666668
1 0.3111979166666667 0.09895833333333333 0.03125 0.0234375
1 0.625 0.46484375 0.013020833333333334 0.020833333333333332
1 0.7408854166666666 0.5416666666666666 0.03125 0.03125
1 0.5611979166666666 0.4140625 0.026041666666666668 0.036458333333333336
1 0.6809895833333334 0.41015625 0.041666666666666664 0.0390625
1 0.62109375 0.3463541666666667 0.033854166666666664 0.026041666666666668
1 0.7747395833333334 0.4895833333333333 0.0234375 0.033854166666666664
1 0.2578125 0.17708333333333334 0.028645833333333332 0.044270833333333336
1 0.5299479166666666 0.42578125 0.020833333333333332 0.036458333333333336
1 0.45703125 0.64453125 0.020833333333333332 0.033854166666666664
1 0.4466145833333333 0.6809895833333334 0.0234375 0.044270833333333336
1 0.4752604166666667 0.5078125 0.020833333333333332 0.0390625
1 0.36328125 0.5208333333333334 0.036458333333333336 0.046875
1 0.2578125 0.2838541666666667 0.041666666666666664 0.0390625
1 0.2955729166666667 0.3971354166666667 0.0390625 0.033854166666666664
1 0.3307291666666667 0.37890625 0.033854166666666664 0.044270833333333336
1 0.3424479166666667 0.3359375 0.0234375 0.033854166666666664
1 0.74609375 0.5286458333333334 0.036458333333333336 0.0234375
1 0.19921875 0.20963541666666666 0.036458333333333336 0.036458333333333336
1 0.5989583333333334 0.390625 0.020833333333333332 0.0234375
1 0.7486979166666666 0.51953125 0.0234375 0.018229166666666668
1 0.4986979166666667 0.2591145833333333 0.020833333333333332 0.041666666666666664
1 0.3841145833333333 0.7786458333333334 0.033854166666666664 0.0234375
1 0.59765625 0.41796875 0.0234375 0.015625
1 0.3385416666666667 0.09635416666666667 0.028645833333333332 0.0234375
1 0.4140625 0.7604166666666666 0.033854166666666664 0.041666666666666664
1 0.2955729166666667 0.15625 0.020833333333333332 0.018229166666666668
1 0.4609375 0.5182291666666666 0.010416666666666666 0.015625
1 0.4986979166666667 0.4375 0.033854166666666664 0.028645833333333332
1 0.23307291666666666 0.3606770833333333 0.026041666666666668 0.033854166666666664
1 0.3802083333333333 0.41015625 0.028645833333333332 0.0234375
1 0.3411458333333333 0.2916666666666667 0.03125 0.0390625
1 0.3502604166666667 0.39453125 0.020833333333333332 0.03125
1 0.359375 0.3424479166666667 0.026041666666666668 0.044270833333333336
1 0.2838541666666667 0.3802083333333333 0.020833333333333332 0.026041666666666668
1 0.6770833333333334 0.22916666666666666 0.036458333333333336 0.041666666666666664
1 0.7252604166666666 0.5169270833333334 0.015625 0.015625
1 0.3997395833333333 0.74609375 0.010416666666666666 0.015625
1 0.28515625 0.17838541666666666 0.044270833333333336 0.036458333333333336
1 0.48046875 0.44921875 0.028645833333333332 0.026041666666666668
1 0.4166666666666667 0.078125 0.036458333333333336 0.049479166666666664
1 0.3346354166666667 0.12890625 0.041666666666666664 0.0234375
1 0.4140625 0.7109375 0.026041666666666668 0.049479166666666664
1 0.3645833333333333 0.15104166666666666 0.028645833333333332 0.0234375
1 0.63671875 0.048177083333333336 0.0390625 0.041666666666666664
1 0.21875 0.25390625 0.03125 0.046875
1 0.47265625 0.5377604166666666 0.026041666666666668 0.0390625
1 0.4869791666666667 0.375 0.0234375 0.0390625
1 0.4713541666666667 0.5677083333333334 0.018229166666666668 0.028645833333333332
1 0.4596354166666667 0.4934895833333333 0.018229166666666668 0.033854166666666664
1 0.2721354166666667 0.5403645833333334 0.033854166666666664 0.028645833333333332
1 0.2643229166666667 0.35546875 0.033854166666666664 0.046875
1 0.19010416666666666 0.34375 0.0390625 0.041666666666666664
1 0.23046875 0.3763020833333333 0.0390625 0.044270833333333336
1 0.16536458333333334 0.3463541666666667 0.026041666666666668 0.0390625
1 0.3450520833333333 0.3841145833333333 0.018229166666666668 0.0234375
1 0.3190104166666667 0.4114583333333333 0.033854166666666664 0.036458333333333336
1 0.4361979166666667 0.0703125 0.015625 0.028645833333333332
1 0.375 0.10677083333333333 0.026041666666666668 0.036458333333333336
1 0.3645833333333333 0.12109375 0.0390625 0.03125
1 0.3958333333333333 0.7278645833333334 0.026041666666666668 0.052083333333333336
1 0.5859375 0.3997395833333333 0.020833333333333332 0.020833333333333332
1 0.3424479166666667 0.5846354166666666 0.036458333333333336 0.033854166666666664
1 0.3854166666666667 0.7578125 0.0390625 0.036458333333333336
1 0.453125 0.5442708333333334 0.0234375 0.041666666666666664
1 0.3372395833333333 0.6041666666666666 0.036458333333333336 0.0234375
1 0.5677083333333334 0.4427083333333333 0.03125 0.028645833333333332
1 0.4791666666666667 0.3606770833333333 0.0234375 0.041666666666666664
1 0.3802083333333333 0.3919270833333333 0.020833333333333332 0.020833333333333332
1 0.3645833333333333 0.3893229166666667 0.026041666666666668 0.041666666666666664
1 0.3854166666666667 0.3359375 0.026041666666666668 0.041666666666666664
1 0.10416666666666667 0.31640625 0.041666666666666664 0.033854166666666664
1 0.6614583333333334 0.3736979166666667 0.036458333333333336 0.03125
1 0.75390625 0.515625 0.026041666666666668 0.0234375
1 0.6145833333333334 0.3580729166666667 0.03125 0.028645833333333332
1 0.3125 0.13020833333333334 0.044270833333333336 0.0390625
1 0.6484375 0.3515625 0.0234375 0.0234375
1 0.31640625 0.4466145833333333 0.0390625 0.044270833333333336
1 0.5885416666666666 0.41015625 0.028645833333333332 0.0234375
1 0.5729166666666666 0.3815104166666667 0.026041666666666668 0.044270833333333336
1 0.4322916666666667 0.6549479166666666 0.033854166666666664 0.0390625
1 0.4635416666666667 0.44140625 0.0234375 0.041666666666666664
1 0.47265625 0.4440104166666667 0.020833333333333332 0.041666666666666664
1 0.21354166666666666 0.5364583333333334 0.026041666666666668 0.052083333333333336
1 0.23177083333333334 0.3294270833333333 0.0390625 0.046875
1 0.21354166666666666 0.3697916666666667 0.028645833333333332 0.046875
1 0.4088541666666667 0.3932291666666667 0.026041666666666668 0.036458333333333336
1 0.35546875 0.3098958333333333 0.03125 0.044270833333333336
1 0.3828125 0.3671875 0.033854166666666664 0.028645833333333332
1 0.3333333333333333 0.078125 0.041666666666666664 0.028645833333333332
1 0.5872395833333334 0.84765625 0.026041666666666668 0.018229166666666668
1 0.3541666666666667 0.3671875 0.020833333333333332 0.026041666666666668
1 0.4856770833333333 0.41796875 0.015625 0.015625
1 0.6354166666666666 0.3567708333333333 0.013020833333333334 0.018229166666666668
1 0.5963541666666666 0.34375 0.026041666666666668 0.033854166666666664
1 0.6119791666666666 0.3697916666666667 0.03125 0.033854166666666664
1 0.2552083333333333 0.21744791666666666 0.0390625 0.0390625
1 0.4635416666666667 0.5846354166666666 0.018229166666666668 0.026041666666666668
1 0.4518229166666667 0.57421875 0.033854166666666664 0.0390625
1 0.39453125 0.013020833333333334 0.028645833333333332 0.026041666666666668
1 0.4713541666666667 0.5013020833333334 0.018229166666666668 0.03125
1 0.2890625 0.55859375 0.036458333333333336 0.028645833333333332
1 0.453125 0.4388020833333333 0.020833333333333332 0.0390625
1 0.234375 0.3450520833333333 0.0234375 0.03125
1 0.3971354166666667 0.35546875 0.03125 0.033854166666666664
1 0.5768229166666666 0.84765625 0.020833333333333332 0.03125