1 0.4153645833333333 0.5872395833333334 0.0078125 0.018229166666666668
1 0.6041666666666666 0.4440104166666667 0.010416666666666666 0.0234375
1 0.4986979166666667 0.5026041666666666 0.0078125 0.0234375
1 0.5911458333333334 0.4895833333333333 0.015625 0.015625
1 0.58203125 0.4010416666666667 0.015625 0.013020833333333334
1 0.4947916666666667 0.3372395833333333 0.018229166666666668 0.015625
1 0.5963541666666666 0.3502604166666667 0.010416666666666666 0.020833333333333332
1 0.5651041666666666 0.4401041666666667 0.015625 0.010416666666666666
1 0.4583333333333333 0.5885416666666666 0.013020833333333334 0.013020833333333334
1 0.5234375 0.4088541666666667 0.013020833333333334 0.018229166666666668
1 0.5494791666666666 0.4635416666666667 0.015625 0.015625
1 0.4361979166666667 0.2734375 0.020833333333333332 0.018229166666666668
1 0.4817708333333333 0.5182291666666666 0.010416666666666666 0.015625
1 0.5234375 0.42578125 0.015625 0.018229166666666668
1 0.47265625 0.3671875 0.010416666666666666 0.015625
1 0.47265625 0.4518229166666667 0.013020833333333334 0.013020833333333334
1 0.55078125 0.3567708333333333 0.015625 0.015625
1 0.3736979166666667 0.4544270833333333 0.013020833333333334 0.018229166666666668
1 0.5065104166666666 0.4010416666666667 0.013020833333333334 0.018229166666666668
1 0.4661458333333333 0.4895833333333333 0.013020833333333334 0.013020833333333334
1 0.4739583333333333 0.515625 0.0078125 0.018229166666666668
1 0.4401041666666667 0.39453125 0.015625 0.015625
1 0.3802083333333333 0.67578125 0.015625 0.010416666666666666
1 0.4244791666666667 0.44140625 0.010416666666666666 0.020833333333333332
1 0.5611979166666666 0.5065104166666666 0.015625 0.013020833333333334
1 0.5169270833333334 0.40234375 0.0078125 0.0234375
1 0.6875 0.34375 0.0078125 0.020833333333333332
1 0.62109375 0.52734375 0.013020833333333334 0.020833333333333332
1 0.6223958333333334 0.42578125 0.015625 0.018229166666666668
1 0.5651041666666666 0.59375 0.0078125 0.015625
1 0.4583333333333333 0.4765625 0.0078125 0.018229166666666668
1 0.4609375 0.4283854166666667 0.015625 0.015625
1 0.51953125 0.5104166666666666 0.010416666666666666 0.0234375
1 0.5143229166666666 0.3020833333333333 0.013020833333333334 0.015625
1 0.390625 0.3997395833333333 0.015625 0.010416666666666666
1 0.6822916666666666 0.43359375 0.0078125 0.0234375
1 0.6276041666666666 0.5833333333333334 0.013020833333333334 0.020833333333333332
1 0.57421875 0.4739583333333333 0.013020833333333334 0.010416666666666666
1 0.50390625 0.48828125 0.005208333333333333 0.020833333333333332
1 0.51171875 0.4700520833333333 0.013020833333333334 0.010416666666666666
1 0.5208333333333334 0.5364583333333334 0.013020833333333334 0.010416666666666666
1 0.546875 0.4466145833333333 0.020833333333333332 0.013020833333333334
1 0.5716145833333334 0.39453125 0.018229166666666668 0.013020833333333334
1 0.375 0.34765625 0.018229166666666668 0.010416666666666666
1 0.6927083333333334 0.2669270833333333 0.0078125 0.026041666666666668
1 0.6953125 0.3372395833333333 0.015625 0.010416666666666666
1 0.4635416666666667 0.3619791666666667 0.015625 0.015625
1 0.4713541666666667 0.3828125 0.015625 0.015625
1 0.5729166666666666 0.4309895833333333 0.013020833333333334 0.018229166666666668
1 0.4375 0.4856770833333333 0.013020833333333334 0.013020833333333334
1 0.5911458333333334 0.4401041666666667 0.015625 0.010416666666666666
1 0.5403645833333334 0.45703125 0.015625 0.010416666666666666
1 0.5208333333333334 0.52734375 0.015625 0.010416666666666666
1 0.4869791666666667 0.3658854166666667 0.015625 0.010416666666666666
1 0.7200520833333334 0.4088541666666667 0.013020833333333334 0.015625
1 0.56640625 0.4791666666666667 0.005208333333333333 0.018229166666666668
1 0.5364583333333334 0.5377604166666666 0.013020833333333334 0.015625
1 0.4635416666666667 0.4596354166666667 0.015625 0.010416666666666666
1 0.68359375 0.4544270833333333 0.013020833333333334 0.020833333333333332
1 0.6966145833333334 0.21744791666666666 0.0078125 0.028645833333333332
1 0.7057291666666666 0.028645833333333332 0.0078125 0.033854166666666664
1 0.6106770833333334 0.5872395833333334 0.010416666666666666 0.018229166666666668
1 0.50390625 0.5755208333333334 0.015625 0.010416666666666666
1 0.5559895833333334 0.24609375 0.015625 0.013020833333333334
1 0.7408854166666666 0.5455729166666666 0.018229166666666668 0.013020833333333334
1 0.6223958333333334 0.484375 0.010416666666666666 0.020833333333333332
1 0.52734375 0.51171875 0.0078125 0.0234375
1 0.8815104166666666 0.2799479166666667 0.013020833333333334 0.018229166666666668
1 0.5325520833333334 0.47265625 0.015625 0.0078125
1 0.4895833333333333 0.53125 0.015625 0.0078125
1 0.625 0.453125 0.015625 0.018229166666666668
1 0.5169270833333334 0.3658854166666667 0.015625 0.013020833333333334
1 0.4895833333333333 0.35546875 0.018229166666666668 0.013020833333333334