1 0.5611979166666666 0.3997395833333333 0.036458333333333336 0.03125
1 0.515625 0.41015625 0.03125 0.020833333333333332
1 0.515625 0.4908854166666667 0.036458333333333336 0.028645833333333332
1 0.625 0.33984375 0.020833333333333332 0.057291666666666664
1 0.59375 0.3450520833333333 0.026041666666666668 0.03125
1 0.5963541666666666 0.27734375 0.018229166666666668 0.052083333333333336
1 0.5130208333333334 0.3815104166666667 0.026041666666666668 0.03125
1 0.5989583333333334 0.3684895833333333 0.0234375 0.033854166666666664
1 0.5364583333333334 0.3958333333333333 0.015625 0.036458333333333336
1 0.60546875 0.328125 0.020833333333333332 0.028645833333333332
1 0.5651041666666666 0.3098958333333333 0.0234375 0.028645833333333332
1 0.5716145833333334 0.4856770833333333 0.015625 0.041666666666666664
1 0.5611979166666666 0.3736979166666667 0.015625 0.03125
1 0.5807291666666666 0.2591145833333333 0.018229166666666668 0.028645833333333332
1 0.5377604166666666 0.46875 0.020833333333333332 0.0390625
1 0.5481770833333334 0.3828125 0.015625 0.044270833333333336
1 0.5911458333333334 0.3046875 0.018229166666666668 0.036458333333333336
1 0.56640625 0.3385416666666667 0.015625 0.046875
1 0.5703125 0.28125 0.020833333333333332 0.026041666666666668
1 0.6145833333333334 0.3307291666666667 0.015625 0.036458333333333336
1 0.5338541666666666 0.36328125 0.015625 0.046875
1 0.5846354166666666 0.48046875 0.013020833333333334 0.03125
1 0.5260416666666666 0.46875 0.020833333333333332 0.028645833333333332
1 0.5481770833333334 0.33984375 0.026041666666666668 0.036458333333333336
1 0.5130208333333334 0.5690104166666666 0.026041666666666668 0.015625
1 0.48046875 0.8059895833333334 0.013020833333333334 0.036458333333333336
1 0.5755208333333334 0.3671875 0.026041666666666668 0.020833333333333332
1 0.5559895833333334 0.50390625 0.015625 0.036458333333333336
1 0.515625 0.5716145833333334 0.010416666666666666 0.028645833333333332
1 0.578125 0.3333333333333333 0.020833333333333332 0.049479166666666664
1 0.52734375 0.5104166666666666 0.026041666666666668 0.015625
1 0.484375 0.7278645833333334 0.015625 0.044270833333333336
1 0.546875 0.5143229166666666 0.018229166666666668 0.036458333333333336
1 0.5325520833333334 0.5377604166666666 0.03125 0.036458333333333336