1 0.5286458333333334 0.49609375 0.033854166666666664 0.041666666666666664
1 0.6588541666666666 0.5611979166666666 0.03125 0.026041666666666668
1 0.6145833333333334 0.5625 0.028645833333333332 0.036458333333333336
1 0.5078125 0.5716145833333334 0.033854166666666664 0.026041666666666668
1 0.5416666666666666 0.5494791666666666 0.0234375 0.03125
1 0.4635416666666667 0.5260416666666666 0.0234375 0.026041666666666668
1 0.5143229166666666 0.4635416666666667 0.026041666666666668 0.03125
1 0.5377604166666666 0.4674479166666667 0.028645833333333332 0.036458333333333336
1 0.4895833333333333 0.5442708333333334 0.028645833333333332 0.033854166666666664
1 0.4895833333333333 0.4283854166666667 0.0234375 0.026041666666666668
1 0.49609375 0.4934895833333333 0.018229166666666668 0.028645833333333332
1 0.6822916666666666 0.5859375 0.028645833333333332 0.03125
1 0.51171875 0.5481770833333334 0.028645833333333332 0.0234375
1 0.4583333333333333 0.5494791666666666 0.041666666666666664 0.044270833333333336
1 0.4778645833333333 0.4466145833333333 0.026041666666666668 0.033854166666666664
1 0.4817708333333333 0.4908854166666667 0.028645833333333332 0.028645833333333332
1 0.6653645833333334 0.5989583333333334 0.033854166666666664 0.028645833333333332