1 0.53125 0.3359375 0.052083333333333336 0.036458333333333336
1 0.3489583333333333 0.2109375 0.049479166666666664 0.046875
1 0.3619791666666667 0.2955729166666667 0.033854166666666664 0.041666666666666664
1 0.5260416666666666 0.20182291666666666 0.052083333333333336 0.044270833333333336
1 0.94140625 0.33984375 0.026041666666666668 0.049479166666666664
1 0.58203125 0.14713541666666666 0.028645833333333332 0.059895833333333336
1 0.7981770833333334 0.3268229166666667 0.0390625 0.07291666666666667
1 0.8463541666666666 0.4830729166666667 0.0390625 0.0625
1 0.3932291666666667 0.3411458333333333 0.028645833333333332 0.059895833333333336
1 0.625 0.3880208333333333 0.033854166666666664 0.0703125
1 0.6510416666666666 0.25 0.026041666666666668 0.041666666666666664
1 0.4986979166666667 0.5143229166666666 0.033854166666666664 0.059895833333333336
1 0.296875 0.4908854166666667 0.046875 0.041666666666666664
1 0.5625 0.5169270833333334 0.033854166666666664 0.06770833333333333
1 0.59765625 0.44140625 0.026041666666666668 0.0625
1 0.6158854166666666 0.5872395833333334 0.044270833333333336 0.041666666666666664
1 0.4270833333333333 0.7135416666666666 0.0546875 0.041666666666666664