1 0.71875 0.7643229166666666 0.08072916666666667 0.07291666666666667
1 0.6315104166666666 0.69140625 0.078125 0.0625
1 0.3736979166666667 0.53125 0.046875 0.07552083333333333
1 0.4127604166666667 0.4283854166666667 0.08333333333333333 0.07552083333333333
1 0.4921875 0.8190104166666666 0.059895833333333336 0.09375
1 0.4934895833333333 0.91796875 0.057291666666666664 0.09895833333333333
1 0.8697916666666666 0.65234375 0.08072916666666667 0.06770833333333333
1 0.63671875 0.828125 0.078125 0.09114583333333333
1 0.80859375 0.70703125 0.078125 0.0859375
1 0.7526041666666666 0.578125 0.033854166666666664 0.09375
1 0.6119791666666666 0.546875 0.052083333333333336 0.0625
1 0.5651041666666666 0.65234375 0.078125 0.0625
1 0.5546875 0.7161458333333334 0.09114583333333333 0.0625
1 0.6028645833333334 0.09114583333333333 0.078125 0.052083333333333336
1 0.7174479166666666 0.2578125 0.06770833333333333 0.07291666666666667
1 0.7721354166666666 0.2747395833333333 0.078125 0.057291666666666664
1 0.28125 0.5559895833333334 0.07552083333333333 0.0703125
1 0.9010416666666666 0.4388020833333333 0.07552083333333333 0.08072916666666667
1 0.84375 0.5247395833333334 0.046875 0.09635416666666667
1 0.62109375 0.48828125 0.078125 0.08333333333333333
1 0.67578125 0.5377604166666666 0.0546875 0.08854166666666667
1 0.609375 0.2669270833333333 0.046875 0.09375
1 0.61328125 0.7604166666666666 0.0703125 0.044270833333333336
1 0.60546875 0.59375 0.0625 0.0859375
1 0.4934895833333333 0.74609375 0.044270833333333336 0.09375
1 0.4427083333333333 0.14322916666666666 0.07291666666666667 0.07291666666666667
1 0.4856770833333333 0.03125 0.08072916666666667 0.0625
1 0.39453125 0.3255208333333333 0.0703125 0.08072916666666667
1 0.5638020833333334 0.8020833333333334 0.06770833333333333 0.10677083333333333
1 0.58203125 0.83984375 0.059895833333333336 0.09895833333333333
1 0.5221354166666666 0.4114583333333333 0.0546875 0.09375
1 0.3736979166666667 0.19140625 0.046875 0.0859375
1 0.8645833333333334 0.7669270833333334 0.08333333333333333 0.049479166666666664
1 0.7317708333333334 0.5989583333333334 0.052083333333333336 0.1015625
1 0.4544270833333333 0.11328125 0.06770833333333333 0.06770833333333333
1 0.80859375 0.75 0.07552083333333333 0.0703125
1 0.7005208333333334 0.49609375 0.07291666666666667 0.10677083333333333
1 0.5169270833333334 0.7200520833333334 0.049479166666666664 0.07552083333333333
1 0.36328125 0.67578125 0.08072916666666667 0.0703125
1 0.7799479166666666 0.4440104166666667 0.0546875 0.1015625
1 0.8580729166666666 0.5924479166666666 0.052083333333333336 0.0703125
1 0.42578125 0.7044270833333334 0.049479166666666664 0.09895833333333333
1 0.6796875 0.20442708333333334 0.049479166666666664 0.09895833333333333
1 0.7122395833333334 0.3502604166666667 0.059895833333333336 0.109375
1 0.796875 0.22916666666666666 0.06510416666666667 0.06770833333333333
1 0.5546875 0.14322916666666666 0.041666666666666664 0.09895833333333333
1 0.4466145833333333 0.21744791666666666 0.0625 0.09635416666666667
1 0.4856770833333333 0.33203125 0.049479166666666664 0.06770833333333333
1 0.44140625 0.3177083333333333 0.0703125 0.059895833333333336
1 0.40625 0.203125 0.049479166666666664 0.09114583333333333
1 0.53515625 0.4986979166666667 0.078125 0.0546875
1 0.7408854166666666 0.51171875 0.08072916666666667 0.0703125
1 0.1953125 0.5013020833333334 0.0625 0.10677083333333333
1 0.3333333333333333 0.5494791666666666 0.052083333333333336 0.09895833333333333
1 0.2890625 0.19791666666666666 0.0859375 0.09635416666666667
1 0.359375 0.3229166666666667 0.0546875 0.09114583333333333
1 0.2994791666666667 0.7395833333333334 0.0859375 0.10416666666666667
1 0.5768229166666666 0.15234375 0.06510416666666667 0.09635416666666667
1 0.7643229166666666 0.8216145833333334 0.07291666666666667 0.049479166666666664
1 0.7864583333333334 0.5442708333333334 0.046875 0.1015625
1 0.4674479166666667 0.75390625 0.046875 0.08854166666666667
1 0.8424479166666666 0.6276041666666666 0.0546875 0.0625
1 0.7291666666666666 0.3046875 0.0546875 0.09114583333333333
1 0.51171875 0.9010416666666666 0.07552083333333333 0.078125
1 0.80859375 0.6380208333333334 0.0625 0.09114583333333333
1 0.6588541666666666 0.3658854166666667 0.078125 0.07291666666666667
1 0.3854166666666667 0.69140625 0.07552083333333333 0.057291666666666664
1 0.5963541666666666 0.3671875 0.0546875 0.09635416666666667
1 0.6953125 0.7213541666666666 0.078125 0.06770833333333333
1 0.7604166666666666 0.8541666666666666 0.08072916666666667 0.06770833333333333
1 0.7057291666666666 0.7994791666666666 0.09114583333333333 0.059895833333333336
1 0.5 0.6783854166666666 0.09114583333333333 0.08333333333333333
1 0.7083333333333334 0.5963541666666666 0.059895833333333336 0.12760416666666666
1 0.8736979166666666 0.3893229166666667 0.07291666666666667 0.08854166666666667
1 0.5169270833333334 0.11588541666666667 0.046875 0.08854166666666667
1 0.4921875 0.06901041666666667 0.06510416666666667 0.044270833333333336
1 0.84375 0.3697916666666667 0.08072916666666667 0.0546875
1 0.2903645833333333 0.66796875 0.08072916666666667 0.06770833333333333
1 0.4544270833333333 0.36328125 0.059895833333333336 0.078125
1 0.2513020833333333 0.4635416666666667 0.06770833333333333 0.11458333333333333
1 0.33203125 0.3854166666666667 0.07552083333333333 0.057291666666666664
1 0.8463541666666666 0.4479166666666667 0.06770833333333333 0.09375
1 0.35546875 0.7317708333333334 0.09114583333333333 0.0703125
1 0.44921875 0.6901041666666666 0.057291666666666664 0.09635416666666667
1 0.2981770833333333 0.43359375 0.07291666666666667 0.059895833333333336
1 0.8450520833333334 0.27734375 0.07291666666666667 0.0625
1 0.5416666666666666 0.046875 0.057291666666666664 0.0859375
1 0.7890625 0.2903645833333333 0.07552083333333333 0.0546875
1 0.6354166666666666 0.3880208333333333 0.036458333333333336 0.057291666666666664
1 0.5703125 0.2838541666666667 0.06510416666666667 0.046875
1 0.5299479166666666 0.80859375 0.049479166666666664 0.11458333333333333
1 0.8815104166666666 0.53125 0.0625 0.09895833333333333
1 0.6015625 0.3216145833333333 0.07291666666666667 0.046875
1 0.7903645833333334 0.6653645833333334 0.07291666666666667 0.08854166666666667
1 0.4322916666666667 0.6171875 0.0390625 0.08072916666666667
1 0.67578125 0.6432291666666666 0.052083333333333336 0.10416666666666667
1 0.7135416666666666 0.83203125 0.08072916666666667 0.046875
1 0.8020833333333334 0.4309895833333333 0.049479166666666664 0.1015625
1 0.5065104166666666 0.17578125 0.08072916666666667 0.0546875
1 0.546875 0.3294270833333333 0.057291666666666664 0.09114583333333333
1 0.40625 0.3736979166666667 0.078125 0.0546875
1 0.82421875 0.80078125 0.06510416666666667 0.049479166666666664
1 0.6419270833333334 0.5638020833333334 0.057291666666666664 0.09375
1 0.3372395833333333 0.4166666666666667 0.0703125 0.0625
1 0.765625 0.3489583333333333 0.08333333333333333 0.07291666666666667
1 0.65234375 0.25 0.0625 0.08854166666666667
1 0.43359375 0.26953125 0.07291666666666667 0.0703125
1 0.3841145833333333 0.24869791666666666 0.049479166666666664 0.10416666666666667
1 0.4713541666666667 0.5182291666666666 0.059895833333333336 0.0546875
1 0.7213541666666666 0.4283854166666667 0.0859375 0.057291666666666664
1 0.7682291666666666 0.7578125 0.044270833333333336 0.10677083333333333
1 0.6653645833333334 0.30078125 0.0625 0.09375
1 0.24869791666666666 0.6067708333333334 0.0625 0.10416666666666667
1 0.8671875 0.7200520833333334 0.07291666666666667 0.07552083333333333
1 0.33203125 0.4596354166666667 0.07552083333333333 0.044270833333333336
1 0.8190104166666666 0.5598958333333334 0.049479166666666664 0.10677083333333333
1 0.8033854166666666 0.7864583333333334 0.0625 0.052083333333333336
1 0.76953125 0.5716145833333334 0.036458333333333336 0.0859375
1 0.58203125 0.7408854166666666 0.0859375 0.0703125
1 0.80078125 0.3502604166666667 0.09114583333333333 0.0859375
1 0.4361979166666667 0.17317708333333334 0.0546875 0.08854166666666667