1 0.4973958333333333 0.3619791666666667 0.036458333333333336 0.0625
1 0.3697916666666667 0.5807291666666666 0.049479166666666664 0.041666666666666664
1 0.4674479166666667 0.73828125 0.0390625 0.033854166666666664
1 0.6328125 0.3671875 0.036458333333333336 0.0703125
1 0.3958333333333333 0.5494791666666666 0.033854166666666664 0.052083333333333336
1 0.3984375 0.7369791666666666 0.041666666666666664 0.041666666666666664
1 0.4453125 0.7994791666666666 0.03125 0.033854166666666664
1 0.5677083333333334 0.296875 0.028645833333333332 0.046875
1 0.55078125 0.6458333333333334 0.041666666666666664 0.0703125
1 0.5364583333333334 0.24348958333333334 0.028645833333333332 0.0390625
1 0.48828125 0.79296875 0.044270833333333336 0.046875
1 0.3580729166666667 0.6744791666666666 0.041666666666666664 0.036458333333333336
1 0.40234375 0.80859375 0.028645833333333332 0.06510416666666667
1 0.5716145833333334 0.5807291666666666 0.036458333333333336 0.0390625
1 0.4114583333333333 0.7578125 0.026041666666666668 0.044270833333333336
1 0.3619791666666667 0.7005208333333334 0.036458333333333336 0.046875
1 0.5234375 0.3697916666666667 0.028645833333333332 0.057291666666666664
1 0.58984375 0.3658854166666667 0.036458333333333336 0.0546875
1 0.36328125 0.5455729166666666 0.046875 0.049479166666666664
1 0.59375 0.44921875 0.03125 0.041666666666666664
1 0.5065104166666666 0.6497395833333334 0.036458333333333336 0.0546875
1 0.6236979166666666 0.54296875 0.026041666666666668 0.0625
1 0.4205729166666667 0.5325520833333334 0.028645833333333332 0.052083333333333336
1 0.4453125 0.3671875 0.028645833333333332 0.07291666666666667
1 0.34375 0.7161458333333334 0.03125 0.0546875
1 0.58203125 0.5651041666666666 0.03125 0.049479166666666664
1 0.57421875 0.34765625 0.020833333333333332 0.052083333333333336
1 0.375 0.7877604166666666 0.049479166666666664 0.044270833333333336
1 0.46484375 0.6471354166666666 0.026041666666666668 0.0546875
1 0.4921875 0.4322916666666667 0.03125 0.06510416666666667
1 0.6341145833333334 0.4166666666666667 0.036458333333333336 0.052083333333333336
1 0.5651041666666666 0.3450520833333333 0.020833333333333332 0.049479166666666664
1 0.4231770833333333 0.6041666666666666 0.026041666666666668 0.0625
1 0.3411458333333333 0.765625 0.020833333333333332 0.044270833333333336
1 0.3736979166666667 0.609375 0.046875 0.036458333333333336
1 0.46484375 0.5651041666666666 0.036458333333333336 0.06770833333333333
1 0.3971354166666667 0.6536458333333334 0.0390625 0.06770833333333333
1 0.50390625 0.7265625 0.028645833333333332 0.057291666666666664
1 0.5572916666666666 0.22395833333333334 0.03125 0.0625
1 0.4908854166666667 0.6927083333333334 0.033854166666666664 0.049479166666666664
1 0.6119791666666666 0.33203125 0.03125 0.028645833333333332
1 0.3580729166666667 0.8125 0.036458333333333336 0.041666666666666664
1 0.5247395833333334 0.52734375 0.0234375 0.049479166666666664
1 0.4401041666666667 0.6666666666666666 0.028645833333333332 0.057291666666666664
1 0.53515625 0.7057291666666666 0.036458333333333336 0.059895833333333336
1 0.5065104166666666 0.6796875 0.03125 0.0546875
1 0.3958333333333333 0.5963541666666666 0.044270833333333336 0.059895833333333336
1 0.5677083333333334 0.5169270833333334 0.028645833333333332 0.06510416666666667
1 0.4934895833333333 0.484375 0.0390625 0.057291666666666664
1 0.5716145833333334 0.3971354166666667 0.03125 0.046875
1 0.5807291666666666 0.40625 0.0234375 0.049479166666666664
1 0.53515625 0.3151041666666667 0.0234375 0.049479166666666664
1 0.4427083333333333 0.7708333333333334 0.028645833333333332 0.033854166666666664
1 0.56640625 0.3893229166666667 0.036458333333333336 0.028645833333333332
1 0.52734375 0.8098958333333334 0.033854166666666664 0.059895833333333336
1 0.515625 0.8359375 0.033854166666666664 0.026041666666666668
1 0.3697916666666667 0.66015625 0.033854166666666664 0.033854166666666664
1 0.41015625 0.5755208333333334 0.033854166666666664 0.028645833333333332
1 0.4114583333333333 0.52734375 0.03125 0.0625
1 0.3723958333333333 0.4817708333333333 0.03125 0.0625
1 0.3880208333333333 0.67578125 0.03125 0.0625
1 0.484375 0.8203125 0.0390625 0.041666666666666664
1 0.41796875 0.8020833333333334 0.028645833333333332 0.06510416666666667
1 0.5859375 0.4166666666666667 0.028645833333333332 0.052083333333333336
1 0.48828125 0.3684895833333333 0.036458333333333336 0.052083333333333336
1 0.4231770833333333 0.73046875 0.03125 0.052083333333333336
1 0.4583333333333333 0.7096354166666666 0.026041666666666668 0.03125
1 0.3919270833333333 0.7760416666666666 0.028645833333333332 0.049479166666666664
1 0.37890625 0.7317708333333334 0.0390625 0.06510416666666667
1 0.375 0.6458333333333334 0.03125 0.036458333333333336
1 0.62109375 0.5169270833333334 0.0234375 0.0546875
1 0.4817708333333333 0.3515625 0.041666666666666664 0.044270833333333336
1 0.5390625 0.7864583333333334 0.036458333333333336 0.057291666666666664
1 0.45703125 0.68359375 0.0234375 0.041666666666666664
1 0.4153645833333333 0.65625 0.036458333333333336 0.0546875
1 0.5130208333333334 0.5078125 0.0390625 0.052083333333333336
1 0.5963541666666666 0.5794270833333334 0.028645833333333332 0.06510416666666667
1 0.609375 0.5078125 0.041666666666666664 0.0625
1 0.6315104166666666 0.3424479166666667 0.026041666666666668 0.049479166666666664
1 0.5208333333333334 0.3138020833333333 0.028645833333333332 0.046875
1 0.515625 0.7565104166666666 0.0390625 0.06510416666666667
1 0.5169270833333334 0.7955729166666666 0.033854166666666664 0.052083333333333336
1 0.5598958333333334 0.6770833333333334 0.044270833333333336 0.0703125
1 0.4088541666666667 0.7083333333333334 0.041666666666666664 0.057291666666666664
1 0.3815104166666667 0.5182291666666666 0.0390625 0.046875
1 0.5065104166666666 0.3776041666666667 0.026041666666666668 0.0546875
1 0.4674479166666667 0.32421875 0.036458333333333336 0.033854166666666664
1 0.6067708333333334 0.4895833333333333 0.0234375 0.049479166666666664
1 0.3880208333333333 0.484375 0.036458333333333336 0.07552083333333333
1 0.48046875 0.72265625 0.0390625 0.028645833333333332
1 0.59765625 0.4908854166666667 0.026041666666666668 0.059895833333333336
1 0.546875 0.3138020833333333 0.020833333333333332 0.041666666666666664
1 0.515625 0.6809895833333334 0.036458333333333336 0.057291666666666664
1 0.4270833333333333 0.7942708333333334 0.03125 0.0703125
1 0.35546875 0.75 0.026041666666666668 0.0546875
1 0.4388020833333333 0.6223958333333334 0.03125 0.03125
1 0.4140625 0.4388020833333333 0.03125 0.0546875