1 0.49609375 0.3658854166666667 0.018229166666666668 0.046875
1 0.4205729166666667 0.4557291666666667 0.03125 0.036458333333333336
1 0.453125 0.7174479166666666 0.026041666666666668 0.020833333333333332
1 0.5546875 0.3684895833333333 0.026041666666666668 0.046875
1 0.62890625 0.3177083333333333 0.033854166666666664 0.033854166666666664
1 0.72265625 0.5208333333333334 0.036458333333333336 0.026041666666666668
1 0.4778645833333333 0.2721354166666667 0.026041666666666668 0.036458333333333336
1 0.5677083333333334 0.5911458333333334 0.03125 0.020833333333333332
1 0.6510416666666666 0.5169270833333334 0.03125 0.0390625
1 0.6848958333333334 0.546875 0.026041666666666668 0.03125
1 0.7786458333333334 0.75390625 0.015625 0.044270833333333336
1 0.4309895833333333 0.546875 0.026041666666666668 0.041666666666666664
1 0.62109375 0.5182291666666666 0.03125 0.033854166666666664
1 0.4348958333333333 0.4231770833333333 0.018229166666666668 0.036458333333333336
1 0.7408854166666666 0.33984375 0.0234375 0.041666666666666664
1 0.8880208333333334 0.6510416666666666 0.041666666666666664 0.0234375