1 0.2760416666666667 0.4375 0.07291666666666667 0.140625
1 0.3216145833333333 0.18098958333333334 0.0859375 0.049479166666666664
1 0.5872395833333334 0.2565104166666667 0.06770833333333333 0.08333333333333333
1 0.5989583333333334 0.2109375 0.06510416666666667 0.12760416666666666
1 0.4270833333333333 0.5455729166666666 0.06770833333333333 0.13020833333333334
1 0.4752604166666667 0.53125 0.0546875 0.125
1 0.5989583333333334 0.3619791666666667 0.052083333333333336 0.0625
1 0.37109375 0.2734375 0.0625 0.13541666666666666
1 0.66015625 0.17708333333333334 0.09635416666666667 0.059895833333333336
1 0.63671875 0.3372395833333333 0.06510416666666667 0.1015625
1 0.7955729166666666 0.6002604166666666 0.09635416666666667 0.07552083333333333
1 0.2890625 0.11979166666666667 0.09895833333333333 0.08072916666666667
1 0.14322916666666666 0.453125 0.11197916666666667 0.09895833333333333
1 0.3216145833333333 0.4596354166666667 0.09114583333333333 0.08072916666666667
1 0.5325520833333334 0.3502604166666667 0.0859375 0.09114583333333333
1 0.5013020833333334 0.640625 0.09635416666666667 0.07552083333333333
1 0.2565104166666667 0.5416666666666666 0.07552083333333333 0.08072916666666667
1 0.7109375 0.6145833333333334 0.06770833333333333 0.125
1 0.3893229166666667 0.4973958333333333 0.041666666666666664 0.10677083333333333
1 0.5768229166666666 0.4036458333333333 0.09635416666666667 0.08072916666666667
1 0.7135416666666666 0.70703125 0.09635416666666667 0.07291666666666667