1 0.5416666666666666 0.7122395833333334 0.049479166666666664 0.07291666666666667
1 0.50390625 0.6705729166666666 0.049479166666666664 0.0703125
1 0.4791666666666667 0.6223958333333334 0.044270833333333336 0.06770833333333333
1 0.4453125 0.5807291666666666 0.03125 0.049479166666666664
1 0.4322916666666667 0.4791666666666667 0.059895833333333336 0.046875
1 0.5052083333333334 0.5013020833333334 0.046875 0.059895833333333336
1 0.609375 0.4765625 0.03125 0.059895833333333336
1 0.5416666666666666 0.4283854166666667 0.028645833333333332 0.052083333333333336
1 0.5690104166666666 0.4309895833333333 0.036458333333333336 0.059895833333333336
1 0.5234375 0.32421875 0.057291666666666664 0.0546875
1 0.5091145833333334 0.4583333333333333 0.036458333333333336 0.0703125
1 0.5651041666666666 0.5182291666666666 0.028645833333333332 0.044270833333333336
1 0.55078125 0.5377604166666666 0.0234375 0.041666666666666664
1 0.6276041666666666 0.5234375 0.036458333333333336 0.0625
1 0.5 0.4622395833333333 0.033854166666666664 0.0703125
1 0.5416666666666666 0.4661458333333333 0.057291666666666664 0.041666666666666664
1 0.55859375 0.4010416666666667 0.033854166666666664 0.041666666666666664
1 0.6002604166666666 0.4049479166666667 0.049479166666666664 0.052083333333333336
1 0.5768229166666666 0.6809895833333334 0.046875 0.0703125
1 0.4127604166666667 0.50390625 0.06510416666666667 0.044270833333333336
1 0.5859375 0.5572916666666666 0.0234375 0.03125
1 0.515625 0.3776041666666667 0.033854166666666664 0.041666666666666664
1 0.5963541666666666 0.25 0.03125 0.059895833333333336
1 0.6197916666666666 0.2578125 0.036458333333333336 0.052083333333333336
1 0.5638020833333334 0.70703125 0.026041666666666668 0.046875
1 0.52734375 0.6627604166666666 0.03125 0.0625
1 0.4401041666666667 0.5611979166666666 0.044270833333333336 0.036458333333333336
1 0.4947916666666667 0.4088541666666667 0.046875 0.044270833333333336
1 0.53125 0.3880208333333333 0.03125 0.06510416666666667
1 0.4700520833333333 0.4322916666666667 0.0625 0.036458333333333336
1 0.609375 0.4388020833333333 0.0703125 0.0390625
1 0.6171875 0.3411458333333333 0.041666666666666664 0.08072916666666667
1 0.5559895833333334 0.8033854166666666 0.033854166666666664 0.046875
1 0.4895833333333333 0.5846354166666666 0.044270833333333336 0.0546875
1 0.4635416666666667 0.5403645833333334 0.052083333333333336 0.041666666666666664
1 0.5221354166666666 0.5729166666666666 0.028645833333333332 0.052083333333333336
1 0.5078125 0.55859375 0.028645833333333332 0.052083333333333336
1 0.546875 0.5833333333333334 0.0546875 0.059895833333333336
1 0.5546875 0.4973958333333333 0.03125 0.059895833333333336
1 0.4778645833333333 0.3841145833333333 0.041666666666666664 0.078125
1 0.6380208333333334 0.4752604166666667 0.044270833333333336 0.046875
1 0.6002604166666666 0.33203125 0.033854166666666664 0.07291666666666667
1 0.58203125 0.3515625 0.044270833333333336 0.0546875
1 0.60546875 0.20182291666666666 0.0390625 0.06770833333333333
1 0.5755208333333334 0.21875 0.046875 0.07291666666666667
1 0.53125 0.2760416666666667 0.052083333333333336 0.033854166666666664
1 0.5182291666666666 0.6119791666666666 0.046875 0.059895833333333336
1 0.5625 0.5520833333333334 0.0234375 0.0390625
1 0.5234375 0.5091145833333334 0.036458333333333336 0.059895833333333336
1 0.59375 0.5755208333333334 0.0390625 0.0703125
1 0.6484375 0.4205729166666667 0.036458333333333336 0.0703125
1 0.5364583333333334 0.2981770833333333 0.049479166666666664 0.036458333333333336
1 0.55078125 0.3463541666666667 0.049479166666666664 0.06770833333333333
1 0.5690104166666666 0.2669270833333333 0.03125 0.06510416666666667
1 0.5807291666666666 0.30078125 0.052083333333333336 0.07552083333333333
1 0.53125 0.73828125 0.049479166666666664 0.046875
1 0.5299479166666666 0.6197916666666666 0.033854166666666664 0.044270833333333336
1 0.4700520833333333 0.48046875 0.0546875 0.0625
1 0.5924479166666666 0.5234375 0.0546875 0.06770833333333333
1 0.5807291666666666 0.4752604166666667 0.046875 0.078125
1 0.4401041666666667 0.3997395833333333 0.041666666666666664 0.036458333333333336
1 0.6328125 0.3828125 0.041666666666666664 0.06770833333333333
1 0.62109375 0.22395833333333334 0.033854166666666664 0.046875
1 0.4140625 0.5377604166666666 0.049479166666666664 0.044270833333333336