1 0.22005208333333334 0.37890625 0.06770833333333333 0.046875
1 0.4739583333333333 0.4296875 0.0859375 0.059895833333333336
1 0.63671875 0.60546875 0.10416666666666667 0.07552083333333333
1 0.5833333333333334 0.5911458333333334 0.09114583333333333 0.049479166666666664
1 0.7604166666666666 0.51953125 0.046875 0.0625
1 0.7799479166666666 0.4583333333333333 0.09635416666666667 0.06770833333333333
1 0.7513020833333334 0.3841145833333333 0.09635416666666667 0.0859375
1 0.6953125 0.3828125 0.09114583333333333 0.0546875
1 0.8528645833333334 0.4895833333333333 0.07291666666666667 0.078125
1 0.8619791666666666 0.2552083333333333 0.09114583333333333 0.078125
1 0.4934895833333333 0.265625 0.0546875 0.057291666666666664
1 0.2734375 0.08463541666666667 0.078125 0.06510416666666667
1 0.5963541666666666 0.6302083333333334 0.11197916666666667 0.0703125
1 0.13671875 0.53515625 0.057291666666666664 0.08072916666666667
1 0.19791666666666666 0.4596354166666667 0.0625 0.07552083333333333
1 0.22916666666666666 0.4153645833333333 0.052083333333333336 0.06510416666666667
1 0.765625 0.2760416666666667 0.08854166666666667 0.052083333333333336
1 0.52734375 0.2526041666666667 0.109375 0.08333333333333333
1 0.7005208333333334 0.640625 0.06770833333333333 0.09375
1 0.4453125 0.6731770833333334 0.1171875 0.1015625
1 0.7890625 0.3880208333333333 0.09375 0.07291666666666667
1 0.6640625 0.20442708333333334 0.078125 0.07552083333333333
1 0.4479166666666667 0.2708333333333333 0.06770833333333333 0.07552083333333333
1 0.3346354166666667 0.13802083333333334 0.09114583333333333 0.08072916666666667
1 0.19921875 0.5546875 0.08333333333333333 0.07552083333333333
1 0.4700520833333333 0.640625 0.09114583333333333 0.046875
1 0.2265625 0.5078125 0.0859375 0.059895833333333336
1 0.51171875 0.4466145833333333 0.10677083333333333 0.07291666666666667
1 0.8697916666666666 0.43359375 0.0546875 0.0703125
1 0.828125 0.49609375 0.052083333333333336 0.06510416666666667
1 0.74609375 0.24739583333333334 0.09375 0.049479166666666664
1 0.6041666666666666 0.2708333333333333 0.109375 0.09375
1 0.5013020833333334 0.4622395833333333 0.078125 0.041666666666666664
1 0.47265625 0.484375 0.08854166666666667 0.057291666666666664
1 0.24609375 0.5703125 0.1015625 0.09635416666666667
1 0.28125 0.421875 0.0859375 0.06770833333333333
1 0.3619791666666667 0.4283854166666667 0.08854166666666667 0.06510416666666667
1 0.9518229166666666 0.3997395833333333 0.09635416666666667 0.0859375
1 0.625 0.328125 0.06770833333333333 0.09375
1 0.6861979166666666 0.4153645833333333 0.09635416666666667 0.057291666666666664
1 0.7057291666666666 0.23828125 0.09635416666666667 0.059895833333333336
1 0.84765625 0.33203125 0.12760416666666666 0.08854166666666667
1 0.3515625 0.2747395833333333 0.08072916666666667 0.06510416666666667
1 0.81640625 0.7734375 0.09114583333333333 0.09114583333333333
1 0.73828125 0.7877604166666666 0.09114583333333333 0.046875
1 0.58203125 0.56640625 0.09114583333333333 0.049479166666666664
1 0.58984375 0.21614583333333334 0.078125 0.08333333333333333
1 0.76171875 0.7434895833333334 0.10416666666666667 0.0703125
1 0.7057291666666666 0.7434895833333334 0.09895833333333333 0.07291666666666667
1 0.7408854166666666 0.64453125 0.078125 0.09375
1 0.6171875 0.5703125 0.078125 0.059895833333333336
1 0.5546875 0.50390625 0.09375 0.0625
1 0.3541666666666667 0.64453125 0.08854166666666667 0.059895833333333336
1 0.4401041666666667 0.42578125 0.09375 0.08854166666666667
1 0.55859375 0.69140625 0.0546875 0.06510416666666667
1 0.4986979166666667 0.6614583333333334 0.0859375 0.049479166666666664
1 0.4244791666666667 0.55859375 0.0859375 0.046875
1 0.4322916666666667 0.5247395833333334 0.09635416666666667 0.06770833333333333
1 0.17708333333333334 0.5286458333333334 0.07552083333333333 0.06770833333333333
1 0.7421875 0.5286458333333334 0.057291666666666664 0.07552083333333333
1 0.71484375 0.3606770833333333 0.07552083333333333 0.046875
1 0.5169270833333334 0.08072916666666667 0.11458333333333333 0.0859375