1 0.4518229166666667 0.3411458333333333 0.033854166666666664 0.049479166666666664
1 0.58203125 0.3463541666666667 0.036458333333333336 0.057291666666666664
1 0.3567708333333333 0.34375 0.036458333333333336 0.052083333333333336
1 0.5859375 0.4322916666666667 0.033854166666666664 0.028645833333333332
1 0.2994791666666667 0.5442708333333334 0.044270833333333336 0.033854166666666664
1 0.31640625 0.4283854166666667 0.049479166666666664 0.059895833333333336
1 0.3776041666666667 0.6536458333333334 0.028645833333333332 0.041666666666666664
1 0.3763020833333333 0.3528645833333333 0.041666666666666664 0.044270833333333336
1 0.4361979166666667 0.5299479166666666 0.044270833333333336 0.0546875
1 0.5703125 0.4622395833333333 0.0390625 0.0390625
1 0.5716145833333334 0.3151041666666667 0.033854166666666664 0.03125
1 0.4388020833333333 0.3033854166666667 0.052083333333333336 0.041666666666666664
1 0.5703125 0.5572916666666666 0.046875 0.041666666666666664
1 0.56640625 0.4947916666666667 0.049479166666666664 0.044270833333333336
1 0.5377604166666666 0.6966145833333334 0.052083333333333336 0.046875
1 0.4427083333333333 0.4986979166666667 0.046875 0.049479166666666664
1 0.3658854166666667 0.4635416666666667 0.0546875 0.041666666666666664
1 0.4309895833333333 0.4270833333333333 0.0390625 0.06510416666666667
1 0.54296875 0.5325520833333334 0.0390625 0.057291666666666664
1 0.4153645833333333 0.3684895833333333 0.041666666666666664 0.041666666666666664
1 0.5703125 0.6158854166666666 0.036458333333333336 0.033854166666666664
1 0.4479166666666667 0.4791666666666667 0.0390625 0.044270833333333336
1 0.5885416666666666 0.6471354166666666 0.041666666666666664 0.036458333333333336
1 0.4856770833333333 0.6106770833333334 0.0390625 0.046875
1 0.62890625 0.6549479166666666 0.0390625 0.0390625
1 0.4348958333333333 0.5611979166666666 0.033854166666666664 0.057291666666666664
1 0.5403645833333334 0.7591145833333334 0.049479166666666664 0.046875
1 0.55078125 0.64453125 0.041666666666666664 0.046875
1 0.5169270833333334 0.6015625 0.03125 0.03125
1 0.51953125 0.6197916666666666 0.026041666666666668 0.03125
1 0.3932291666666667 0.3046875 0.033854166666666664 0.059895833333333336
1 0.6028645833333334 0.5729166666666666 0.0390625 0.0546875
1 0.6302083333333334 0.6028645833333334 0.03125 0.036458333333333336
1 0.40234375 0.5963541666666666 0.046875 0.046875
1 0.359375 0.4869791666666667 0.0546875 0.0390625
1 0.5989583333333334 0.6171875 0.046875 0.0546875
1 0.5325520833333334 0.4205729166666667 0.028645833333333332 0.033854166666666664
1 0.5494791666666666 0.41796875 0.03125 0.052083333333333336
1 0.3932291666666667 0.3893229166666667 0.052083333333333336 0.0390625
1 0.5572916666666666 0.3463541666666667 0.036458333333333336 0.052083333333333336
1 0.4153645833333333 0.3463541666666667 0.041666666666666664 0.036458333333333336
1 0.5260416666666666 0.2708333333333333 0.036458333333333336 0.0390625
1 0.5 0.5703125 0.036458333333333336 0.057291666666666664
1 0.6002604166666666 0.4609375 0.036458333333333336 0.036458333333333336
1 0.5247395833333334 0.296875 0.046875 0.044270833333333336
1 0.3346354166666667 0.5065104166666666 0.049479166666666664 0.0390625
1 0.5091145833333334 0.6484375 0.036458333333333336 0.0390625
1 0.5104166666666666 0.5078125 0.033854166666666664 0.044270833333333336
1 0.4479166666666667 0.5611979166666666 0.041666666666666664 0.06510416666666667
1 0.1484375 0.62890625 0.033854166666666664 0.06510416666666667
1 0.5390625 0.578125 0.028645833333333332 0.044270833333333336
1 0.56640625 0.4088541666666667 0.0390625 0.044270833333333336
1 0.5768229166666666 0.58203125 0.049479166666666664 0.052083333333333336
1 0.6171875 0.4361979166666667 0.041666666666666664 0.03125
1 0.3841145833333333 0.4322916666666667 0.044270833333333336 0.041666666666666664
1 0.40234375 0.4583333333333333 0.028645833333333332 0.041666666666666664
1 0.4869791666666667 0.3528645833333333 0.046875 0.033854166666666664
1 0.46875 0.4440104166666667 0.046875 0.0625
1 0.6002604166666666 0.4973958333333333 0.03125 0.0390625
1 0.4778645833333333 0.5651041666666666 0.036458333333333336 0.059895833333333336
1 0.4661458333333333 0.5143229166666666 0.03125 0.052083333333333336
1 0.4010416666666667 0.6458333333333334 0.03125 0.036458333333333336
1 0.4388020833333333 0.6510416666666666 0.033854166666666664 0.0546875
1 0.51953125 0.5703125 0.028645833333333332 0.044270833333333336
1 0.6549479166666666 0.4348958333333333 0.03125 0.0390625
1 0.58203125 0.38671875 0.033854166666666664 0.049479166666666664
1 0.4908854166666667 0.5364583333333334 0.046875 0.052083333333333336
1 0.6145833333333334 0.7057291666666666 0.036458333333333336 0.057291666666666664
1 0.4427083333333333 0.4518229166666667 0.033854166666666664 0.059895833333333336
1 0.48828125 0.31640625 0.0390625 0.046875
1 0.4947916666666667 0.38671875 0.041666666666666664 0.046875
1 0.2838541666666667 0.55078125 0.044270833333333336 0.036458333333333336
1 0.328125 0.3450520833333333 0.028645833333333332 0.041666666666666664
1 0.4921875 0.4635416666666667 0.046875 0.0546875
1 0.3541666666666667 0.3815104166666667 0.036458333333333336 0.036458333333333336
1 0.5221354166666666 0.5221354166666666 0.036458333333333336 0.057291666666666664
1 0.6236979166666666 0.5182291666666666 0.0390625 0.052083333333333336
1 0.3984375 0.4036458333333333 0.0546875 0.049479166666666664
1 0.3294270833333333 0.3854166666666667 0.049479166666666664 0.0703125
1 0.50390625 0.48828125 0.044270833333333336 0.0546875
1 0.421875 0.6888020833333334 0.0390625 0.036458333333333336
1 0.4908854166666667 0.2916666666666667 0.049479166666666664 0.059895833333333336
1 0.421875 0.32421875 0.033854166666666664 0.036458333333333336
1 0.4192708333333333 0.4869791666666667 0.041666666666666664 0.059895833333333336
1 0.6080729166666666 0.359375 0.028645833333333332 0.049479166666666664
1 0.4440104166666667 0.7018229166666666 0.03125 0.052083333333333336
1 0.53515625 0.6302083333333334 0.03125 0.046875
1 0.5377604166666666 0.4817708333333333 0.036458333333333336 0.044270833333333336
1 0.48828125 0.66796875 0.044270833333333336 0.033854166666666664
1 0.3619791666666667 0.41796875 0.052083333333333336 0.059895833333333336
1 0.45703125 0.3958333333333333 0.046875 0.0390625
1 0.5520833333333334 0.3815104166666667 0.049479166666666664 0.044270833333333336
1 0.5546875 0.5846354166666666 0.033854166666666664 0.052083333333333336
1 0.52734375 0.3138020833333333 0.0546875 0.049479166666666664
1 0.61328125 0.6380208333333334 0.036458333333333336 0.046875
1 0.3138020833333333 0.4895833333333333 0.0390625 0.0546875
1 0.6041666666666666 0.4127604166666667 0.046875 0.044270833333333336
1 0.17447916666666666 0.6236979166666666 0.041666666666666664 0.06770833333333333
1 0.59375 0.6927083333333334 0.044270833333333336 0.0546875
1 0.3580729166666667 0.4049479166666667 0.0390625 0.046875
1 0.3880208333333333 0.5234375 0.041666666666666664 0.0625
1 0.57421875 0.44921875 0.052083333333333336 0.044270833333333336
1 0.5677083333333334 0.3020833333333333 0.046875 0.036458333333333336
1 0.46875 0.6341145833333334 0.044270833333333336 0.044270833333333336
1 0.5611979166666666 0.66796875 0.044270833333333336 0.036458333333333336
1 0.5833333333333334 0.5299479166666666 0.0625 0.044270833333333336