0 0.3255208333333333 0.7434895833333334 0.09895833333333333 0.0859375
1 0.14713541666666666 0.3346354166666667 0.026041666666666668 0.036458333333333336
1 0.3671875 0.5026041666666666 0.0390625 0.03125
1 0.453125 0.6119791666666666 0.033854166666666664 0.026041666666666668
1 0.34765625 0.4856770833333333 0.03125 0.036458333333333336
1 0.16536458333333334 0.4791666666666667 0.026041666666666668 0.036458333333333336
1 0.4049479166666667 0.51171875 0.033854166666666664 0.033854166666666664
1 0.5651041666666666 0.7135416666666666 0.018229166666666668 0.03125
1 0.6588541666666666 0.6796875 0.033854166666666664 0.0234375
1 0.22265625 0.3528645833333333 0.026041666666666668 0.026041666666666668
1 0.15494791666666666 0.4544270833333333 0.026041666666666668 0.028645833333333332
1 0.4088541666666667 0.6653645833333334 0.03125 0.026041666666666668
1 0.4388020833333333 0.7005208333333334 0.036458333333333336 0.0234375
1 0.6145833333333334 0.6861979166666666 0.033854166666666664 0.015625
1 0.6848958333333334 0.68359375 0.015625 0.020833333333333332
1 0.7122395833333334 0.66796875 0.018229166666666668 0.026041666666666668
1 0.1015625 0.46875 0.036458333333333336 0.0234375
1 0.5182291666666666 0.578125 0.041666666666666664 0.026041666666666668
1 0.7486979166666666 0.69140625 0.0390625 0.0234375
1 0.2838541666666667 0.42578125 0.0234375 0.020833333333333332
1 0.17838541666666666 0.4700520833333333 0.028645833333333332 0.028645833333333332
1 0.2682291666666667 0.421875 0.018229166666666668 0.026041666666666668
1 0.4609375 0.31640625 0.013020833333333334 0.020833333333333332
1 0.5859375 0.63671875 0.03125 0.026041666666666668
1 0.796875 0.6770833333333334 0.0234375 0.0234375