1 0.42578125 0.5963541666666666 0.0078125 0.018229166666666668
1 0.5963541666666666 0.4309895833333333 0.013020833333333334 0.0234375
1 0.4986979166666667 0.5026041666666666 0.0078125 0.0234375
1 0.58984375 0.4791666666666667 0.015625 0.015625
1 0.5690104166666666 0.3919270833333333 0.015625 0.013020833333333334
1 0.4752604166666667 0.3385416666666667 0.018229166666666668 0.018229166666666668
1 0.5768229166666666 0.3385416666666667 0.013020833333333334 0.020833333333333332
1 0.5572916666666666 0.4322916666666667 0.015625 0.010416666666666666
1 0.46875 0.5924479166666666 0.013020833333333334 0.013020833333333334
1 0.5130208333333334 0.40625 0.013020833333333334 0.018229166666666668
1 0.5442708333333334 0.4583333333333333 0.015625 0.015625
1 0.4088541666666667 0.2825520833333333 0.0234375 0.018229166666666668
1 0.4830729166666667 0.51953125 0.013020833333333334 0.015625
1 0.5143229166666666 0.4231770833333333 0.018229166666666668 0.018229166666666668
1 0.4557291666666667 0.3723958333333333 0.010416666666666666 0.015625
1 0.4674479166666667 0.4557291666666667 0.013020833333333334 0.013020833333333334
1 0.5325520833333334 0.3515625 0.015625 0.015625
1 0.3697916666666667 0.4700520833333333 0.013020833333333334 0.018229166666666668
1 0.4934895833333333 0.4010416666666667 0.013020833333333334 0.018229166666666668
1 0.46484375 0.4934895833333333 0.013020833333333334 0.013020833333333334
1 0.4752604166666667 0.51953125 0.0078125 0.018229166666666668
1 0.4270833333333333 0.4036458333333333 0.015625 0.015625
1 0.40234375 0.6888020833333334 0.015625 0.013020833333333334
1 0.4166666666666667 0.4505208333333333 0.013020833333333334 0.020833333333333332
1 0.5611979166666666 0.4986979166666667 0.015625 0.013020833333333334
1 0.50390625 0.4010416666666667 0.010416666666666666 0.0234375
1 0.66796875 0.3216145833333333 0.010416666666666666 0.020833333333333332
1 0.6236979166666666 0.5130208333333334 0.015625 0.020833333333333332
1 0.6119791666666666 0.4114583333333333 0.018229166666666668 0.018229166666666668
1 0.5755208333333334 0.5846354166666666 0.0078125 0.015625
1 0.4557291666666667 0.4817708333333333 0.0078125 0.018229166666666668
1 0.4518229166666667 0.43359375 0.015625 0.015625
1 0.5208333333333334 0.5078125 0.010416666666666666 0.0234375
1 0.4908854166666667 0.3020833333333333 0.015625 0.015625
1 0.37890625 0.4140625 0.015625 0.013020833333333334
1 0.6731770833333334 0.4114583333333333 0.010416666666666666 0.0234375
1 0.63671875 0.5677083333333334 0.013020833333333334 0.020833333333333332
1 0.5703125 0.46484375 0.013020833333333334 0.010416666666666666
1 0.5026041666666666 0.48828125 0.0078125 0.020833333333333332
1 0.5078125 0.46875 0.013020833333333334 0.010416666666666666
1 0.5247395833333334 0.5325520833333334 0.013020833333333334 0.010416666666666666
1 0.5403645833333334 0.44140625 0.020833333333333332 0.015625
1 0.55859375 0.38671875 0.018229166666666668 0.015625
1 0.3567708333333333 0.36328125 0.018229166666666668 0.010416666666666666
1 0.6627604166666666 0.24479166666666666 0.0078125 0.026041666666666668
1 0.6744791666666666 0.3151041666666667 0.015625 0.010416666666666666
1 0.4466145833333333 0.3671875 0.015625 0.015625
1 0.45703125 0.3880208333333333 0.015625 0.015625
1 0.5638020833333334 0.4231770833333333 0.015625 0.018229166666666668
1 0.4361979166666667 0.4934895833333333 0.013020833333333334 0.013020833333333334
1 0.5833333333333334 0.4296875 0.015625 0.010416666666666666
1 0.53515625 0.453125 0.015625 0.013020833333333334
1 0.5247395833333334 0.5234375 0.015625 0.010416666666666666
1 0.4700520833333333 0.3684895833333333 0.015625 0.010416666666666666
1 0.70703125 0.3828125 0.013020833333333334 0.015625
1 0.5625 0.4713541666666667 0.0078125 0.018229166666666668
1 0.5403645833333334 0.5325520833333334 0.015625 0.015625
1 0.4583333333333333 0.46484375 0.015625 0.013020833333333334
1 0.6770833333333334 0.4322916666666667 0.015625 0.020833333333333332
1 0.66015625 0.1953125 0.010416666666666666 0.028645833333333332
1 0.6458333333333334 0.01171875 0.010416666666666666 0.0234375
1 0.6197916666666666 0.5729166666666666 0.013020833333333334 0.018229166666666668
1 0.5130208333333334 0.57421875 0.015625 0.010416666666666666
1 0.5247395833333334 0.2421875 0.015625 0.013020833333333334
1 0.7447916666666666 0.5169270833333334 0.018229166666666668 0.015625
1 0.6197916666666666 0.4700520833333333 0.010416666666666666 0.020833333333333332
1 0.5286458333333334 0.5078125 0.010416666666666666 0.0234375
1 0.8515625 0.23567708333333334 0.013020833333333334 0.018229166666666668
1 0.5286458333333334 0.46875 0.015625 0.010416666666666666
1 0.4934895833333333 0.5325520833333334 0.015625 0.0078125
1 0.6184895833333334 0.4388020833333333 0.015625 0.018229166666666668
1 0.5 0.3658854166666667 0.015625 0.013020833333333334
1 0.4713541666666667 0.3567708333333333 0.018229166666666668 0.015625