1 0.5026041666666666 0.33203125 0.057291666666666664 0.046875
1 0.70703125 0.24869791666666666 0.057291666666666664 0.057291666666666664
1 0.6783854166666666 0.3294270833333333 0.0390625 0.046875
1 0.5364583333333334 0.20182291666666666 0.059895833333333336 0.0546875
1 0.1015625 0.2513020833333333 0.036458333333333336 0.0546875
1 0.4934895833333333 0.13802083333333334 0.0390625 0.0625
1 0.24348958333333334 0.2682291666666667 0.0546875 0.078125
1 0.16536458333333334 0.4114583333333333 0.052083333333333336 0.06770833333333333
1 0.6380208333333334 0.3671875 0.041666666666666664 0.06510416666666667
1 0.4010416666666667 0.3645833333333333 0.046875 0.07291666666666667
1 0.4036458333333333 0.22395833333333334 0.033854166666666664 0.044270833333333336
1 0.4986979166666667 0.5143229166666666 0.044270833333333336 0.06510416666666667
1 0.7005208333333334 0.5338541666666666 0.052083333333333336 0.049479166666666664
1 0.4361979166666667 0.5026041666666666 0.046875 0.07291666666666667
1 0.4166666666666667 0.421875 0.0390625 0.06770833333333333
1 0.3684895833333333 0.5625 0.052083333333333336 0.049479166666666664
1 0.52734375 0.7239583333333334 0.059895833333333336 0.052083333333333336