1 0.625 0.6575520833333334 0.033854166666666664 0.0390625
1 0.6028645833333334 0.34765625 0.049479166666666664 0.041666666666666664
1 0.66796875 0.7552083333333334 0.036458333333333336 0.052083333333333336
1 0.4518229166666667 0.7942708333333334 0.046875 0.046875
1 0.62109375 0.44921875 0.041666666666666664 0.07552083333333333
1 0.58203125 0.6432291666666666 0.0390625 0.052083333333333336
1 0.51171875 0.6692708333333334 0.033854166666666664 0.049479166666666664
1 0.3671875 0.3528645833333333 0.041666666666666664 0.0390625
1 0.3815104166666667 0.6875 0.036458333333333336 0.057291666666666664
1 0.4596354166666667 0.7578125 0.028645833333333332 0.044270833333333336
1 0.5794270833333334 0.5911458333333334 0.036458333333333336 0.059895833333333336
1 0.6002604166666666 0.3971354166666667 0.03125 0.03125
1 0.4296875 0.46875 0.033854166666666664 0.036458333333333336
1 0.5104166666666666 0.5794270833333334 0.0390625 0.041666666666666664
1 0.37109375 0.5598958333333334 0.0390625 0.052083333333333336
1 0.44140625 0.2578125 0.026041666666666668 0.0546875
1 0.4088541666666667 0.8111979166666666 0.0390625 0.041666666666666664
1 0.3046875 0.39453125 0.0390625 0.026041666666666668
1 0.6380208333333334 0.4791666666666667 0.033854166666666664 0.0703125
1 0.515625 0.8411458333333334 0.044270833333333336 0.08072916666666667
1 0.4401041666666667 0.44140625 0.03125 0.028645833333333332
1 0.5286458333333334 0.5950520833333334 0.03125 0.059895833333333336
1 0.4544270833333333 0.2825520833333333 0.036458333333333336 0.046875
1 0.6354166666666666 0.6328125 0.015625 0.015625
1 0.6158854166666666 0.3815104166666667 0.028645833333333332 0.052083333333333336
1 0.3216145833333333 0.7083333333333334 0.033854166666666664 0.06770833333333333
1 0.5325520833333334 0.19140625 0.028645833333333332 0.041666666666666664
1 0.29296875 0.5026041666666666 0.033854166666666664 0.044270833333333336
1 0.4479166666666667 0.37890625 0.046875 0.03125
1 0.3502604166666667 0.4908854166666667 0.0390625 0.036458333333333336
1 0.6028645833333334 0.6080729166666666 0.0390625 0.0390625
1 0.4010416666666667 0.39453125 0.033854166666666664 0.052083333333333336
1 0.6015625 0.51953125 0.036458333333333336 0.0625
1 0.5911458333333334 0.2838541666666667 0.033854166666666664 0.0546875
1 0.6080729166666666 0.2552083333333333 0.020833333333333332 0.028645833333333332
1 0.3854166666666667 0.7708333333333334 0.0390625 0.052083333333333336
1 0.6588541666666666 0.3502604166666667 0.033854166666666664 0.057291666666666664
1 0.3177083333333333 0.4869791666666667 0.033854166666666664 0.026041666666666668
1 0.5130208333333334 0.37890625 0.036458333333333336 0.078125
1 0.4973958333333333 0.8216145833333334 0.028645833333333332 0.057291666666666664
1 0.46875 0.2955729166666667 0.026041666666666668 0.06510416666666667
1 0.6184895833333334 0.4088541666666667 0.036458333333333336 0.057291666666666664
1 0.5026041666666666 0.7604166666666666 0.036458333333333336 0.06770833333333333
1 0.4635416666666667 0.12630208333333334 0.033854166666666664 0.0234375
1 0.5169270833333334 0.16015625 0.033854166666666664 0.06770833333333333
1 0.3216145833333333 0.51953125 0.036458333333333336 0.036458333333333336
1 0.6393229166666666 0.66796875 0.0390625 0.052083333333333336
1 0.45703125 0.83984375 0.028645833333333332 0.0234375
1 0.5026041666666666 0.0625 0.03125 0.057291666666666664
1 0.5494791666666666 0.5833333333333334 0.026041666666666668 0.059895833333333336
1 0.64453125 0.4244791666666667 0.036458333333333336 0.078125
1 0.4609375 0.3411458333333333 0.03125 0.041666666666666664
1 0.5755208333333334 0.5520833333333334 0.026041666666666668 0.046875
1 0.5768229166666666 0.4674479166666667 0.044270833333333336 0.06770833333333333
1 0.4908854166666667 0.13541666666666666 0.033854166666666664 0.033854166666666664
1 0.3997395833333333 0.7721354166666666 0.0390625 0.057291666666666664
1 0.640625 0.7135416666666666 0.046875 0.049479166666666664
1 0.6223958333333334 0.2669270833333333 0.036458333333333336 0.0625
1 0.3463541666666667 0.51171875 0.033854166666666664 0.0234375
1 0.6549479166666666 0.62890625 0.0390625 0.049479166666666664
1 0.6080729166666666 0.6822916666666666 0.03125 0.052083333333333336
1 0.4401041666666667 0.5260416666666666 0.033854166666666664 0.041666666666666664
1 0.4205729166666667 0.5846354166666666 0.036458333333333336 0.06770833333333333
1 0.6002604166666666 0.25 0.028645833333333332 0.0546875
1 0.3658854166666667 0.7955729166666666 0.033854166666666664 0.028645833333333332
1 0.5442708333333334 0.11848958333333333 0.041666666666666664 0.059895833333333336
1 0.49609375 0.16666666666666666 0.036458333333333336 0.036458333333333336
1 0.5533854166666666 0.7760416666666666 0.033854166666666664 0.059895833333333336
1 0.4817708333333333 0.8255208333333334 0.0234375 0.049479166666666664
1 0.4036458333333333 0.60546875 0.028645833333333332 0.0546875
1 0.3841145833333333 0.6419270833333334 0.03125 0.046875
1 0.45703125 0.6549479166666666 0.03125 0.033854166666666664
1 0.5494791666666666 0.19791666666666666 0.026041666666666668 0.052083333333333336
1 0.4674479166666667 0.640625 0.036458333333333336 0.033854166666666664
1 0.38671875 0.5104166666666666 0.0390625 0.03125
1 0.6432291666666666 0.7890625 0.044270833333333336 0.059895833333333336