1 0.60546875 0.9752604166666666 0.06510416666666667 0.036458333333333336
1 0.11328125 0.8111979166666666 0.06510416666666667 0.10416666666666667
1 0.4479166666666667 0.65625 0.0625 0.09114583333333333
1 0.203125 0.9674479166666666 0.052083333333333336 0.06510416666666667
1 0.265625 0.7044270833333334 0.0703125 0.125
1 0.79296875 0.34765625 0.041666666666666664 0.10416666666666667
1 0.11848958333333333 0.4635416666666667 0.0625 0.13020833333333334
1 0.7682291666666666 0.3958333333333333 0.0625 0.09114583333333333
1 0.7643229166666666 0.3203125 0.046875 0.12239583333333333
1 0.3424479166666667 0.2721354166666667 0.0625 0.08333333333333333
1 0.5052083333333334 0.06510416666666667 0.046875 0.10677083333333333
1 0.3736979166666667 0.3359375 0.046875 0.044270833333333336