1 0.3828125 0.6067708333333334 0.041666666666666664 0.036458333333333336
1 0.4700520833333333 0.5078125 0.026041666666666668 0.0546875
1 0.51171875 0.47265625 0.0390625 0.044270833333333336
1 0.4609375 0.5546875 0.03125 0.0234375
1 0.4088541666666667 0.5377604166666666 0.0390625 0.0703125
1 0.3893229166666667 0.3763020833333333 0.046875 0.041666666666666664
1 0.6341145833333334 0.5169270833333334 0.028645833333333332 0.0546875
1 0.4010416666666667 0.6692708333333334 0.0234375 0.057291666666666664
1 0.5013020833333334 0.4947916666666667 0.044270833333333336 0.028645833333333332
1 0.765625 0.4973958333333333 0.041666666666666664 0.033854166666666664
1 0.4817708333333333 0.3385416666666667 0.036458333333333336 0.028645833333333332