1 0.6536458333333334 0.90234375 0.059895833333333336 0.026041666666666668
1 0.4596354166666667 0.3372395833333333 0.07291666666666667 0.036458333333333336
1 0.97265625 0.9518229166666666 0.041666666666666664 0.046875
1 0.9075520833333334 0.4973958333333333 0.1328125 0.036458333333333336
1 0.5234375 0.35546875 0.052083333333333336 0.044270833333333336
1 0.79296875 0.3723958333333333 0.07552083333333333 0.044270833333333336
1 0.2109375 0.9947916666666666 0.057291666666666664 0.010416666666666666
1 0.3541666666666667 0.9596354166666666 0.07291666666666667 0.0390625
1 0.4739583333333333 0.5703125 0.044270833333333336 0.044270833333333336
1 0.6354166666666666 0.8424479166666666 0.078125 0.03125
1 0.4518229166666667 0.8033854166666666 0.036458333333333336 0.046875
1 0.7565104166666666 0.4348958333333333 0.09375 0.049479166666666664
1 0.5638020833333334 0.234375 0.028645833333333332 0.036458333333333336
1 0.6666666666666666 0.8580729166666666 0.057291666666666664 0.033854166666666664