1 0.5442708333333334 0.47265625 0.044270833333333336 0.06510416666666667
1 0.6341145833333334 0.3463541666666667 0.036458333333333336 0.06510416666666667
1 0.5729166666666666 0.5755208333333334 0.0546875 0.08072916666666667
1 0.5091145833333334 0.6614583333333334 0.046875 0.07552083333333333
1 0.4661458333333333 0.7513020833333334 0.0390625 0.057291666666666664
1 0.46875 0.4466145833333333 0.046875 0.09114583333333333
1 0.5651041666666666 0.4205729166666667 0.036458333333333336 0.057291666666666664
1 0.4375 0.6888020833333334 0.041666666666666664 0.06770833333333333
1 0.4986979166666667 0.4596354166666667 0.044270833333333336 0.052083333333333336
1 0.58203125 0.4752604166666667 0.03125 0.059895833333333336
1 0.38671875 0.7356770833333334 0.044270833333333336 0.0546875
1 0.5247395833333334 0.7486979166666666 0.036458333333333336 0.0625
1 0.5872395833333334 0.5013020833333334 0.044270833333333336 0.0546875