1 0.20963541666666666 0.3307291666666667 0.052083333333333336 0.0546875
1 0.4088541666666667 0.4375 0.0546875 0.044270833333333336
1 0.5494791666666666 0.6158854166666666 0.0625 0.033854166666666664
1 0.30078125 0.73046875 0.08333333333333333 0.057291666666666664
1 0.4765625 0.4348958333333333 0.057291666666666664 0.09895833333333333
1 0.4192708333333333 0.6848958333333334 0.052083333333333336 0.046875
1 0.80078125 0.3736979166666667 0.052083333333333336 0.057291666666666664
1 0.98046875 0.3203125 0.036458333333333336 0.041666666666666664
1 0.3958333333333333 0.20703125 0.06770833333333333 0.036458333333333336
1 0.14192708333333334 0.22005208333333334 0.07291666666666667 0.057291666666666664
1 0.5963541666666666 0.3528645833333333 0.06770833333333333 0.06770833333333333
1 0.7005208333333334 0.2890625 0.041666666666666664 0.078125
1 0.3385416666666667 0.18229166666666666 0.026041666666666668 0.07291666666666667
1 0.8802083333333334 0.2578125 0.08072916666666667 0.052083333333333336
1 0.18098958333333334 0.48046875 0.046875 0.078125
1 0.8489583333333334 0.2994791666666667 0.052083333333333336 0.08333333333333333
1 0.24088541666666666 0.6328125 0.0390625 0.078125
1 0.3932291666666667 0.4270833333333333 0.046875 0.09895833333333333
1 0.5286458333333334 0.2682291666666667 0.06770833333333333 0.046875
1 0.0546875 0.4765625 0.03125 0.07552083333333333
1 0.609375 0.5455729166666666 0.041666666666666664 0.08854166666666667
1 0.6002604166666666 0.20963541666666666 0.0703125 0.046875
1 0.21614583333333334 0.39453125 0.052083333333333336 0.0859375
1 0.51953125 0.453125 0.052083333333333336 0.09375
1 0.009114583333333334 0.2721354166666667 0.015625 0.09895833333333333
1 0.9036458333333334 0.3658854166666667 0.036458333333333336 0.057291666666666664
1 0.20703125 0.5572916666666666 0.0390625 0.07291666666666667
1 0.4296875 0.4283854166666667 0.026041666666666668 0.057291666666666664
1 0.022135416666666668 0.1015625 0.044270833333333336 0.08072916666666667
1 0.11848958333333333 0.4388020833333333 0.057291666666666664 0.06770833333333333
1 0.2421875 0.20182291666666666 0.03125 0.0859375
1 0.6796875 0.38671875 0.09895833333333333 0.0625
1 0.17708333333333334 0.18098958333333334 0.03125 0.08854166666666667
1 0.3541666666666667 0.3450520833333333 0.0703125 0.046875
1 0.359375 0.2942708333333333 0.046875 0.07291666666666667
1 0.97265625 0.2682291666666667 0.052083333333333336 0.044270833333333336
1 0.7916666666666666 0.5677083333333334 0.0546875 0.057291666666666664
1 0.296875 0.11848958333333333 0.046875 0.08854166666666667
1 0.12760416666666666 0.16015625 0.036458333333333336 0.109375
1 0.2604166666666667 0.5169270833333334 0.07291666666666667 0.0625
1 0.6927083333333334 0.43359375 0.06770833333333333 0.057291666666666664
1 0.3268229166666667 0.5729166666666666 0.0390625 0.06770833333333333
1 0.3645833333333333 0.5794270833333334 0.044270833333333336 0.09114583333333333
1 0.5833333333333334 0.44921875 0.07291666666666667 0.0625
1 0.3372395833333333 0.7682291666666666 0.078125 0.08072916666666667
1 0.2942708333333333 0.44140625 0.052083333333333336 0.059895833333333336
1 0.5 0.20052083333333334 0.06770833333333333 0.049479166666666664
1 0.8059895833333334 0.2890625 0.06770833333333333 0.06770833333333333
1 0.4674479166666667 0.5143229166666666 0.044270833333333336 0.09375
1 0.5052083333333334 0.7278645833333334 0.0625 0.046875
1 0.2513020833333333 0.11588541666666667 0.044270833333333336 0.10677083333333333
1 0.3776041666666667 0.24609375 0.057291666666666664 0.0546875
1 0.022135416666666668 0.18489583333333334 0.044270833333333336 0.052083333333333336
1 0.016927083333333332 0.3255208333333333 0.033854166666666664 0.09375
1 0.17447916666666666 0.2864583333333333 0.078125 0.046875
1 0.3489583333333333 0.6901041666666666 0.0390625 0.0703125
1 0.34765625 0.4986979166666667 0.03125 0.078125
1 0.3763020833333333 0.6888020833333334 0.036458333333333336 0.07291666666666667
1 0.4322916666666667 0.4752604166666667 0.044270833333333336 0.06510416666666667
1 0.9856770833333334 0.5846354166666666 0.028645833333333332 0.0703125
1 0.4817708333333333 0.2513020833333333 0.0625 0.036458333333333336
1 0.9192708333333334 0.2916666666666667 0.0625 0.036458333333333336
1 0.8307291666666666 0.4869791666666667 0.041666666666666664 0.06770833333333333
1 0.2916666666666667 0.6302083333333334 0.07291666666666667 0.0625
1 0.029947916666666668 0.41015625 0.057291666666666664 0.049479166666666664
1 0.24869791666666666 0.6861979166666666 0.08854166666666667 0.0546875
1 0.059895833333333336 0.2916666666666667 0.033854166666666664 0.08854166666666667
1 0.37109375 0.061197916666666664 0.033854166666666664 0.08333333333333333
1 0.11197916666666667 0.51953125 0.06510416666666667 0.06770833333333333
1 0.9700520833333334 0.3997395833333333 0.046875 0.078125
1 0.27734375 0.3138020833333333 0.052083333333333336 0.046875
1 0.7760416666666666 0.3294270833333333 0.057291666666666664 0.07291666666666667
1 0.5338541666666666 0.35546875 0.041666666666666664 0.06510416666666667
1 0.4557291666666667 0.5520833333333334 0.036458333333333336 0.08854166666666667
1 0.4791666666666667 0.3463541666666667 0.046875 0.046875
1 0.5325520833333334 0.53515625 0.057291666666666664 0.08854166666666667
1 0.5052083333333334 0.6458333333333334 0.057291666666666664 0.041666666666666664
1 0.7252604166666666 0.23697916666666666 0.049479166666666664 0.08333333333333333
1 0.20052083333333334 0.22265625 0.044270833333333336 0.09895833333333333
1 0.2604166666666667 0.3854166666666667 0.0703125 0.0390625
1 0.4635416666666667 0.6822916666666666 0.026041666666666668 0.0859375
1 0.97265625 0.6744791666666666 0.052083333333333336 0.07291666666666667
1 0.6627604166666666 0.5638020833333334 0.052083333333333336 0.07291666666666667
1 0.3919270833333333 0.14583333333333334 0.0625 0.09635416666666667
1 0.033854166666666664 0.03125 0.0546875 0.057291666666666664
1 0.4309895833333333 0.375 0.057291666666666664 0.036458333333333336
1 0.3515625 0.4140625 0.046875 0.08333333333333333
1 0.09114583333333333 0.2734375 0.052083333333333336 0.06510416666666667
1 0.19921875 0.13020833333333334 0.06770833333333333 0.057291666666666664
1 0.07942708333333333 0.11458333333333333 0.041666666666666664 0.08854166666666667
1 0.3880208333333333 0.4973958333333333 0.07552083333333333 0.0625
1 0.6145833333333334 0.6783854166666666 0.041666666666666664 0.09635416666666667
1 0.3111979166666667 0.3125 0.057291666666666664 0.06770833333333333
1 0.3359375 0.07291666666666667 0.06510416666666667 0.07552083333333333
1 0.4114583333333333 0.5611979166666666 0.041666666666666664 0.109375
1 0.2682291666666667 0.7890625 0.07291666666666667 0.049479166666666664
1 0.2890625 0.21223958333333334 0.03125 0.08333333333333333
1 0.5690104166666666 0.4908854166666667 0.07291666666666667 0.041666666666666664
1 0.13411458333333334 0.39453125 0.052083333333333336 0.09375
1 0.23307291666666666 0.80078125 0.041666666666666664 0.09375
1 0.06770833333333333 0.20833333333333334 0.046875 0.078125
1 0.36328125 0.17317708333333334 0.036458333333333336 0.07552083333333333
1 0.6484375 0.24088541666666666 0.059895833333333336 0.057291666666666664
1 0.58203125 0.2669270833333333 0.03125 0.09375
1 0.20182291666666666 0.640625 0.046875 0.09895833333333333
1 0.546875 0.20572916666666666 0.041666666666666664 0.09375
1 0.8463541666666666 0.6497395833333334 0.036458333333333336 0.041666666666666664
1 0.125 0.2682291666666667 0.041666666666666664 0.07291666666666667
1 0.3151041666666667 0.5234375 0.03125 0.078125
1 0.5494791666666666 0.3958333333333333 0.036458333333333336 0.07291666666666667
1 0.96484375 0.54296875 0.046875 0.057291666666666664
1 0.5234375 0.3059895833333333 0.07291666666666667 0.052083333333333336
1 0.72265625 0.5494791666666666 0.0546875 0.046875
1 0.4908854166666667 0.76171875 0.0625 0.052083333333333336
1 0.2955729166666667 0.5598958333333334 0.03125 0.057291666666666664
1 0.2526041666666667 0.44921875 0.041666666666666664 0.09895833333333333