1 0.4765625 0.5182291666666666 0.036458333333333336 0.041666666666666664
1 0.33203125 0.5299479166666666 0.03125 0.028645833333333332
1 0.3697916666666667 0.5052083333333334 0.028645833333333332 0.036458333333333336
1 0.45703125 0.4427083333333333 0.033854166666666664 0.028645833333333332
1 0.4388020833333333 0.4791666666666667 0.0234375 0.03125
1 0.5169270833333334 0.4596354166666667 0.026041666666666668 0.026041666666666668
1 0.5065104166666666 0.5390625 0.028645833333333332 0.03125
1 0.484375 0.546875 0.03125 0.036458333333333336
1 0.4869791666666667 0.45703125 0.028645833333333332 0.033854166666666664
1 0.5455729166666666 0.5559895833333334 0.0234375 0.026041666666666668
1 0.5065104166666666 0.50390625 0.020833333333333332 0.028645833333333332
1 0.2994791666666667 0.5208333333333334 0.03125 0.033854166666666664
1 0.46484375 0.46484375 0.028645833333333332 0.026041666666666668
1 0.5104166666666666 0.4361979166666667 0.041666666666666664 0.044270833333333336
1 0.546875 0.53515625 0.026041666666666668 0.036458333333333336
1 0.51953125 0.4973958333333333 0.028645833333333332 0.028645833333333332
1 0.3072916666666667 0.5 0.033854166666666664 0.028645833333333332