1 0.4348958333333333 0.4270833333333333 0.044270833333333336 0.033854166666666664
1 0.3854166666666667 0.2877604166666667 0.044270833333333336 0.0234375
1 0.4309895833333333 0.4583333333333333 0.0390625 0.036458333333333336
1 0.4583333333333333 0.4986979166666667 0.049479166666666664 0.052083333333333336
1 0.3776041666666667 0.3359375 0.059895833333333336 0.036458333333333336
1 0.3528645833333333 0.3411458333333333 0.052083333333333336 0.033854166666666664
1 0.3515625 0.2747395833333333 0.044270833333333336 0.044270833333333336
1 0.4088541666666667 0.25 0.044270833333333336 0.041666666666666664
1 0.4088541666666667 0.21354166666666666 0.046875 0.041666666666666664
1 0.44921875 0.43359375 0.026041666666666668 0.036458333333333336
1 0.3815104166666667 0.3463541666666667 0.052083333333333336 0.0234375
1 0.3984375 0.23567708333333334 0.046875 0.033854166666666664
1 0.44921875 0.2591145833333333 0.0546875 0.03125
1 0.3880208333333333 0.2669270833333333 0.036458333333333336 0.0390625
1 0.3763020833333333 0.1796875 0.041666666666666664 0.0390625
1 0.4088541666666667 0.16015625 0.057291666666666664 0.044270833333333336
1 0.46484375 0.4296875 0.033854166666666664 0.044270833333333336
1 0.4934895833333333 0.16796875 0.0390625 0.052083333333333336