1 0.79296875 0.59765625 0.041666666666666664 0.057291666666666664
1 0.3997395833333333 0.3854166666666667 0.018229166666666668 0.0625
1 0.3893229166666667 0.3619791666666667 0.015625 0.041666666666666664
1 0.4140625 0.4010416666666667 0.041666666666666664 0.036458333333333336
1 0.4440104166666667 0.3580729166666667 0.041666666666666664 0.03125
1 0.4127604166666667 0.2760416666666667 0.026041666666666668 0.08072916666666667
1 0.5013020833333334 0.5026041666666666 0.028645833333333332 0.078125
1 0.6158854166666666 0.8255208333333334 0.0390625 0.078125
1 0.5494791666666666 0.5924479166666666 0.044270833333333336 0.049479166666666664
1 0.5143229166666666 0.7122395833333334 0.052083333333333336 0.049479166666666664
1 0.5286458333333334 0.9205729166666666 0.028645833333333332 0.08854166666666667