1 0.5911458333333334 0.3802083333333333 0.03125 0.036458333333333336
1 0.5130208333333334 0.2421875 0.0234375 0.044270833333333336
1 0.43359375 0.2916666666666667 0.03125 0.026041666666666668
1 0.45703125 0.3020833333333333 0.026041666666666668 0.0546875
1 0.6497395833333334 0.3619791666666667 0.03125 0.044270833333333336
1 0.7278645833333334 0.3138020833333333 0.0390625 0.0390625
1 0.6015625 0.5377604166666666 0.03125 0.03125
1 0.6263020833333334 0.5364583333333334 0.020833333333333332 0.041666666666666664
1 0.6471354166666666 0.5911458333333334 0.033854166666666664 0.03125
1 0.4322916666666667 0.7291666666666666 0.0234375 0.033854166666666664
1 0.69921875 0.3893229166666667 0.018229166666666668 0.041666666666666664
1 0.7708333333333334 0.22526041666666666 0.03125 0.0546875
1 0.5416666666666666 0.2604166666666667 0.018229166666666668 0.0390625
1 0.5846354166666666 0.27734375 0.018229166666666668 0.0390625
1 0.6627604166666666 0.2708333333333333 0.028645833333333332 0.041666666666666664
1 0.48046875 0.3307291666666667 0.03125 0.026041666666666668
1 0.6041666666666666 0.3255208333333333 0.0234375 0.041666666666666664
1 0.5130208333333334 0.3645833333333333 0.018229166666666668 0.046875
1 0.6484375 0.4466145833333333 0.028645833333333332 0.049479166666666664
1 0.6236979166666666 0.70703125 0.018229166666666668 0.0390625
1 0.5286458333333334 0.74609375 0.033854166666666664 0.026041666666666668
1 0.609375 0.6783854166666666 0.020833333333333332 0.057291666666666664
1 0.4921875 0.9270833333333334 0.026041666666666668 0.026041666666666668
1 0.4205729166666667 0.6848958333333334 0.03125 0.033854166666666664
1 0.6145833333333334 0.3828125 0.018229166666666668 0.044270833333333336
1 0.5690104166666666 0.3229166666666667 0.03125 0.03125
1 0.6145833333333334 0.171875 0.020833333333333332 0.049479166666666664
1 0.6861979166666666 0.04296875 0.033854166666666664 0.033854166666666664
1 0.4401041666666667 0.3359375 0.028645833333333332 0.033854166666666664
1 0.4856770833333333 0.3684895833333333 0.026041666666666668 0.028645833333333332
1 0.4348958333333333 0.4908854166666667 0.0390625 0.03125
1 0.7200520833333334 0.4739583333333333 0.026041666666666668 0.049479166666666664
1 0.47265625 0.7799479166666666 0.026041666666666668 0.046875
1 0.4973958333333333 0.6145833333333334 0.033854166666666664 0.036458333333333336
1 0.453125 0.9127604166666666 0.018229166666666668 0.052083333333333336
1 0.5872395833333334 0.7200520833333334 0.0390625 0.033854166666666664
1 0.6510416666666666 0.7643229166666666 0.03125 0.0390625
1 0.6705729166666666 0.7356770833333334 0.028645833333333332 0.036458333333333336
1 0.6315104166666666 0.6901041666666666 0.028645833333333332 0.028645833333333332
1 0.2265625 0.34765625 0.026041666666666668 0.06510416666666667
1 0.62109375 0.022135416666666668 0.0234375 0.044270833333333336
1 0.44140625 0.3125 0.026041666666666668 0.026041666666666668
1 0.6080729166666666 0.21875 0.0234375 0.041666666666666664
1 0.4674479166666667 0.3606770833333333 0.028645833333333332 0.046875
1 0.6627604166666666 0.484375 0.028645833333333332 0.033854166666666664
1 0.5611979166666666 0.7369791666666666 0.020833333333333332 0.026041666666666668
1 0.5755208333333334 0.7018229166666666 0.020833333333333332 0.041666666666666664
1 0.3411458333333333 0.6783854166666666 0.033854166666666664 0.026041666666666668
1 0.3880208333333333 0.7565104166666666 0.026041666666666668 0.046875
1 0.5625 0.8072916666666666 0.018229166666666668 0.059895833333333336
1 0.6705729166666666 0.7096354166666666 0.026041666666666668 0.033854166666666664
1 0.73828125 0.69140625 0.0234375 0.041666666666666664
1 0.81640625 0.7669270833333334 0.020833333333333332 0.049479166666666664
1 0.5885416666666666 0.6067708333333334 0.0234375 0.0234375
1 0.5950520833333334 0.4700520833333333 0.041666666666666664 0.036458333333333336
1 0.6184895833333334 0.2591145833333333 0.020833333333333332 0.046875
1 0.50390625 0.2669270833333333 0.026041666666666668 0.036458333333333336
1 0.5690104166666666 0.3828125 0.020833333333333332 0.049479166666666664
1 0.5611979166666666 0.4375 0.03125 0.03125
1 0.63671875 0.7109375 0.013020833333333334 0.036458333333333336
1 0.6315104166666666 0.6354166666666666 0.018229166666666668 0.044270833333333336
1 0.3216145833333333 0.71484375 0.018229166666666668 0.03125
1 0.4375 0.7630208333333334 0.03125 0.046875
1 0.4622395833333333 0.6354166666666666 0.028645833333333332 0.028645833333333332
1 0.5052083333333334 0.6471354166666666 0.018229166666666668 0.044270833333333336
1 0.5703125 0.7682291666666666 0.020833333333333332 0.033854166666666664
1 0.5182291666666666 0.7786458333333334 0.026041666666666668 0.049479166666666664
1 0.69921875 0.6614583333333334 0.036458333333333336 0.033854166666666664
1 0.19401041666666666 0.25390625 0.0234375 0.06510416666666667
1 0.7213541666666666 0.1875 0.03125 0.059895833333333336
1 0.5182291666666666 0.21744791666666666 0.018229166666666668 0.046875
1 0.5390625 0.3203125 0.0234375 0.0625
1 0.4635416666666667 0.5416666666666666 0.026041666666666668 0.059895833333333336
1 0.25390625 0.6875 0.0234375 0.036458333333333336
1 0.6588541666666666 0.55859375 0.028645833333333332 0.028645833333333332
1 0.6822916666666666 0.5442708333333334 0.0234375 0.049479166666666664
1 0.578125 0.6783854166666666 0.026041666666666668 0.049479166666666664
1 0.3684895833333333 0.7565104166666666 0.028645833333333332 0.026041666666666668
1 0.44140625 0.7213541666666666 0.03125 0.044270833333333336
1 0.5299479166666666 0.8138020833333334 0.026041666666666668 0.036458333333333336
1 0.64453125 0.2109375 0.026041666666666668 0.049479166666666664
1 0.5208333333333334 0.2955729166666667 0.0234375 0.0390625
1 0.5729166666666666 0.2513020833333333 0.020833333333333332 0.049479166666666664
1 0.4036458333333333 0.3815104166666667 0.0234375 0.044270833333333336
1 0.4153645833333333 0.24739583333333334 0.020833333333333332 0.057291666666666664
1 0.6263020833333334 0.3450520833333333 0.03125 0.03125
1 0.2604166666666667 0.6783854166666666 0.026041666666666668 0.044270833333333336
1 0.7630208333333334 0.6041666666666666 0.0234375 0.046875
1 0.4622395833333333 0.6875 0.033854166666666664 0.033854166666666664
1 0.42578125 0.6002604166666666 0.026041666666666668 0.049479166666666664
1 0.67578125 0.6236979166666666 0.028645833333333332 0.044270833333333336
1 0.55078125 0.7734375 0.020833333333333332 0.026041666666666668
1 0.50390625 0.7083333333333334 0.028645833333333332 0.0390625
1 0.6901041666666666 0.14192708333333334 0.03125 0.0234375
1 0.6575520833333334 0.24348958333333334 0.028645833333333332 0.0234375
1 0.35546875 0.3372395833333333 0.033854166666666664 0.03125
1 0.390625 0.2981770833333333 0.028645833333333332 0.033854166666666664
1 0.6158854166666666 0.62890625 0.0234375 0.057291666666666664
1 0.47265625 0.7317708333333334 0.026041666666666668 0.057291666666666664
1 0.4505208333333333 0.8723958333333334 0.03125 0.0390625
1 0.5364583333333334 0.7760416666666666 0.03125 0.046875
1 0.4973958333333333 0.7955729166666666 0.028645833333333332 0.0546875
1 0.5768229166666666 0.828125 0.020833333333333332 0.06510416666666667
1 0.58984375 0.7434895833333334 0.026041666666666668 0.020833333333333332