1 0.6184895833333334 0.24348958333333334 0.041666666666666664 0.057291666666666664
1 0.5690104166666666 0.66015625 0.057291666666666664 0.044270833333333336
1 0.4322916666666667 0.6184895833333334 0.041666666666666664 0.06510416666666667
1 0.3606770833333333 0.78515625 0.049479166666666664 0.046875
1 0.3359375 0.6692708333333334 0.028645833333333332 0.041666666666666664
1 0.6041666666666666 0.2552083333333333 0.041666666666666664 0.08072916666666667
1 0.4557291666666667 0.7565104166666666 0.059895833333333336 0.06510416666666667
1 0.6184895833333334 0.7786458333333334 0.044270833333333336 0.059895833333333336
1 0.7135416666666666 0.5390625 0.052083333333333336 0.057291666666666664
1 0.5481770833333334 0.7109375 0.046875 0.044270833333333336
1 0.5221354166666666 0.3515625 0.0546875 0.0625
1 0.6341145833333334 0.4557291666666667 0.046875 0.0546875