1 0.5143229166666666 0.359375 0.052083333333333336 0.0859375
1 0.3372395833333333 0.40234375 0.0390625 0.07291666666666667
1 0.4752604166666667 0.2864583333333333 0.046875 0.06510416666666667
1 0.5755208333333334 0.53515625 0.046875 0.0625
1 0.4153645833333333 0.32421875 0.049479166666666664 0.06510416666666667
1 0.27734375 0.23828125 0.0546875 0.08854166666666667
1 0.421875 0.4557291666666667 0.049479166666666664 0.078125
1 0.4856770833333333 0.5611979166666666 0.059895833333333336 0.09114583333333333
1 0.50390625 0.4583333333333333 0.057291666666666664 0.078125
1 0.3958333333333333 0.3776041666666667 0.046875 0.049479166666666664
1 0.4049479166666667 0.5598958333333334 0.049479166666666664 0.09375