1 0.8229166666666666 0.5859375 0.018229166666666668 0.041666666666666664
1 0.7200520833333334 0.7018229166666666 0.018229166666666668 0.015625
1 0.045572916666666664 0.76953125 0.0234375 0.028645833333333332
1 0.013020833333333334 0.5520833333333334 0.026041666666666668 0.052083333333333336
1 0.4544270833333333 0.16927083333333334 0.013020833333333334 0.033854166666666664
1 0.6536458333333334 0.7955729166666666 0.020833333333333332 0.026041666666666668
1 0.0546875 0.7278645833333334 0.044270833333333336 0.052083333333333336
1 0.38671875 0.3268229166666667 0.013020833333333334 0.0234375
1 0.7565104166666666 0.6666666666666666 0.018229166666666668 0.03125
1 0.71484375 0.7330729166666666 0.033854166666666664 0.041666666666666664
1 0.83984375 0.5755208333333334 0.036458333333333336 0.028645833333333332
1 0.5651041666666666 0.7799479166666666 0.013020833333333334 0.015625
1 0.6979166666666666 0.4674479166666667 0.041666666666666664 0.078125
1 0.7161458333333334 0.70703125 0.013020833333333334 0.010416666666666666
1 0.30078125 0.4140625 0.026041666666666668 0.0234375