1 0.6028645833333334 0.4609375 0.09635416666666667 0.09114583333333333
1 0.60546875 0.6471354166666666 0.08333333333333333 0.10677083333333333
1 0.3372395833333333 0.4348958333333333 0.078125 0.08854166666666667
1 0.6614583333333334 0.58203125 0.052083333333333336 0.13541666666666666
1 0.42578125 0.4388020833333333 0.09895833333333333 0.09114583333333333
1 0.5390625 0.5950520833333334 0.044270833333333336 0.10416666666666667
1 0.53125 0.6653645833333334 0.049479166666666664 0.1015625
1 0.18098958333333334 0.6145833333333334 0.059895833333333336 0.11197916666666667
1 0.6953125 0.609375 0.057291666666666664 0.125
1 0.2916666666666667 0.65234375 0.08333333333333333 0.08333333333333333
1 0.6028645833333334 0.41015625 0.078125 0.10677083333333333
1 0.609375 0.52734375 0.09895833333333333 0.08854166666666667
1 0.56640625 0.5169270833333334 0.07291666666666667 0.06770833333333333
1 0.4830729166666667 0.38671875 0.044270833333333336 0.10677083333333333
1 0.4283854166666667 0.6171875 0.09375 0.06770833333333333
1 0.4661458333333333 0.7591145833333334 0.08072916666666667 0.1328125
1 0.5026041666666666 0.42578125 0.057291666666666664 0.109375
1 0.3059895833333333 0.5546875 0.06770833333333333 0.109375
1 0.5442708333333334 0.3984375 0.06510416666666667 0.125
1 0.5755208333333334 0.6354166666666666 0.078125 0.09895833333333333
1 0.50390625 0.5611979166666666 0.059895833333333336 0.125
1 0.22786458333333334 0.6080729166666666 0.06510416666666667 0.1015625
1 0.35546875 0.5247395833333334 0.0625 0.10416666666666667
1 0.26953125 0.50390625 0.057291666666666664 0.125
1 0.5078125 0.7825520833333334 0.057291666666666664 0.09635416666666667
1 0.4166666666666667 0.7578125 0.057291666666666664 0.125
1 0.73828125 0.625 0.059895833333333336 0.12239583333333333
1 0.49609375 0.6770833333333334 0.06770833333333333 0.11458333333333333
1 0.5651041666666666 0.3984375 0.033854166666666664 0.11458333333333333
1 0.4192708333333333 0.6588541666666666 0.0859375 0.046875