1 0.6380208333333334 0.4153645833333333 0.049479166666666664 0.0703125
1 0.5221354166666666 0.5481770833333334 0.0390625 0.07552083333333333
1 0.5104166666666666 0.609375 0.044270833333333336 0.0625
1 0.5247395833333334 0.7174479166666666 0.049479166666666664 0.0625
1 0.5169270833333334 0.7799479166666666 0.046875 0.044270833333333336
1 0.4986979166666667 0.5169270833333334 0.026041666666666668 0.08072916666666667
1 0.5455729166666666 0.3424479166666667 0.041666666666666664 0.03125
1 0.546875 0.4596354166666667 0.049479166666666664 0.057291666666666664
1 0.4752604166666667 0.5690104166666666 0.052083333333333336 0.041666666666666664
1 0.6315104166666666 0.5078125 0.03125 0.057291666666666664
1 0.6015625 0.62890625 0.0625 0.046875
1 0.5520833333333334 0.7799479166666666 0.028645833333333332 0.078125
1 0.5377604166666666 0.8763020833333334 0.0234375 0.059895833333333336
1 0.71484375 0.4895833333333333 0.03125 0.09895833333333333
1 0.5494791666666666 0.7213541666666666 0.028645833333333332 0.049479166666666664
1 0.6028645833333334 0.58203125 0.033854166666666664 0.0703125
1 0.5625 0.6588541666666666 0.0234375 0.06770833333333333
1 0.68359375 0.4765625 0.052083333333333336 0.046875
1 0.5481770833333334 0.5546875 0.020833333333333332 0.041666666666666664
1 0.6028645833333334 0.5208333333333334 0.046875 0.036458333333333336
1 0.5247395833333334 0.6315104166666666 0.0234375 0.0546875
1 0.6145833333333334 0.4635416666666667 0.03125 0.046875
1 0.44140625 0.6653645833333334 0.057291666666666664 0.049479166666666664
1 0.5690104166666666 0.5703125 0.044270833333333336 0.041666666666666664
1 0.58203125 0.703125 0.041666666666666664 0.08072916666666667
1 0.5403645833333334 0.5182291666666666 0.036458333333333336 0.033854166666666664
1 0.5247395833333334 0.8203125 0.036458333333333336 0.07552083333333333