1 0.4557291666666667 0.37109375 0.028645833333333332 0.028645833333333332
1 0.4947916666666667 0.4778645833333333 0.020833333333333332 0.046875
1 0.5221354166666666 0.4635416666666667 0.0234375 0.0390625
1 0.4010416666666667 0.4622395833333333 0.020833333333333332 0.036458333333333336
1 0.4609375 0.6575520833333334 0.028645833333333332 0.028645833333333332
1 0.3763020833333333 0.4765625 0.026041666666666668 0.0234375
1 0.4322916666666667 0.6302083333333334 0.026041666666666668 0.041666666666666664
1 0.60546875 0.41015625 0.026041666666666668 0.036458333333333336
1 0.48828125 0.5481770833333334 0.020833333333333332 0.0234375
1 0.49609375 0.3111979166666667 0.0234375 0.03125
1 0.6458333333333334 0.4635416666666667 0.018229166666666668 0.03125
1 0.3880208333333333 0.3723958333333333 0.03125 0.03125
1 0.5338541666666666 0.5026041666666666 0.020833333333333332 0.036458333333333336
1 0.6927083333333334 0.3971354166666667 0.028645833333333332 0.033854166666666664
1 0.37109375 0.5611979166666666 0.020833333333333332 0.041666666666666664
1 0.4700520833333333 0.5651041666666666 0.026041666666666668 0.036458333333333336
1 0.6393229166666666 0.29296875 0.033854166666666664 0.036458333333333336
1 0.5911458333333334 0.5794270833333334 0.0234375 0.0390625
1 0.4921875 0.5859375 0.028645833333333332 0.028645833333333332
1 0.6171875 0.32421875 0.026041666666666668 0.041666666666666664
1 0.5013020833333334 0.4778645833333333 0.026041666666666668 0.046875
1 0.421875 0.5611979166666666 0.026041666666666668 0.03125
1 0.6393229166666666 0.375 0.0234375 0.0390625
1 0.44921875 0.4778645833333333 0.028645833333333332 0.036458333333333336
1 0.6393229166666666 0.421875 0.0234375 0.0234375
1 0.6106770833333334 0.5638020833333334 0.028645833333333332 0.036458333333333336
1 0.5078125 0.5625 0.026041666666666668 0.033854166666666664
1 0.4674479166666667 0.6341145833333334 0.028645833333333332 0.041666666666666664
1 0.5494791666666666 0.2682291666666667 0.0234375 0.03125
1 0.5052083333333334 0.4518229166666667 0.020833333333333332 0.036458333333333336
1 0.5846354166666666 0.46484375 0.020833333333333332 0.041666666666666664
1 0.4934895833333333 0.5768229166666666 0.018229166666666668 0.033854166666666664
1 0.6497395833333334 0.4778645833333333 0.03125 0.03125
1 0.44921875 0.3932291666666667 0.026041666666666668 0.0390625
1 0.58984375 0.4309895833333333 0.0234375 0.0234375
1 0.4401041666666667 0.40625 0.026041666666666668 0.028645833333333332
1 0.4739583333333333 0.5794270833333334 0.026041666666666668 0.044270833333333336
1 0.4127604166666667 0.5208333333333334 0.028645833333333332 0.046875
1 0.6575520833333334 0.44921875 0.028645833333333332 0.0390625
1 0.3997395833333333 0.5299479166666666 0.028645833333333332 0.057291666666666664
1 0.4036458333333333 0.4986979166666667 0.026041666666666668 0.020833333333333332
1 0.6549479166666666 0.3919270833333333 0.0234375 0.033854166666666664
1 0.5794270833333334 0.4635416666666667 0.015625 0.028645833333333332
1 0.4947916666666667 0.5104166666666666 0.028645833333333332 0.036458333333333336
1 0.578125 0.453125 0.0234375 0.026041666666666668
1 0.4752604166666667 0.36328125 0.0234375 0.028645833333333332
1 0.5572916666666666 0.3971354166666667 0.026041666666666668 0.028645833333333332
1 0.64453125 0.40625 0.028645833333333332 0.020833333333333332
1 0.6080729166666666 0.328125 0.020833333333333332 0.036458333333333336
1 0.68359375 0.3684895833333333 0.028645833333333332 0.0546875
1 0.4296875 0.7265625 0.028645833333333332 0.03125
1 0.4427083333333333 0.5299479166666666 0.026041666666666668 0.03125
1 0.6041666666666666 0.34765625 0.020833333333333332 0.033854166666666664