1 0.47265625 0.24479166666666666 0.041666666666666664 0.06510416666666667
1 0.6393229166666666 0.5716145833333334 0.036458333333333336 0.028645833333333332
1 0.4791666666666667 0.4036458333333333 0.044270833333333336 0.041666666666666664
1 0.5377604166666666 0.13151041666666666 0.041666666666666664 0.036458333333333336
1 0.62890625 0.4322916666666667 0.0234375 0.041666666666666664
1 0.4947916666666667 0.4856770833333333 0.026041666666666668 0.06510416666666667
1 0.4427083333333333 0.4283854166666667 0.046875 0.059895833333333336
1 0.41796875 0.57421875 0.028645833333333332 0.057291666666666664
1 0.5 0.3450520833333333 0.028645833333333332 0.041666666666666664
1 0.4583333333333333 0.5143229166666666 0.028645833333333332 0.0625
1 0.6171875 0.4270833333333333 0.036458333333333336 0.0625