0 0.3580729166666667 0.3463541666666667 0.20572916666666666 0.21614583333333334
0 0.6171875 0.1171875 0.14322916666666666 0.2109375
0 0.4361979166666667 0.8815104166666666 0.19010416666666666 0.23697916666666666
0 0.2955729166666667 0.7708333333333334 0.16927083333333334 0.21875
0 0.2916666666666667 0.13671875 0.17447916666666666 0.19010416666666666
0 0.4322916666666667 0.65625 0.12760416666666666 0.21354166666666666
0 0.4674479166666667 0.1875 0.17447916666666666 0.2578125
0 0.21223958333333334 0.7278645833333334 0.18229166666666666 0.16145833333333334
0 0.40625 0.20052083333333334 0.14583333333333334 0.23958333333333334
0 0.3515625 0.7890625 0.13541666666666666 0.203125
0 0.16927083333333334 0.3723958333333333 0.1796875 0.2552083333333333
0 0.13020833333333334 0.67578125 0.19270833333333334 0.22395833333333334
0 0.7239583333333334 0.24479166666666666 0.203125 0.22916666666666666
0 0.3580729166666667 0.5338541666666666 0.13020833333333334 0.2109375
0 0.6184895833333334 0.6328125 0.12760416666666666 0.23958333333333334