1 0.59375 0.578125 0.07291666666666667 0.078125
1 0.49609375 0.81640625 0.052083333333333336 0.09895833333333333
1 0.3020833333333333 0.5911458333333334 0.046875 0.07552083333333333
1 0.5755208333333334 0.7096354166666666 0.052083333333333336 0.0859375
1 0.4231770833333333 0.4583333333333333 0.059895833333333336 0.08333333333333333
1 0.4127604166666667 0.2265625 0.06770833333333333 0.0625
1 0.4973958333333333 0.4283854166666667 0.07291666666666667 0.08072916666666667
1 0.5091145833333334 0.3190104166666667 0.08333333333333333 0.059895833333333336
1 0.453125 0.6796875 0.0625 0.09895833333333333
1 0.5807291666666666 0.3216145833333333 0.07552083333333333 0.078125
1 0.3645833333333333 0.5403645833333334 0.0546875 0.044270833333333336
1 0.5260416666666666 0.7578125 0.046875 0.03125
1 0.5208333333333334 0.7955729166666666 0.057291666666666664 0.078125
1 0.23958333333333334 0.7005208333333334 0.046875 0.06770833333333333
1 0.3151041666666667 0.4856770833333333 0.057291666666666664 0.07552083333333333
1 0.27734375 0.61328125 0.0546875 0.08072916666666667
1 0.5182291666666666 0.2864583333333333 0.07552083333333333 0.057291666666666664
1 0.3190104166666667 0.5442708333333334 0.057291666666666664 0.0859375
1 0.5768229166666666 0.6653645833333334 0.0703125 0.059895833333333336
1 0.5091145833333334 0.2721354166666667 0.046875 0.033854166666666664
1 0.4596354166666667 0.5091145833333334 0.044270833333333336 0.0703125
1 0.6184895833333334 0.5625 0.049479166666666664 0.07552083333333333
1 0.3346354166666667 0.6432291666666666 0.0546875 0.059895833333333336
1 0.3268229166666667 0.7018229166666666 0.057291666666666664 0.10416666666666667
1 0.4791666666666667 0.5677083333333334 0.08072916666666667 0.0703125
1 0.6171875 0.6080729166666666 0.0546875 0.0390625