1 0.5299479166666666 0.7630208333333334 0.049479166666666664 0.026041666666666668
1 0.3424479166666667 0.5924479166666666 0.0546875 0.0234375
1 0.4088541666666667 0.5768229166666666 0.028645833333333332 0.028645833333333332
1 0.4322916666666667 0.5364583333333334 0.049479166666666664 0.03125
1 0.3841145833333333 0.5598958333333334 0.049479166666666664 0.03125
1 0.4205729166666667 0.5533854166666666 0.0234375 0.026041666666666668
1 0.51953125 0.7747395833333334 0.0390625 0.033854166666666664
1 0.53125 0.70703125 0.041666666666666664 0.0234375
1 0.3880208333333333 0.6002604166666666 0.044270833333333336 0.03125
1 0.3880208333333333 0.57421875 0.041666666666666664 0.033854166666666664
1 0.4309895833333333 0.5546875 0.028645833333333332 0.026041666666666668
1 0.3997395833333333 0.62890625 0.0390625 0.0234375
1 0.3619791666666667 0.6471354166666666 0.052083333333333336 0.033854166666666664
1 0.3697916666666667 0.6119791666666666 0.041666666666666664 0.03125