1 0.5807291666666666 0.2630208333333333 0.044270833333333336 0.0546875
1 0.6861979166666666 0.34765625 0.06770833333333333 0.0390625
1 0.7239583333333334 0.2786458333333333 0.046875 0.057291666666666664
1 0.5078125 0.2721354166666667 0.033854166666666664 0.049479166666666664
1 0.5390625 0.2669270833333333 0.06510416666666667 0.046875
1 0.4713541666666667 0.3151041666666667 0.059895833333333336 0.0390625
1 0.4270833333333333 0.15234375 0.0703125 0.046875
1 0.47265625 0.17447916666666666 0.06770833333333333 0.0390625
1 0.3059895833333333 0.140625 0.044270833333333336 0.044270833333333336
1 0.3177083333333333 0.1640625 0.07552083333333333 0.0390625
1 0.4322916666666667 0.4583333333333333 0.0703125 0.052083333333333336
1 0.3255208333333333 0.3372395833333333 0.049479166666666664 0.049479166666666664
1 0.3216145833333333 0.2682291666666667 0.07552083333333333 0.036458333333333336
1 0.22135416666666666 0.4739583333333333 0.059895833333333336 0.041666666666666664
1 0.2825520833333333 0.24609375 0.07291666666666667 0.041666666666666664
1 0.17447916666666666 0.23697916666666666 0.059895833333333336 0.052083333333333336
1 0.23177083333333334 0.3268229166666667 0.07291666666666667 0.041666666666666664
1 0.12760416666666666 0.30078125 0.057291666666666664 0.049479166666666664
1 0.14453125 0.34375 0.044270833333333336 0.052083333333333336
1 0.21223958333333334 0.19791666666666666 0.041666666666666664 0.0390625
1 0.07682291666666667 0.4739583333333333 0.057291666666666664 0.046875
1 0.40625 0.11458333333333333 0.078125 0.0390625
1 0.171875 0.4075520833333333 0.046875 0.046875
1 0.1640625 0.3763020833333333 0.0625 0.0390625
1 0.13541666666666666 0.453125 0.044270833333333336 0.044270833333333336
1 0.3151041666666667 0.29296875 0.0625 0.03125
1 0.5807291666666666 0.3046875 0.07552083333333333 0.033854166666666664
1 0.51953125 0.3671875 0.049479166666666664 0.059895833333333336
1 0.4153645833333333 0.30859375 0.044270833333333336 0.0390625
1 0.3919270833333333 0.09244791666666667 0.078125 0.0390625
1 0.3645833333333333 0.17708333333333334 0.0703125 0.052083333333333336
1 0.3268229166666667 0.18619791666666666 0.06510416666666667 0.03125
1 0.4049479166666667 0.5013020833333334 0.07552083333333333 0.036458333333333336
1 0.3776041666666667 0.3854166666666667 0.059895833333333336 0.0390625
1 0.3502604166666667 0.3059895833333333 0.036458333333333336 0.052083333333333336
1 0.296875 0.3177083333333333 0.07552083333333333 0.052083333333333336
1 0.11979166666666667 0.23177083333333334 0.059895833333333336 0.033854166666666664
1 0.10416666666666667 0.2903645833333333 0.0625 0.03125
1 0.3580729166666667 0.4388020833333333 0.049479166666666664 0.041666666666666664
1 0.19140625 0.3971354166666667 0.0546875 0.0546875
1 0.3020833333333333 0.4609375 0.052083333333333336 0.0390625
1 0.4908854166666667 0.3619791666666667 0.049479166666666664 0.052083333333333336
1 0.6393229166666666 0.3151041666666667 0.044270833333333336 0.0546875
1 0.6458333333333334 0.3567708333333333 0.049479166666666664 0.049479166666666664
1 0.4856770833333333 0.23046875 0.057291666666666664 0.028645833333333332
1 0.4700520833333333 0.2760416666666667 0.0625 0.041666666666666664
1 0.3203125 0.12760416666666666 0.052083333333333336 0.0546875
1 0.3463541666666667 0.04296875 0.041666666666666664 0.046875
1 0.2721354166666667 0.08854166666666667 0.059895833333333336 0.036458333333333336
1 0.46875 0.3854166666666667 0.041666666666666664 0.046875
1 0.4466145833333333 0.3763020833333333 0.044270833333333336 0.0546875
1 0.4192708333333333 0.3932291666666667 0.033854166666666664 0.052083333333333336
1 0.026041666666666668 0.3203125 0.052083333333333336 0.046875
1 0.22135416666666666 0.3333333333333333 0.0390625 0.03125
1 0.09765625 0.4296875 0.049479166666666664 0.0546875
1 0.09114583333333333 0.3059895833333333 0.06510416666666667 0.03125
1 0.07942708333333333 0.4348958333333333 0.06770833333333333 0.03125
1 0.2721354166666667 0.3229166666666667 0.041666666666666664 0.052083333333333336
1 0.4674479166666667 0.13411458333333334 0.059895833333333336 0.049479166666666664
1 0.3893229166666667 0.23828125 0.044270833333333336 0.0625
1 0.4140625 0.16927083333333334 0.0546875 0.049479166666666664
1 0.2643229166666667 0.12239583333333333 0.06770833333333333 0.036458333333333336
1 0.4401041666666667 0.421875 0.0546875 0.0390625
1 0.3528645833333333 0.375 0.0390625 0.046875
1 0.3177083333333333 0.4973958333333333 0.049479166666666664 0.049479166666666664
1 0.24739583333333334 0.2760416666666667 0.06770833333333333 0.046875
1 0.21875 0.23828125 0.0703125 0.036458333333333336
1 0.17317708333333334 0.20182291666666666 0.041666666666666664 0.0546875
1 0.1015625 0.24479166666666666 0.07291666666666667 0.044270833333333336
1 0.21354166666666666 0.17447916666666666 0.0546875 0.044270833333333336
1 0.2526041666666667 0.3333333333333333 0.033854166666666664 0.044270833333333336
1 0.061197916666666664 0.2825520833333333 0.0625 0.049479166666666664
1 0.041666666666666664 0.2864583333333333 0.08333333333333333 0.041666666666666664
1 0.3229166666666667 0.44921875 0.052083333333333336 0.03125
1 0.19401041666666666 0.359375 0.041666666666666664 0.044270833333333336
1 0.022135416666666668 0.30078125 0.044270833333333336 0.049479166666666664
1 0.234375 0.4375 0.057291666666666664 0.036458333333333336
1 0.14192708333333334 0.13932291666666666 0.07291666666666667 0.052083333333333336
1 0.3580729166666667 0.265625 0.059895833333333336 0.033854166666666664
1 0.3333333333333333 0.23958333333333334 0.0703125 0.0390625
1 0.24088541666666666 0.1796875 0.0390625 0.044270833333333336
1 0.37890625 0.48046875 0.0625 0.033854166666666664
1 0.4518229166666667 0.23567708333333334 0.06510416666666667 0.036458333333333336
1 0.3151041666666667 0.08723958333333333 0.07552083333333333 0.057291666666666664
1 0.23828125 0.11197916666666667 0.0546875 0.028645833333333332
1 0.2955729166666667 0.2630208333333333 0.06770833333333333 0.0390625
1 0.20833333333333334 0.1484375 0.0546875 0.041666666666666664
1 0.09375 0.3958333333333333 0.036458333333333336 0.0546875
1 0.07421875 0.3658854166666667 0.06510416666666667 0.03125
1 0.18098958333333334 0.44140625 0.078125 0.03125
1 0.06901041666666667 0.26171875 0.059895833333333336 0.0546875
1 0.3880208333333333 0.3268229166666667 0.0390625 0.049479166666666664
1 0.1484375 0.42578125 0.044270833333333336 0.046875
1 0.2942708333333333 0.4205729166666667 0.059895833333333336 0.033854166666666664
1 0.21354166666666666 0.2838541666666667 0.052083333333333336 0.052083333333333336
1 0.3528645833333333 0.15104166666666666 0.0625 0.041666666666666664
1 0.4661458333333333 0.2552083333333333 0.06510416666666667 0.03125
1 0.4934895833333333 0.3190104166666667 0.049479166666666664 0.049479166666666664
1 0.4388020833333333 0.20963541666666666 0.046875 0.049479166666666664
1 0.4049479166666667 0.23958333333333334 0.036458333333333336 0.059895833333333336
1 0.4973958333333333 0.13020833333333334 0.044270833333333336 0.057291666666666664
1 0.1953125 0.10546875 0.07291666666666667 0.0390625
1 0.19270833333333334 0.12890625 0.0703125 0.044270833333333336
1 0.28125 0.16276041666666666 0.0625 0.028645833333333332
1 0.4361979166666667 0.3463541666666667 0.036458333333333336 0.041666666666666664
1 0.375 0.2903645833333333 0.059895833333333336 0.044270833333333336
1 0.33203125 0.41796875 0.059895833333333336 0.041666666666666664
1 0.3528645833333333 0.4739583333333333 0.0625 0.041666666666666664
1 0.013020833333333334 0.2669270833333333 0.026041666666666668 0.044270833333333336
1 0.2565104166666667 0.22135416666666666 0.044270833333333336 0.041666666666666664
1 0.2942708333333333 0.4947916666666667 0.044270833333333336 0.033854166666666664
1 0.41796875 0.3736979166666667 0.044270833333333336 0.052083333333333336
1 0.03515625 0.24869791666666666 0.0703125 0.044270833333333336
1 0.053385416666666664 0.453125 0.057291666666666664 0.036458333333333336
1 0.53125 0.2109375 0.041666666666666664 0.0546875
1 0.421875 0.2734375 0.07291666666666667 0.041666666666666664
1 0.3997395833333333 0.18098958333333334 0.033854166666666664 0.046875
1 0.5026041666666666 0.16927083333333334 0.07291666666666667 0.046875
1 0.46484375 0.10416666666666667 0.0703125 0.049479166666666664
1 0.296875 0.4075520833333333 0.057291666666666664 0.03125
1 0.24869791666666666 0.4609375 0.049479166666666664 0.0390625
1 0.171875 0.3059895833333333 0.046875 0.06770833333333333
1 0.12239583333333333 0.18880208333333334 0.052083333333333336 0.0546875
1 0.2838541666666667 0.3723958333333333 0.0546875 0.052083333333333336
1 0.23567708333333334 0.3971354166666667 0.046875 0.046875
1 0.036458333333333336 0.4622395833333333 0.06510416666666667 0.049479166666666664
1 0.4674479166666667 0.203125 0.0625 0.033854166666666664
1 0.3177083333333333 0.21223958333333334 0.0703125 0.046875
1 0.53515625 0.24609375 0.06510416666666667 0.046875
1 0.13411458333333334 0.375 0.057291666666666664 0.041666666666666664
1 0.4869791666666667 0.3489583333333333 0.033854166666666664 0.041666666666666664
1 0.5104166666666666 0.06640625 0.078125 0.057291666666666664
1 0.328125 0.06640625 0.07552083333333333 0.046875
1 0.40625 0.3502604166666667 0.049479166666666664 0.044270833333333336
1 0.3072916666666667 0.3684895833333333 0.03125 0.041666666666666664
1 0.3932291666666667 0.4609375 0.0625 0.046875
1 0.19661458333333334 0.203125 0.052083333333333336 0.057291666666666664
1 0.13932291666666666 0.265625 0.08072916666666667 0.03125
1 0.21354166666666666 0.3190104166666667 0.07291666666666667 0.0546875
1 0.4075520833333333 0.4322916666666667 0.049479166666666664 0.041666666666666664
1 0.3606770833333333 0.4075520833333333 0.059895833333333336 0.036458333333333336
1 0.14322916666666666 0.4088541666666667 0.046875 0.052083333333333336
1 0.22916666666666666 0.3671875 0.057291666666666664 0.0390625
1 0.06901041666666667 0.1953125 0.049479166666666664 0.0703125
1 0.044270833333333336 0.3919270833333333 0.044270833333333336 0.0546875
1 0.10546875 0.3424479166666667 0.052083333333333336 0.041666666666666664
1 0.18619791666666666 0.4765625 0.059895833333333336 0.036458333333333336
1 0.2786458333333333 0.203125 0.044270833333333336 0.049479166666666664