1 0.6875 0.5091145833333334 0.052083333333333336 0.044270833333333336
1 0.5533854166666666 0.64453125 0.03125 0.06770833333333333
1 0.6184895833333334 0.2591145833333333 0.041666666666666664 0.0703125
1 0.6510416666666666 0.3958333333333333 0.041666666666666664 0.07291666666666667
1 0.6171875 0.6458333333333334 0.0546875 0.0703125
1 0.4765625 0.3671875 0.0546875 0.07552083333333333
1 0.3932291666666667 0.6510416666666666 0.059895833333333336 0.049479166666666664
1 0.3203125 0.42578125 0.036458333333333336 0.06770833333333333
1 0.4283854166666667 0.3111979166666667 0.0390625 0.07291666666666667
1 0.53125 0.6510416666666666 0.028645833333333332 0.057291666666666664
1 0.6028645833333334 0.7513020833333334 0.06510416666666667 0.08333333333333333
1 0.2747395833333333 0.5716145833333334 0.052083333333333336 0.08072916666666667