1 0.4388020833333333 0.17708333333333334 0.044270833333333336 0.057291666666666664
1 0.29296875 0.2265625 0.041666666666666664 0.0546875
1 0.24739583333333334 0.22135416666666666 0.044270833333333336 0.06770833333333333
1 0.2708333333333333 0.4401041666666667 0.036458333333333336 0.049479166666666664
1 0.21875 0.7447916666666666 0.041666666666666664 0.041666666666666664
1 0.22265625 0.71875 0.041666666666666664 0.059895833333333336
1 0.3802083333333333 0.21875 0.036458333333333336 0.06510416666666667
1 0.3046875 0.3697916666666667 0.028645833333333332 0.06770833333333333
1 0.3828125 0.6510416666666666 0.036458333333333336 0.059895833333333336
1 0.4479166666666667 0.3919270833333333 0.044270833333333336 0.041666666666666664
1 0.23697916666666666 0.7747395833333334 0.0390625 0.07552083333333333
1 0.4609375 0.3502604166666667 0.036458333333333336 0.044270833333333336
1 0.4791666666666667 0.36328125 0.041666666666666664 0.06770833333333333
1 0.2942708333333333 0.7174479166666666 0.018229166666666668 0.059895833333333336
1 0.4114583333333333 0.4908854166666667 0.033854166666666664 0.03125
1 0.41015625 0.3059895833333333 0.0390625 0.07291666666666667
1 0.22135416666666666 0.4622395833333333 0.036458333333333336 0.049479166666666664
1 0.2786458333333333 0.6848958333333334 0.049479166666666664 0.06510416666666667
1 0.40234375 0.5416666666666666 0.0390625 0.057291666666666664
1 0.3763020833333333 0.3645833333333333 0.036458333333333336 0.033854166666666664
1 0.14322916666666666 0.3802083333333333 0.036458333333333336 0.07552083333333333
1 0.24479166666666666 0.4166666666666667 0.041666666666666664 0.041666666666666664
1 0.2890625 0.5924479166666666 0.0546875 0.0625
1 0.3111979166666667 0.3984375 0.033854166666666664 0.049479166666666664
1 0.3515625 0.671875 0.033854166666666664 0.06770833333333333
1 0.3880208333333333 0.6276041666666666 0.036458333333333336 0.049479166666666664
1 0.3515625 0.3802083333333333 0.041666666666666664 0.036458333333333336
1 0.23958333333333334 0.8046875 0.0390625 0.049479166666666664
1 0.3229166666666667 0.3723958333333333 0.033854166666666664 0.036458333333333336
1 0.37890625 0.7109375 0.041666666666666664 0.046875
1 0.17447916666666666 0.453125 0.0546875 0.0625
1 0.20182291666666666 0.6966145833333334 0.036458333333333336 0.0546875
1 0.4088541666666667 0.24088541666666666 0.0390625 0.052083333333333336
1 0.33203125 0.7109375 0.0390625 0.057291666666666664
1 0.4153645833333333 0.421875 0.0390625 0.0625
1 0.41796875 0.3372395833333333 0.036458333333333336 0.0546875
1 0.20833333333333334 0.4921875 0.0390625 0.044270833333333336
1 0.4322916666666667 0.5260416666666666 0.044270833333333336 0.052083333333333336
1 0.37109375 0.6263020833333334 0.0234375 0.06510416666666667
1 0.19140625 0.6002604166666666 0.044270833333333336 0.0546875
1 0.4322916666666667 0.6458333333333334 0.041666666666666664 0.0703125
1 0.4244791666666667 0.26953125 0.041666666666666664 0.0703125
1 0.2682291666666667 0.3541666666666667 0.036458333333333336 0.06770833333333333
1 0.2421875 0.6263020833333334 0.0390625 0.07291666666666667
1 0.3567708333333333 0.6041666666666666 0.03125 0.078125
1 0.4127604166666667 0.5911458333333334 0.0390625 0.057291666666666664
1 0.3984375 0.3776041666666667 0.03125 0.041666666666666664
1 0.4140625 0.4661458333333333 0.0390625 0.0390625
1 0.3111979166666667 0.5065104166666666 0.041666666666666664 0.09114583333333333
1 0.30859375 0.7213541666666666 0.020833333333333332 0.046875
1 0.33984375 0.64453125 0.0234375 0.044270833333333336
1 0.24088541666666666 0.18619791666666666 0.046875 0.06510416666666667
1 0.19010416666666666 0.6770833333333334 0.033854166666666664 0.06510416666666667
1 0.20442708333333334 0.6484375 0.036458333333333336 0.0546875
1 0.4921875 0.2760416666666667 0.041666666666666664 0.057291666666666664
1 0.37109375 0.3203125 0.03125 0.0703125
1 0.2864583333333333 0.5104166666666666 0.03125 0.06510416666666667
1 0.33984375 0.61328125 0.028645833333333332 0.0625
1 0.4440104166666667 0.3450520833333333 0.0390625 0.06770833333333333
1 0.328125 0.7369791666666666 0.020833333333333332 0.0546875
1 0.3151041666666667 0.6848958333333334 0.028645833333333332 0.046875
1 0.5794270833333334 0.6028645833333334 0.052083333333333336 0.06510416666666667
1 0.34375 0.4817708333333333 0.033854166666666664 0.057291666666666664
1 0.34375 0.26953125 0.041666666666666664 0.07291666666666667
1 0.23567708333333334 0.6796875 0.026041666666666668 0.059895833333333336
1 0.3567708333333333 0.4778645833333333 0.0390625 0.0390625
1 0.375 0.5872395833333334 0.041666666666666664 0.0546875
1 0.3763020833333333 0.4947916666666667 0.033854166666666664 0.0625
1 0.4361979166666667 0.4765625 0.033854166666666664 0.0703125
1 0.4453125 0.70703125 0.033854166666666664 0.07291666666666667
1 0.2526041666666667 0.6497395833333334 0.026041666666666668 0.028645833333333332
1 0.23046875 0.52734375 0.0390625 0.07291666666666667
1 0.18619791666666666 0.4986979166666667 0.046875 0.046875
1 0.19921875 0.4114583333333333 0.036458333333333336 0.046875
1 0.2578125 0.3763020833333333 0.033854166666666664 0.06770833333333333
1 0.3567708333333333 0.3203125 0.028645833333333332 0.07291666666666667
1 0.2877604166666667 0.4049479166666667 0.033854166666666664 0.046875
1 0.20703125 0.4296875 0.049479166666666664 0.0390625
1 0.4296875 0.5703125 0.03125 0.078125
1 0.3763020833333333 0.5377604166666666 0.033854166666666664 0.052083333333333336
1 0.38671875 0.4453125 0.036458333333333336 0.07291666666666667
1 0.265625 0.7760416666666666 0.041666666666666664 0.057291666666666664
1 0.4505208333333333 0.47265625 0.03125 0.044270833333333336
1 0.2864583333333333 0.4700520833333333 0.036458333333333336 0.036458333333333336
1 0.265625 0.6653645833333334 0.03125 0.046875
1 0.2630208333333333 0.6354166666666666 0.018229166666666668 0.0625
1 0.38671875 0.3893229166666667 0.028645833333333332 0.03125