1 0.27734375 0.5091145833333334 0.03125 0.046875
1 0.28515625 0.4466145833333333 0.03125 0.041666666666666664
1 0.23177083333333334 0.4088541666666667 0.033854166666666664 0.044270833333333336
1 0.4127604166666667 0.4557291666666667 0.036458333333333336 0.0546875
1 0.4518229166666667 0.33203125 0.033854166666666664 0.041666666666666664
1 0.3776041666666667 0.4934895833333333 0.03125 0.036458333333333336
1 0.375 0.6302083333333334 0.03125 0.044270833333333336
1 0.5442708333333334 0.45703125 0.033854166666666664 0.0390625
1 0.5846354166666666 0.2877604166666667 0.028645833333333332 0.046875
1 0.5442708333333334 0.3033854166666667 0.03125 0.033854166666666664
1 0.515625 0.4635416666666667 0.036458333333333336 0.036458333333333336
1 0.3893229166666667 0.4283854166666667 0.03125 0.046875
1 0.546875 0.6171875 0.03125 0.052083333333333336
1 0.56640625 0.5768229166666666 0.033854166666666664 0.041666666666666664
1 0.44921875 0.6236979166666666 0.036458333333333336 0.044270833333333336
1 0.3125 0.4114583333333333 0.03125 0.049479166666666664
1 0.3463541666666667 0.3815104166666667 0.033854166666666664 0.044270833333333336
1 0.37890625 0.3984375 0.036458333333333336 0.0546875
1 0.3255208333333333 0.4817708333333333 0.033854166666666664 0.044270833333333336
1 0.3216145833333333 0.6627604166666666 0.028645833333333332 0.036458333333333336
1 0.5247395833333334 0.5859375 0.041666666666666664 0.046875
1 0.2942708333333333 0.6770833333333334 0.03125 0.041666666666666664
1 0.6119791666666666 0.2786458333333333 0.033854166666666664 0.057291666666666664
1 0.4505208333333333 0.5846354166666666 0.036458333333333336 0.046875
1 0.5677083333333334 0.453125 0.028645833333333332 0.049479166666666664
1 0.6158854166666666 0.3541666666666667 0.033854166666666664 0.057291666666666664
1 0.5598958333333334 0.53125 0.028645833333333332 0.044270833333333336
1 0.23567708333333334 0.5794270833333334 0.033854166666666664 0.052083333333333336
1 0.4453125 0.35546875 0.036458333333333336 0.041666666666666664
1 0.5416666666666666 0.4921875 0.033854166666666664 0.041666666666666664
1 0.5690104166666666 0.5013020833333334 0.036458333333333336 0.036458333333333336
1 0.390625 0.6627604166666666 0.036458333333333336 0.057291666666666664
1 0.2786458333333333 0.5911458333333334 0.026041666666666668 0.041666666666666664
1 0.42578125 0.2994791666666667 0.044270833333333336 0.0390625
1 0.2916666666666667 0.546875 0.033854166666666664 0.041666666666666664
1 0.5638020833333334 0.60546875 0.033854166666666664 0.036458333333333336
1 0.55078125 0.5690104166666666 0.03125 0.0390625
1 0.3489583333333333 0.6119791666666666 0.036458333333333336 0.052083333333333336
1 0.2552083333333333 0.4947916666666667 0.03125 0.0390625
1 0.2942708333333333 0.4700520833333333 0.028645833333333332 0.046875
1 0.3359375 0.3203125 0.0390625 0.036458333333333336
1 0.3020833333333333 0.5911458333333334 0.036458333333333336 0.0546875
1 0.3177083333333333 0.7174479166666666 0.036458333333333336 0.036458333333333336
1 0.47265625 0.3502604166666667 0.0390625 0.057291666666666664
1 0.42578125 0.5872395833333334 0.03125 0.033854166666666664
1 0.5221354166666666 0.3619791666666667 0.033854166666666664 0.03125
1 0.6002604166666666 0.4270833333333333 0.033854166666666664 0.052083333333333336
1 0.3411458333333333 0.6731770833333334 0.03125 0.026041666666666668
1 0.2721354166666667 0.53515625 0.033854166666666664 0.03125
1 0.35546875 0.2838541666666667 0.03125 0.049479166666666664
1 0.4856770833333333 0.4895833333333333 0.036458333333333336 0.044270833333333336
1 0.5872395833333334 0.4361979166666667 0.03125 0.044270833333333336
1 0.4700520833333333 0.4375 0.0390625 0.036458333333333336
1 0.5989583333333334 0.23697916666666666 0.033854166666666664 0.052083333333333336
1 0.37890625 0.4674479166666667 0.026041666666666668 0.028645833333333332
1 0.2669270833333333 0.5677083333333334 0.036458333333333336 0.033854166666666664
1 0.3541666666666667 0.4674479166666667 0.033854166666666664 0.049479166666666664
1 0.3541666666666667 0.5325520833333334 0.03125 0.046875
1 0.2942708333333333 0.5651041666666666 0.0234375 0.0390625
1 0.3606770833333333 0.65234375 0.036458333333333336 0.046875
1 0.578125 0.328125 0.03125 0.046875
1 0.5169270833333334 0.32421875 0.028645833333333332 0.044270833333333336
1 0.58984375 0.390625 0.028645833333333332 0.044270833333333336
1 0.3450520833333333 0.5598958333333334 0.03125 0.028645833333333332
1 0.328125 0.53125 0.026041666666666668 0.028645833333333332
1 0.4765625 0.3125 0.036458333333333336 0.0390625
1 0.3802083333333333 0.2877604166666667 0.0390625 0.0390625
1 0.4140625 0.4153645833333333 0.033854166666666664 0.041666666666666664
1 0.4596354166666667 0.3893229166666667 0.036458333333333336 0.041666666666666664
1 0.33203125 0.51171875 0.033854166666666664 0.036458333333333336
1 0.2786458333333333 0.6276041666666666 0.033854166666666664 0.049479166666666664
1 0.3125 0.5377604166666666 0.033854166666666664 0.0390625
1 0.3203125 0.6875 0.033854166666666664 0.03125
1 0.4869791666666667 0.39453125 0.0390625 0.044270833333333336
1 0.5182291666666666 0.4921875 0.028645833333333332 0.028645833333333332
1 0.578125 0.5390625 0.03125 0.049479166666666664
1 0.3997395833333333 0.3528645833333333 0.0390625 0.041666666666666664
1 0.4075520833333333 0.578125 0.033854166666666664 0.0390625
1 0.3203125 0.62890625 0.028645833333333332 0.046875
1 0.4153645833333333 0.6145833333333334 0.03125 0.036458333333333336
1 0.4231770833333333 0.3216145833333333 0.028645833333333332 0.028645833333333332
1 0.33984375 0.6510416666666666 0.03125 0.028645833333333332
1 0.3515625 0.4361979166666667 0.0390625 0.036458333333333336
1 0.5494791666666666 0.3489583333333333 0.0390625 0.059895833333333336
1 0.6223958333333334 0.3828125 0.03125 0.049479166666666664
1 0.4140625 0.7161458333333334 0.0390625 0.0546875
1 0.5638020833333334 0.30859375 0.028645833333333332 0.026041666666666668