1 0.2877604166666667 0.5182291666666666 0.049479166666666664 0.03125
1 0.41015625 0.5846354166666666 0.036458333333333336 0.013020833333333334
1 0.5065104166666666 0.6080729166666666 0.033854166666666664 0.020833333333333332
1 0.5260416666666666 0.14973958333333334 0.046875 0.018229166666666668
1 0.4986979166666667 0.5065104166666666 0.020833333333333332 0.036458333333333336
1 0.3541666666666667 0.5065104166666666 0.041666666666666664 0.026041666666666668
1 0.2109375 0.4296875 0.044270833333333336 0.015625
1 0.5052083333333334 0.6940104166666666 0.0390625 0.036458333333333336
1 0.3619791666666667 0.22526041666666666 0.028645833333333332 0.033854166666666664
1 0.6028645833333334 0.18359375 0.018229166666666668 0.03125
1 0.6770833333333334 0.3229166666666667 0.0234375 0.0234375
1 0.33203125 0.3229166666666667 0.033854166666666664 0.013020833333333334
1 0.5247395833333334 0.6236979166666666 0.033854166666666664 0.020833333333333332
1 0.8841145833333334 0.2109375 0.0234375 0.036458333333333336
1 0.7057291666666666 0.69921875 0.041666666666666664 0.028645833333333332
1 0.3151041666666667 0.40625 0.0390625 0.020833333333333332