1 0.5533854166666666 0.6927083333333334 0.015625 0.036458333333333336
1 0.6588541666666666 0.7135416666666666 0.020833333333333332 0.036458333333333336
1 0.5026041666666666 0.7083333333333334 0.015625 0.036458333333333336
1 0.328125 0.6263020833333334 0.020833333333333332 0.026041666666666668
1 0.3489583333333333 0.4348958333333333 0.020833333333333332 0.03125
1 0.3333333333333333 0.3984375 0.026041666666666668 0.026041666666666668
1 0.4244791666666667 0.3372395833333333 0.018229166666666668 0.041666666666666664
1 0.4700520833333333 0.3723958333333333 0.018229166666666668 0.033854166666666664
1 0.4036458333333333 0.4010416666666667 0.018229166666666668 0.026041666666666668
1 0.5078125 0.3684895833333333 0.015625 0.041666666666666664
1 0.5442708333333334 0.5403645833333334 0.026041666666666668 0.020833333333333332
1 0.5338541666666666 0.5234375 0.018229166666666668 0.026041666666666668
1 0.5299479166666666 0.3697916666666667 0.020833333333333332 0.03125
1 0.6328125 0.24479166666666666 0.026041666666666668 0.036458333333333336
1 0.6002604166666666 0.3958333333333333 0.026041666666666668 0.0234375
1 0.5703125 0.3671875 0.020833333333333332 0.026041666666666668
1 0.54296875 0.4856770833333333 0.020833333333333332 0.018229166666666668
1 0.5651041666666666 0.52734375 0.026041666666666668 0.018229166666666668
1 0.3958333333333333 0.5807291666666666 0.015625 0.03125
1 0.3528645833333333 0.44921875 0.020833333333333332 0.015625
1 0.5924479166666666 0.71875 0.013020833333333334 0.036458333333333336
1 0.33984375 0.6770833333333334 0.026041666666666668 0.026041666666666668
1 0.3346354166666667 0.4309895833333333 0.010416666666666666 0.041666666666666664
1 0.3828125 0.4322916666666667 0.015625 0.0390625
1 0.40234375 0.4544270833333333 0.015625 0.03125
1 0.4388020833333333 0.4934895833333333 0.026041666666666668 0.0234375
1 0.4622395833333333 0.4244791666666667 0.010416666666666666 0.041666666666666664
1 0.4361979166666667 0.5481770833333334 0.0234375 0.026041666666666668
1 0.4114583333333333 0.5455729166666666 0.0234375 0.033854166666666664
1 0.3880208333333333 0.609375 0.013020833333333334 0.041666666666666664
1 0.515625 0.6471354166666666 0.015625 0.036458333333333336
1 0.5143229166666666 0.67578125 0.013020833333333334 0.03125
1 0.53125 0.640625 0.020833333333333332 0.036458333333333336
1 0.640625 0.5455729166666666 0.0234375 0.036458333333333336
1 0.6744791666666666 0.5143229166666666 0.026041666666666668 0.028645833333333332
1 0.6419270833333334 0.484375 0.015625 0.0390625
1 0.6419270833333334 0.515625 0.018229166666666668 0.028645833333333332
1 0.3307291666666667 0.421875 0.026041666666666668 0.015625
1 0.4231770833333333 0.7083333333333334 0.015625 0.041666666666666664
1 0.3216145833333333 0.4661458333333333 0.018229166666666668 0.033854166666666664
1 0.3919270833333333 0.3932291666666667 0.013020833333333334 0.0390625
1 0.3645833333333333 0.3971354166666667 0.020833333333333332 0.026041666666666668
1 0.4166666666666667 0.3984375 0.020833333333333332 0.03125
1 0.5598958333333334 0.4505208333333333 0.020833333333333332 0.03125
1 0.5677083333333334 0.50390625 0.015625 0.041666666666666664
1 0.5716145833333334 0.3450520833333333 0.020833333333333332 0.020833333333333332
1 0.6979166666666666 0.59765625 0.028645833333333332 0.026041666666666668
1 0.734375 0.5 0.015625 0.036458333333333336
1 0.5572916666666666 0.7291666666666666 0.0234375 0.036458333333333336
1 0.32421875 0.6588541666666666 0.020833333333333332 0.036458333333333336
1 0.3020833333333333 0.4114583333333333 0.015625 0.036458333333333336
1 0.3177083333333333 0.4388020833333333 0.015625 0.026041666666666668
1 0.4388020833333333 0.3046875 0.026041666666666668 0.026041666666666668
1 0.3658854166666667 0.4296875 0.020833333333333332 0.036458333333333336
1 0.3841145833333333 0.52734375 0.018229166666666668 0.0390625
1 0.4479166666666667 0.6041666666666666 0.026041666666666668 0.026041666666666668
1 0.4518229166666667 0.56640625 0.026041666666666668 0.026041666666666668
1 0.5221354166666666 0.5299479166666666 0.018229166666666668 0.041666666666666664
1 0.5455729166666666 0.47265625 0.026041666666666668 0.015625
1 0.5807291666666666 0.3880208333333333 0.013020833333333334 0.041666666666666664
1 0.6106770833333334 0.6302083333333334 0.020833333333333332 0.026041666666666668
1 0.5924479166666666 0.671875 0.033854166666666664 0.020833333333333332
1 0.5690104166666666 0.4010416666666667 0.013020833333333334 0.041666666666666664
1 0.5690104166666666 0.484375 0.015625 0.033854166666666664
1 0.5716145833333334 0.7161458333333334 0.015625 0.0234375
1 0.5455729166666666 0.7473958333333334 0.015625 0.046875
1 0.5872395833333334 0.7005208333333334 0.010416666666666666 0.041666666666666664
1 0.3723958333333333 0.62890625 0.0234375 0.036458333333333336
1 0.4635416666666667 0.30078125 0.020833333333333332 0.046875
1 0.48046875 0.34765625 0.020833333333333332 0.041666666666666664
1 0.4440104166666667 0.4075520833333333 0.020833333333333332 0.026041666666666668
1 0.390625 0.5559895833333334 0.015625 0.036458333333333336
1 0.47265625 0.4244791666666667 0.010416666666666666 0.046875
1 0.44140625 0.5208333333333334 0.015625 0.036458333333333336
1 0.4609375 0.4752604166666667 0.020833333333333332 0.03125
1 0.4661458333333333 0.6966145833333334 0.015625 0.0390625
1 0.4908854166666667 0.6979166666666666 0.020833333333333332 0.028645833333333332
1 0.5052083333333334 0.6731770833333334 0.013020833333333334 0.036458333333333336
1 0.5768229166666666 0.6979166666666666 0.013020833333333334 0.036458333333333336
1 0.5794270833333334 0.5989583333333334 0.020833333333333332 0.03125
1 0.53515625 0.3046875 0.015625 0.036458333333333336
1 0.43359375 0.4700520833333333 0.015625 0.036458333333333336
1 0.6106770833333334 0.6888020833333334 0.020833333333333332 0.020833333333333332
1 0.5794270833333334 0.4791666666666667 0.015625 0.03125
1 0.6510416666666666 0.6822916666666666 0.020833333333333332 0.033854166666666664
1 0.5390625 0.6588541666666666 0.020833333333333332 0.020833333333333332
1 0.32421875 0.484375 0.026041666666666668 0.026041666666666668
1 0.3971354166666667 0.3138020833333333 0.015625 0.046875
1 0.5130208333333334 0.2760416666666667 0.020833333333333332 0.020833333333333332
1 0.5078125 0.4114583333333333 0.018229166666666668 0.046875
1 0.40234375 0.4765625 0.020833333333333332 0.026041666666666668
1 0.5572916666666666 0.6302083333333334 0.020833333333333332 0.033854166666666664
1 0.4830729166666667 0.6888020833333334 0.020833333333333332 0.026041666666666668
1 0.4921875 0.546875 0.03125 0.026041666666666668
1 0.5234375 0.3515625 0.015625 0.036458333333333336
1 0.578125 0.32421875 0.028645833333333332 0.03125
1 0.59765625 0.3802083333333333 0.0234375 0.015625
1 0.55859375 0.3958333333333333 0.015625 0.036458333333333336
1 0.6393229166666666 0.6041666666666666 0.026041666666666668 0.020833333333333332
1 0.6015625 0.6510416666666666 0.0234375 0.026041666666666668
1 0.5377604166666666 0.6171875 0.018229166666666668 0.028645833333333332
1 0.421875 0.53515625 0.026041666666666668 0.018229166666666668
1 0.4088541666666667 0.56640625 0.026041666666666668 0.028645833333333332
1 0.3697916666666667 0.4153645833333333 0.0234375 0.020833333333333332
1 0.3072916666666667 0.4583333333333333 0.020833333333333332 0.020833333333333332
1 0.3541666666666667 0.5143229166666666 0.026041666666666668 0.026041666666666668
1 0.3502604166666667 0.3203125 0.020833333333333332 0.041666666666666664
1 0.3502604166666667 0.546875 0.020833333333333332 0.0390625
1 0.4479166666666667 0.4505208333333333 0.013020833333333334 0.0390625
1 0.48046875 0.48828125 0.020833333333333332 0.033854166666666664
1 0.4583333333333333 0.515625 0.018229166666666668 0.036458333333333336
1 0.5325520833333334 0.6796875 0.0234375 0.020833333333333332
1 0.5299479166666666 0.6080729166666666 0.020833333333333332 0.036458333333333336
1 0.4973958333333333 0.515625 0.020833333333333332 0.028645833333333332
1 0.5208333333333334 0.5065104166666666 0.020833333333333332 0.026041666666666668
1 0.5546875 0.3463541666666667 0.015625 0.041666666666666664
1 0.58203125 0.5052083333333334 0.015625 0.041666666666666664
1 0.4049479166666667 0.4192708333333333 0.015625 0.026041666666666668
1 0.5846354166666666 0.6458333333333334 0.013020833333333334 0.036458333333333336
1 0.5455729166666666 0.3776041666666667 0.020833333333333332 0.0234375
1 0.5911458333333334 0.4921875 0.010416666666666666 0.036458333333333336
1 0.5052083333333334 0.5299479166666666 0.020833333333333332 0.026041666666666668
1 0.375 0.4544270833333333 0.015625 0.028645833333333332
1 0.4466145833333333 0.4361979166666667 0.020833333333333332 0.041666666666666664
1 0.4765625 0.6927083333333334 0.015625 0.041666666666666664
1 0.39453125 0.71875 0.020833333333333332 0.041666666666666664
1 0.3528645833333333 0.4895833333333333 0.020833333333333332 0.033854166666666664
1 0.4244791666666667 0.4296875 0.018229166666666668 0.03125
1 0.4140625 0.4505208333333333 0.020833333333333332 0.020833333333333332
1 0.390625 0.6354166666666666 0.020833333333333332 0.036458333333333336
1 0.4622395833333333 0.5364583333333334 0.020833333333333332 0.028645833333333332
1 0.5611979166666666 0.3177083333333333 0.03125 0.026041666666666668
1 0.5989583333333334 0.47265625 0.015625 0.052083333333333336