1 0.4127604166666667 0.3671875 0.09114583333333333 0.06770833333333333
1 0.5859375 0.5794270833333334 0.059895833333333336 0.09635416666666667
1 0.4908854166666667 0.4700520833333333 0.07291666666666667 0.08072916666666667
1 0.4049479166666667 0.4817708333333333 0.078125 0.11458333333333333
1 0.4075520833333333 0.5794270833333334 0.059895833333333336 0.12239583333333333
1 0.3580729166666667 0.5533854166666666 0.0546875 0.109375
1 0.4270833333333333 0.4010416666666667 0.1171875 0.0703125
1 0.3932291666666667 0.6145833333333334 0.07291666666666667 0.10677083333333333
1 0.453125 0.6041666666666666 0.0625 0.09375
1 0.4361979166666667 0.4713541666666667 0.07291666666666667 0.1171875
1 0.4505208333333333 0.5533854166666666 0.08854166666666667 0.11197916666666667
1 0.2825520833333333 0.5364583333333334 0.07291666666666667 0.09375