1 0.3854166666666667 0.7421875 0.09375 0.08854166666666667
1 0.515625 0.5403645833333334 0.07291666666666667 0.09375
1 0.6731770833333334 0.3645833333333333 0.06770833333333333 0.07291666666666667
1 0.6705729166666666 0.30078125 0.052083333333333336 0.09114583333333333
1 0.5846354166666666 0.6471354166666666 0.0703125 0.06510416666666667
1 0.5390625 0.4283854166666667 0.078125 0.08072916666666667
1 0.8385416666666666 0.6588541666666666 0.0859375 0.06510416666666667
1 0.7721354166666666 0.7421875 0.09114583333333333 0.09114583333333333
1 0.8359375 0.30078125 0.0546875 0.0546875
1 0.4153645833333333 0.4088541666666667 0.07291666666666667 0.09895833333333333
1 0.7747395833333334 0.2591145833333333 0.078125 0.06510416666666667
1 0.4986979166666667 0.23958333333333334 0.0703125 0.09635416666666667
1 0.6171875 0.8763020833333334 0.078125 0.08854166666666667
1 0.5130208333333334 0.734375 0.08072916666666667 0.08072916666666667
1 0.5026041666666666 0.6783854166666666 0.07291666666666667 0.059895833333333336
1 0.4453125 0.8684895833333334 0.07291666666666667 0.09375
1 0.5872395833333334 0.3671875 0.052083333333333336 0.08333333333333333
1 0.5455729166666666 0.17447916666666666 0.0625 0.09635416666666667
1 0.4518229166666667 0.93359375 0.06770833333333333 0.09895833333333333
1 0.6575520833333334 0.5859375 0.08854166666666667 0.06510416666666667
1 0.5013020833333334 0.30078125 0.07552083333333333 0.057291666666666664
1 0.7955729166666666 0.3489583333333333 0.07291666666666667 0.09895833333333333
1 0.7604166666666666 0.2877604166666667 0.0625 0.044270833333333336
1 0.6536458333333334 0.6744791666666666 0.07552083333333333 0.1015625
1 0.71875 0.54296875 0.06510416666666667 0.08072916666666667
1 0.4375 0.2903645833333333 0.06770833333333333 0.0703125
1 0.8190104166666666 0.4674479166666667 0.08072916666666667 0.09375
1 0.78515625 0.66796875 0.078125 0.0703125
1 0.3971354166666667 0.5416666666666666 0.08072916666666667 0.109375
1 0.3216145833333333 0.4934895833333333 0.0703125 0.07552083333333333
1 0.4635416666666667 0.4739583333333333 0.09895833333333333 0.11458333333333333