1 0.7122395833333334 0.5403645833333334 0.026041666666666668 0.028645833333333332
1 0.70703125 0.6002604166666666 0.028645833333333332 0.0234375
1 0.6236979166666666 0.54296875 0.018229166666666668 0.028645833333333332
1 0.4661458333333333 0.6940104166666666 0.015625 0.033854166666666664
1 0.3619791666666667 0.6432291666666666 0.020833333333333332 0.041666666666666664
1 0.3763020833333333 0.5481770833333334 0.028645833333333332 0.033854166666666664
1 0.4830729166666667 0.5026041666666666 0.026041666666666668 0.03125
1 0.453125 0.3971354166666667 0.020833333333333332 0.0390625
1 0.7526041666666666 0.4192708333333333 0.018229166666666668 0.041666666666666664
1 0.6640625 0.6458333333333334 0.015625 0.033854166666666664
1 0.54296875 0.4947916666666667 0.03125 0.0234375
1 0.5416666666666666 0.58203125 0.026041666666666668 0.028645833333333332
1 0.5052083333333334 0.6184895833333334 0.015625 0.03125
1 0.5 0.62109375 0.018229166666666668 0.03125
1 0.4739583333333333 0.53515625 0.015625 0.046875
1 0.4947916666666667 0.51171875 0.03125 0.026041666666666668
1 0.6966145833333334 0.6236979166666666 0.033854166666666664 0.026041666666666668
1 0.7109375 0.5078125 0.015625 0.033854166666666664
1 0.6276041666666666 0.6080729166666666 0.018229166666666668 0.036458333333333336
1 0.6223958333333334 0.4895833333333333 0.026041666666666668 0.018229166666666668
1 0.4244791666666667 0.6901041666666666 0.026041666666666668 0.041666666666666664
1 0.37109375 0.4283854166666667 0.020833333333333332 0.036458333333333336
1 0.3776041666666667 0.4817708333333333 0.033854166666666664 0.033854166666666664
1 0.7239583333333334 0.421875 0.0234375 0.033854166666666664
1 0.72265625 0.56640625 0.026041666666666668 0.028645833333333332
1 0.7265625 0.58203125 0.018229166666666668 0.033854166666666664
1 0.6549479166666666 0.4895833333333333 0.028645833333333332 0.018229166666666668
1 0.5299479166666666 0.59375 0.015625 0.026041666666666668
1 0.5 0.6380208333333334 0.028645833333333332 0.026041666666666668
1 0.3033854166666667 0.4583333333333333 0.018229166666666668 0.0390625
1 0.7252604166666666 0.2838541666666667 0.036458333333333336 0.0234375
1 0.7265625 0.5286458333333334 0.015625 0.036458333333333336
1 0.69140625 0.6315104166666666 0.03125 0.018229166666666668
1 0.62109375 0.5013020833333334 0.0234375 0.0234375
1 0.3502604166666667 0.6901041666666666 0.036458333333333336 0.026041666666666668
1 0.4296875 0.5065104166666666 0.033854166666666664 0.026041666666666668
1 0.484375 0.5364583333333334 0.0234375 0.03125
1 0.3854166666666667 0.4375 0.018229166666666668 0.033854166666666664
1 0.25390625 0.359375 0.028645833333333332 0.028645833333333332
1 0.4375 0.4283854166666667 0.026041666666666668 0.020833333333333332
1 0.4192708333333333 0.4192708333333333 0.0234375 0.0234375
1 0.5924479166666666 0.5013020833333334 0.026041666666666668 0.020833333333333332
1 0.5234375 0.5989583333333334 0.020833333333333332 0.0234375
1 0.515625 0.6380208333333334 0.020833333333333332 0.03125
1 0.3489583333333333 0.6236979166666666 0.013020833333333334 0.0390625
1 0.3658854166666667 0.4622395833333333 0.020833333333333332 0.033854166666666664
1 0.3411458333333333 0.4947916666666667 0.018229166666666668 0.044270833333333336
1 0.5911458333333334 0.6575520833333334 0.020833333333333332 0.028645833333333332
1 0.2682291666666667 0.6145833333333334 0.028645833333333332 0.033854166666666664
1 0.4700520833333333 0.4544270833333333 0.03125 0.026041666666666668
1 0.4427083333333333 0.4309895833333333 0.013020833333333334 0.033854166666666664
1 0.3619791666666667 0.5078125 0.020833333333333332 0.036458333333333336
1 0.3359375 0.4739583333333333 0.028645833333333332 0.0234375
1 0.18619791666666666 0.4114583333333333 0.018229166666666668 0.0390625
1 0.6744791666666666 0.65625 0.018229166666666668 0.03125
1 0.6471354166666666 0.5026041666666666 0.0234375 0.018229166666666668
1 0.4622395833333333 0.7135416666666666 0.018229166666666668 0.033854166666666664
1 0.34765625 0.4635416666666667 0.026041666666666668 0.041666666666666664