1 0.45703125 0.5052083333333334 0.041666666666666664 0.041666666666666664
1 0.5286458333333334 0.3684895833333333 0.041666666666666664 0.036458333333333336
1 0.3268229166666667 0.3203125 0.041666666666666664 0.041666666666666664
1 0.453125 0.22135416666666666 0.057291666666666664 0.0390625
1 0.4296875 0.13020833333333334 0.046875 0.046875
1 0.7369791666666666 0.3567708333333333 0.0546875 0.03125
1 0.8880208333333334 0.40625 0.0390625 0.044270833333333336
1 0.62890625 0.5299479166666666 0.044270833333333336 0.036458333333333336
1 0.4375 0.2578125 0.0390625 0.0390625
1 0.41796875 0.23958333333333334 0.033854166666666664 0.041666666666666664
1 0.3763020833333333 0.5950520833333334 0.049479166666666664 0.044270833333333336
1 0.4075520833333333 0.55859375 0.057291666666666664 0.044270833333333336
1 0.48828125 0.53515625 0.041666666666666664 0.044270833333333336
1 0.5299479166666666 0.2565104166666667 0.041666666666666664 0.033854166666666664
1 0.5494791666666666 0.3346354166666667 0.041666666666666664 0.044270833333333336
1 0.6627604166666666 0.3919270833333333 0.03125 0.036458333333333336
1 0.81640625 0.3216145833333333 0.057291666666666664 0.036458333333333336
1 0.60546875 0.43359375 0.044270833333333336 0.033854166666666664
1 0.58203125 0.4453125 0.026041666666666668 0.03125
1 0.6484375 0.46484375 0.044270833333333336 0.033854166666666664
1 0.6875 0.5065104166666666 0.059895833333333336 0.036458333333333336
1 0.390625 0.3828125 0.033854166666666664 0.033854166666666664
1 0.4140625 0.2838541666666667 0.049479166666666664 0.028645833333333332
1 0.3971354166666667 0.23567708333333334 0.046875 0.028645833333333332
1 0.5729166666666666 0.203125 0.028645833333333332 0.03125
1 0.5234375 0.3111979166666667 0.036458333333333336 0.033854166666666664
1 0.7122395833333334 0.4947916666666667 0.041666666666666664 0.028645833333333332
1 0.4309895833333333 0.23697916666666666 0.028645833333333332 0.0390625
1 0.40625 0.5416666666666666 0.049479166666666664 0.03125
1 0.47265625 0.4817708333333333 0.0390625 0.041666666666666664
1 0.4127604166666667 0.3776041666666667 0.052083333333333336 0.028645833333333332
1 0.3776041666666667 0.2513020833333333 0.052083333333333336 0.036458333333333336
1 0.3671875 0.22265625 0.0390625 0.041666666666666664
1 0.4075520833333333 0.19921875 0.057291666666666664 0.0390625
1 0.40234375 0.13802083333333334 0.046875 0.041666666666666664
1 0.5455729166666666 0.20182291666666666 0.036458333333333336 0.041666666666666664
1 0.5729166666666666 0.3528645833333333 0.052083333333333336 0.046875
1 0.60546875 0.34375 0.049479166666666664 0.0390625
1 0.7565104166666666 0.3828125 0.049479166666666664 0.0390625
1 0.6067708333333334 0.41796875 0.044270833333333336 0.028645833333333332
1 0.7265625 0.5299479166666666 0.03125 0.041666666666666664
1 0.5091145833333334 0.5416666666666666 0.028645833333333332 0.036458333333333336
1 0.4309895833333333 0.53125 0.03125 0.036458333333333336
1 0.4322916666666667 0.59375 0.046875 0.036458333333333336
1 0.4114583333333333 0.5143229166666666 0.041666666666666664 0.036458333333333336
1 0.4075520833333333 0.4869791666666667 0.036458333333333336 0.041666666666666664
1 0.4361979166666667 0.33203125 0.044270833333333336 0.0546875
1 0.4544270833333333 0.296875 0.052083333333333336 0.0390625
1 0.4075520833333333 0.28515625 0.036458333333333336 0.049479166666666664
1 0.2890625 0.24479166666666666 0.046875 0.044270833333333336
1 0.3580729166666667 0.18489583333333334 0.0546875 0.033854166666666664
1 0.45703125 0.26171875 0.033854166666666664 0.041666666666666664
1 0.4869791666666667 0.21354166666666666 0.046875 0.0390625
1 0.4908854166666667 0.19401041666666666 0.0390625 0.046875
1 0.4778645833333333 0.171875 0.044270833333333336 0.03125
1 0.69921875 0.24348958333333334 0.041666666666666664 0.0546875
1 0.73046875 0.3307291666666667 0.049479166666666664 0.03125
1 0.7630208333333334 0.3424479166666667 0.0546875 0.036458333333333336
1 0.7252604166666666 0.3971354166666667 0.041666666666666664 0.0390625
1 0.6236979166666666 0.4752604166666667 0.033854166666666664 0.0390625
1 0.4544270833333333 0.578125 0.033854166666666664 0.028645833333333332
1 0.7265625 0.3177083333333333 0.0546875 0.033854166666666664
1 0.703125 0.4869791666666667 0.049479166666666664 0.03125
1 0.49609375 0.5104166666666666 0.0390625 0.026041666666666668
1 0.453125 0.234375 0.0390625 0.026041666666666668
1 0.4322916666666667 0.5611979166666666 0.0390625 0.036458333333333336
1 0.44921875 0.6158854166666666 0.036458333333333336 0.026041666666666668
1 0.4453125 0.4700520833333333 0.036458333333333336 0.033854166666666664
1 0.4622395833333333 0.4661458333333333 0.041666666666666664 0.046875
1 0.4752604166666667 0.4296875 0.0390625 0.0390625
1 0.2591145833333333 0.3033854166666667 0.0546875 0.049479166666666664
1 0.2265625 0.26171875 0.0703125 0.044270833333333336
1 0.4778645833333333 0.11458333333333333 0.049479166666666664 0.044270833333333336
1 0.5169270833333334 0.24739583333333334 0.049479166666666664 0.028645833333333332
1 0.5208333333333334 0.2981770833333333 0.0390625 0.033854166666666664
1 0.6627604166666666 0.51953125 0.0390625 0.041666666666666664
1 0.41796875 0.52734375 0.0546875 0.03125
1 0.4778645833333333 0.6041666666666666 0.044270833333333336 0.028645833333333332
1 0.47265625 0.5872395833333334 0.057291666666666664 0.036458333333333336
1 0.4830729166666667 0.5572916666666666 0.049479166666666664 0.036458333333333336
1 0.3671875 0.5065104166666666 0.046875 0.041666666666666664
1 0.4986979166666667 0.4856770833333333 0.036458333333333336 0.0390625
1 0.5130208333333334 0.51953125 0.044270833333333336 0.046875
1 0.3372395833333333 0.23697916666666666 0.049479166666666664 0.033854166666666664
1 0.34375 0.2708333333333333 0.036458333333333336 0.046875
1 0.5703125 0.4700520833333333 0.052083333333333336 0.041666666666666664
1 0.6627604166666666 0.5716145833333334 0.036458333333333336 0.03125
1 0.5169270833333334 0.5130208333333334 0.046875 0.0234375
1 0.3346354166666667 0.60546875 0.046875 0.046875
1 0.3203125 0.4947916666666667 0.049479166666666664 0.046875
1 0.5286458333333334 0.4947916666666667 0.044270833333333336 0.0390625
1 0.421875 0.4361979166666667 0.046875 0.041666666666666664
1 0.28515625 0.23046875 0.052083333333333336 0.033854166666666664
1 0.609375 0.07942708333333333 0.041666666666666664 0.049479166666666664
1 0.7747395833333334 0.35546875 0.0546875 0.03125
1 0.5924479166666666 0.4778645833333333 0.028645833333333332 0.041666666666666664
1 0.6197916666666666 0.4596354166666667 0.041666666666666664 0.0234375
1 0.6315104166666666 0.5130208333333334 0.0390625 0.041666666666666664
1 0.7252604166666666 0.4739583333333333 0.028645833333333332 0.026041666666666668