1 0.5299479166666666 0.2877604166666667 0.020833333333333332 0.020833333333333332
1 0.5247395833333334 0.24609375 0.028645833333333332 0.020833333333333332
1 0.57421875 0.4192708333333333 0.0390625 0.028645833333333332
1 0.52734375 0.4544270833333333 0.018229166666666668 0.033854166666666664
1 0.5416666666666666 0.3190104166666667 0.0234375 0.028645833333333332
1 0.4752604166666667 0.3880208333333333 0.026041666666666668 0.028645833333333332
1 0.45703125 0.3372395833333333 0.028645833333333332 0.026041666666666668
1 0.5130208333333334 0.41796875 0.028645833333333332 0.033854166666666664
1 0.53515625 0.36328125 0.020833333333333332 0.036458333333333336
1 0.4856770833333333 0.3294270833333333 0.018229166666666668 0.028645833333333332
1 0.5481770833333334 0.3776041666666667 0.018229166666666668 0.03125
1 0.4869791666666667 0.4622395833333333 0.020833333333333332 0.026041666666666668
1 0.55859375 0.3229166666666667 0.018229166666666668 0.018229166666666668
1 0.4127604166666667 0.4752604166666667 0.033854166666666664 0.026041666666666668
1 0.3802083333333333 0.47265625 0.028645833333333332 0.018229166666666668
1 0.48046875 0.2552083333333333 0.026041666666666668 0.041666666666666664
1 0.4869791666666667 0.4375 0.020833333333333332 0.033854166666666664
1 0.5572916666666666 0.4453125 0.020833333333333332 0.044270833333333336
1 0.5625 0.3828125 0.018229166666666668 0.033854166666666664
1 0.5794270833333334 0.3072916666666667 0.020833333333333332 0.036458333333333336
1 0.5208333333333334 0.3138020833333333 0.028645833333333332 0.026041666666666668
1 0.4674479166666667 0.3125 0.0234375 0.044270833333333336
1 0.4830729166666667 0.22786458333333334 0.03125 0.0234375
1 0.4609375 0.2682291666666667 0.0234375 0.041666666666666664
1 0.5911458333333334 0.2838541666666667 0.013020833333333334 0.020833333333333332
1 0.4921875 0.4140625 0.020833333333333332 0.020833333333333332
1 0.2604166666666667 0.4231770833333333 0.03125 0.020833333333333332
1 0.33203125 0.23828125 0.028645833333333332 0.0234375
1 0.5729166666666666 0.3359375 0.0234375 0.033854166666666664
1 0.4778645833333333 0.3606770833333333 0.018229166666666668 0.036458333333333336
1 0.5143229166666666 0.4322916666666667 0.020833333333333332 0.03125
1 0.4986979166666667 0.38671875 0.0234375 0.036458333333333336
1 0.4908854166666667 0.359375 0.0234375 0.036458333333333336
1 0.5846354166666666 0.4700520833333333 0.020833333333333332 0.0390625
1 0.53125 0.49609375 0.026041666666666668 0.0234375
1 0.4596354166666667 0.4778645833333333 0.026041666666666668 0.036458333333333336
1 0.3177083333333333 0.4388020833333333 0.0234375 0.0390625
1 0.3567708333333333 0.4296875 0.026041666666666668 0.033854166666666664
1 0.4739583333333333 0.3255208333333333 0.018229166666666668 0.033854166666666664
1 0.5 0.29296875 0.020833333333333332 0.036458333333333336
1 0.5677083333333334 0.2799479166666667 0.018229166666666668 0.033854166666666664
1 0.5169270833333334 0.4583333333333333 0.0234375 0.026041666666666668
1 0.5677083333333334 0.4479166666666667 0.018229166666666668 0.0390625
1 0.52734375 0.34375 0.015625 0.028645833333333332
1 0.5989583333333334 0.4010416666666667 0.033854166666666664 0.026041666666666668
1 0.5481770833333334 0.4088541666666667 0.033854166666666664 0.03125
1 0.5364583333333334 0.4296875 0.03125 0.03125
1 0.5651041666666666 0.25390625 0.0234375 0.026041666666666668
1 0.5533854166666666 0.4856770833333333 0.036458333333333336 0.036458333333333336
1 0.5481770833333334 0.2721354166666667 0.0234375 0.0390625
1 0.4908854166666667 0.60546875 0.028645833333333332 0.0390625
1 0.390625 0.4453125 0.028645833333333332 0.020833333333333332
1 0.21875 0.4166666666666667 0.033854166666666664 0.0234375
1 0.4986979166666667 0.3671875 0.0234375 0.036458333333333336
1 0.49609375 0.3346354166666667 0.0234375 0.033854166666666664
1 0.53125 0.3893229166666667 0.0234375 0.03125
1 0.5729166666666666 0.22526041666666666 0.03125 0.026041666666666668
1 0.5598958333333334 0.3515625 0.0234375 0.020833333333333332
1 0.5182291666666666 0.33984375 0.015625 0.020833333333333332
1 0.4973958333333333 0.76953125 0.033854166666666664 0.044270833333333336
1 0.4583333333333333 0.4205729166666667 0.0234375 0.028645833333333332
1 0.3489583333333333 0.4596354166666667 0.03125 0.0234375
1 0.2903645833333333 0.4427083333333333 0.036458333333333336 0.026041666666666668
1 0.6041666666666666 0.421875 0.036458333333333336 0.0390625
1 0.53125 0.4674479166666667 0.0234375 0.0390625
1 0.5859375 0.3307291666666667 0.020833333333333332 0.0234375
1 0.59375 0.26171875 0.0234375 0.0234375
1 0.5481770833333334 0.30078125 0.018229166666666668 0.0234375
1 0.5638020833333334 0.3072916666666667 0.018229166666666668 0.018229166666666668
1 0.5911458333333334 0.3658854166666667 0.018229166666666668 0.028645833333333332
1 0.4283854166666667 0.7096354166666666 0.028645833333333332 0.033854166666666664
1 0.5169270833333334 0.3815104166666667 0.018229166666666668 0.033854166666666664
1 0.4596354166666667 0.44140625 0.026041666666666668 0.03125
1 0.5807291666666666 0.359375 0.018229166666666668 0.0390625
1 0.5130208333333334 0.2669270833333333 0.026041666666666668 0.033854166666666664
1 0.5833333333333334 0.23958333333333334 0.026041666666666668 0.026041666666666668
1 0.5104166666666666 0.3033854166666667 0.03125 0.036458333333333336
1 0.5729166666666666 0.38671875 0.013020833333333334 0.026041666666666668
1 0.4765625 0.4114583333333333 0.0234375 0.026041666666666668
1 0.5052083333333334 0.4713541666666667 0.018229166666666668 0.03125
1 0.4466145833333333 0.45703125 0.026041666666666668 0.036458333333333336
1 0.3346354166666667 0.4375 0.03125 0.046875
1 0.4557291666666667 0.3932291666666667 0.020833333333333332 0.03125
1 0.6223958333333334 0.4427083333333333 0.03125 0.044270833333333336