1 0.7291666666666666 0.4583333333333333 0.041666666666666664 0.03125
1 0.66015625 0.4895833333333333 0.0390625 0.028645833333333332
1 0.7174479166666666 0.7369791666666666 0.0390625 0.03125
1 0.6080729166666666 0.4635416666666667 0.046875 0.036458333333333336
1 0.5104166666666666 0.5143229166666666 0.0390625 0.03125
1 0.44921875 0.5052083333333334 0.033854166666666664 0.033854166666666664
1 0.7734375 0.09375 0.0390625 0.044270833333333336
1 0.625 0.4231770833333333 0.036458333333333336 0.0390625
1 0.4140625 0.3372395833333333 0.0390625 0.041666666666666664
1 0.3138020833333333 0.58203125 0.033854166666666664 0.0390625
1 0.4309895833333333 0.3723958333333333 0.0390625 0.046875
1 0.4752604166666667 0.4973958333333333 0.033854166666666664 0.026041666666666668