1 0.4609375 0.5169270833333334 0.041666666666666664 0.041666666666666664
1 0.5924479166666666 0.59765625 0.041666666666666664 0.0390625
1 0.4440104166666667 0.7434895833333334 0.044270833333333336 0.041666666666666664
1 0.6028645833333334 0.7630208333333334 0.057291666666666664 0.0390625
1 0.6302083333333334 0.8541666666666666 0.046875 0.049479166666666664
1 0.77734375 0.5013020833333334 0.0546875 0.033854166666666664
1 0.8815104166666666 0.3802083333333333 0.0390625 0.044270833333333336
1 0.5963541666666666 0.4075520833333333 0.044270833333333336 0.036458333333333336
1 0.5703125 0.7395833333333334 0.0390625 0.0390625
1 0.5638020833333334 0.765625 0.036458333333333336 0.041666666666666664
1 0.3450520833333333 0.4817708333333333 0.049479166666666664 0.046875
1 0.390625 0.4986979166666667 0.057291666666666664 0.046875
1 0.47265625 0.4752604166666667 0.044270833333333336 0.044270833333333336
1 0.6510416666666666 0.6927083333333334 0.044270833333333336 0.036458333333333336
1 0.6276041666666666 0.6158854166666666 0.044270833333333336 0.044270833333333336
1 0.6940104166666666 0.5091145833333334 0.033854166666666664 0.0390625
1 0.86328125 0.4895833333333333 0.057291666666666664 0.0390625
1 0.625 0.5026041666666666 0.046875 0.036458333333333336
1 0.59765625 0.5052083333333334 0.026041666666666668 0.033854166666666664
1 0.6458333333333334 0.4544270833333333 0.046875 0.036458333333333336
1 0.65625 0.3971354166666667 0.059895833333333336 0.0390625
1 0.4661458333333333 0.6575520833333334 0.033854166666666664 0.036458333333333336
1 0.5377604166666666 0.7291666666666666 0.049479166666666664 0.03125
1 0.546875 0.7799479166666666 0.046875 0.03125
1 0.7161458333333334 0.7174479166666666 0.03125 0.03125
1 0.6158854166666666 0.6497395833333334 0.036458333333333336 0.033854166666666664
1 0.6848958333333334 0.39453125 0.044270833333333336 0.03125
1 0.5768229166666666 0.7604166666666666 0.028645833333333332 0.041666666666666664
1 0.3971354166666667 0.51171875 0.049479166666666664 0.03125
1 0.4856770833333333 0.5299479166666666 0.0390625 0.044270833333333336
1 0.48828125 0.6497395833333334 0.052083333333333336 0.03125
1 0.5234375 0.7760416666666666 0.052083333333333336 0.036458333333333336
1 0.5286458333333334 0.8059895833333334 0.0390625 0.041666666666666664
1 0.5755208333333334 0.8046875 0.057291666666666664 0.041666666666666664
1 0.6015625 0.8606770833333334 0.049479166666666664 0.044270833333333336
1 0.6927083333333334 0.7330729166666666 0.0390625 0.041666666666666664
1 0.6380208333333334 0.5885416666666666 0.052083333333333336 0.046875
1 0.671875 0.5794270833333334 0.052083333333333336 0.041666666666666664
1 0.7799479166666666 0.46875 0.049479166666666664 0.0390625
1 0.6341145833333334 0.5143229166666666 0.044270833333333336 0.028645833333333332
1 0.6783854166666666 0.3580729166666667 0.033854166666666664 0.041666666666666664
1 0.4856770833333333 0.4596354166666667 0.03125 0.036458333333333336
1 0.4244791666666667 0.5078125 0.033854166666666664 0.036458333333333336
1 0.3932291666666667 0.4544270833333333 0.049479166666666664 0.036458333333333336
1 0.4166666666666667 0.5338541666666666 0.044270833333333336 0.0390625
1 0.4283854166666667 0.55859375 0.0390625 0.044270833333333336
1 0.5325520833333334 0.6770833333333334 0.046875 0.0546875
1 0.56640625 0.6979166666666666 0.052083333333333336 0.041666666666666664
1 0.53125 0.7317708333333334 0.0390625 0.049479166666666664
1 0.4505208333333333 0.8268229166666666 0.049479166666666664 0.044270833333333336
1 0.5403645833333334 0.8424479166666666 0.0546875 0.036458333333333336
1 0.5859375 0.7265625 0.036458333333333336 0.041666666666666664
1 0.63671875 0.7526041666666666 0.049479166666666664 0.0390625
1 0.6497395833333334 0.7669270833333334 0.041666666666666664 0.046875
1 0.6510416666666666 0.79296875 0.044270833333333336 0.03125
1 0.8020833333333334 0.6171875 0.041666666666666664 0.0546875
1 0.7838541666666666 0.5260416666666666 0.049479166666666664 0.03125
1 0.8059895833333334 0.5 0.0546875 0.0390625
1 0.74609375 0.47265625 0.041666666666666664 0.0390625
1 0.6184895833333334 0.45703125 0.033854166666666664 0.0390625
1 0.4205729166666667 0.45703125 0.033854166666666664 0.028645833333333332
1 0.7890625 0.5403645833333334 0.0546875 0.036458333333333336
1 0.6809895833333334 0.40625 0.049479166666666664 0.033854166666666664
1 0.4908854166666667 0.4934895833333333 0.0390625 0.028645833333333332
1 0.5963541666666666 0.7526041666666666 0.0390625 0.026041666666666668
1 0.41015625 0.4830729166666667 0.041666666666666664 0.036458333333333336
1 0.3971354166666667 0.4270833333333333 0.036458333333333336 0.026041666666666668
1 0.46875 0.5533854166666666 0.036458333333333336 0.036458333333333336
1 0.484375 0.5481770833333334 0.041666666666666664 0.049479166666666664
1 0.515625 0.5729166666666666 0.041666666666666664 0.041666666666666664
1 0.39453125 0.7916666666666666 0.057291666666666664 0.052083333333333336
1 0.3880208333333333 0.8450520833333334 0.0703125 0.046875
1 0.6796875 0.8411458333333334 0.049479166666666664 0.046875
1 0.64453125 0.70703125 0.049479166666666664 0.03125
1 0.6223958333333334 0.6627604166666666 0.0390625 0.033854166666666664
1 0.6302083333333334 0.3984375 0.0390625 0.041666666666666664
1 0.4153645833333333 0.51953125 0.0546875 0.033854166666666664
1 0.4270833333333333 0.4231770833333333 0.044270833333333336 0.028645833333333332
1 0.4309895833333333 0.4388020833333333 0.057291666666666664 0.036458333333333336
1 0.4557291666666667 0.4583333333333333 0.049479166666666664 0.0390625
1 0.3828125 0.5625 0.049479166666666664 0.041666666666666664
1 0.5065104166666666 0.5130208333333334 0.0390625 0.041666666666666664
1 0.5013020833333334 0.4765625 0.044270833333333336 0.046875
1 0.49609375 0.80859375 0.049479166666666664 0.036458333333333336
1 0.484375 0.77734375 0.0390625 0.046875
1 0.5755208333333334 0.4895833333333333 0.0546875 0.044270833333333336
1 0.6028645833333334 0.3541666666666667 0.036458333333333336 0.03125
1 0.5078125 0.48046875 0.046875 0.026041666666666668
1 0.3033854166666667 0.4947916666666667 0.046875 0.049479166666666664
1 0.3489583333333333 0.5963541666666666 0.052083333333333336 0.049479166666666664
1 0.52734375 0.4908854166666667 0.046875 0.0390625
1 0.4661458333333333 0.5950520833333334 0.049479166666666664 0.044270833333333336
1 0.4544270833333333 0.8424479166666666 0.052083333333333336 0.036458333333333336
1 0.8111979166666666 0.8033854166666666 0.044270833333333336 0.049479166666666664
1 0.8111979166666666 0.4830729166666667 0.0546875 0.033854166666666664
1 0.5911458333333334 0.4713541666666667 0.03125 0.041666666666666664
1 0.6236979166666666 0.47265625 0.041666666666666664 0.026041666666666668
1 0.6067708333333334 0.4205729166666667 0.041666666666666664 0.041666666666666664
1 0.70703125 0.4049479166666667 0.028645833333333332 0.026041666666666668