1 0.59765625 0.75 0.09114583333333333 0.0859375
1 0.4817708333333333 0.5390625 0.06770833333333333 0.09375
1 0.3372395833333333 0.3528645833333333 0.06510416666666667 0.0703125
1 0.34375 0.2890625 0.046875 0.09114583333333333
1 0.4049479166666667 0.640625 0.06770833333333333 0.0625
1 0.4661458333333333 0.42578125 0.07552083333333333 0.078125
1 0.15104166666666666 0.6354166666666666 0.08333333333333333 0.0625
1 0.2109375 0.72265625 0.08854166666666667 0.08854166666666667
1 0.17838541666666666 0.27734375 0.052083333333333336 0.052083333333333336
1 0.5911458333333334 0.4140625 0.06770833333333333 0.09635416666666667
1 0.2421875 0.24088541666666666 0.078125 0.0625
1 0.51953125 0.23958333333333334 0.06510416666666667 0.09375
1 0.3567708333333333 0.8671875 0.07552083333333333 0.0859375
1 0.4713541666666667 0.7330729166666666 0.078125 0.078125
1 0.484375 0.6783854166666666 0.0703125 0.057291666666666664
1 0.5286458333333334 0.87109375 0.06770833333333333 0.09375
1 0.421875 0.3606770833333333 0.049479166666666664 0.08333333333333333
1 0.4778645833333333 0.171875 0.057291666666666664 0.09635416666666667
1 0.5182291666666666 0.9361979166666666 0.0625 0.09635416666666667
1 0.3372395833333333 0.5755208333333334 0.08854166666666667 0.059895833333333336
1 0.51171875 0.3020833333333333 0.07291666666666667 0.052083333333333336
1 0.21484375 0.328125 0.0703125 0.09635416666666667
1 0.2552083333333333 0.26953125 0.0625 0.041666666666666664
1 0.3346354166666667 0.6627604166666666 0.0703125 0.1015625
1 0.2786458333333333 0.5286458333333334 0.059895833333333336 0.08072916666666667
1 0.5768229166666666 0.2955729166666667 0.06510416666666667 0.06770833333333333
1 0.18359375 0.4453125 0.07552083333333333 0.09114583333333333
1 0.203125 0.6471354166666666 0.07552083333333333 0.06770833333333333
1 0.5989583333333334 0.5481770833333334 0.07552083333333333 0.10677083333333333
1 0.6783854166666666 0.5065104166666666 0.06770833333333333 0.07552083333333333
1 0.5377604166666666 0.4765625 0.09375 0.11197916666666667