1 0.4088541666666667 0.5611979166666666 0.09114583333333333 0.0859375
1 0.36328125 0.3802083333333333 0.07552083333333333 0.1015625
1 0.6731770833333334 0.52734375 0.07291666666666667 0.08333333333333333
1 0.32421875 0.4557291666666667 0.041666666666666664 0.13541666666666666
1 0.5859375 0.5416666666666666 0.09375 0.08333333333333333
1 0.4401041666666667 0.4166666666666667 0.036458333333333336 0.1015625
1 0.4322916666666667 0.3450520833333333 0.041666666666666664 0.09895833333333333
1 0.78515625 0.31640625 0.052083333333333336 0.109375
1 0.28515625 0.4361979166666667 0.046875 0.12239583333333333
1 0.6692708333333334 0.3046875 0.078125 0.07552083333333333
1 0.4205729166666667 0.609375 0.0703125 0.1015625
1 0.3880208333333333 0.4973958333333333 0.09375 0.08072916666666667
1 0.4322916666666667 0.4986979166666667 0.06770833333333333 0.0625
1 0.5416666666666666 0.6067708333333334 0.036458333333333336 0.10677083333333333
1 0.54296875 0.3697916666666667 0.08854166666666667 0.0625
1 0.4739583333333333 0.23958333333333334 0.0703125 0.13020833333333334
1 0.5143229166666666 0.5729166666666666 0.049479166666666664 0.10677083333333333
1 0.6770833333333334 0.40234375 0.059895833333333336 0.10416666666666667
1 0.48046875 0.6080729166666666 0.0546875 0.12239583333333333
1 0.3958333333333333 0.3841145833333333 0.0703125 0.09375
1 0.4830729166666667 0.44140625 0.049479166666666664 0.125
1 0.7408854166666666 0.3333333333333333 0.057291666666666664 0.09895833333333333
1 0.6354166666666666 0.4440104166666667 0.0546875 0.1015625
1 0.72265625 0.4440104166666667 0.046875 0.12239583333333333
1 0.4283854166666667 0.2265625 0.049479166666666664 0.09375
1 0.5234375 0.22916666666666666 0.046875 0.12239583333333333
1 0.23958333333333334 0.4322916666666667 0.049479166666666664 0.12239583333333333
1 0.46484375 0.3268229166666667 0.059895833333333336 0.109375
1 0.4596354166666667 0.61328125 0.0234375 0.11458333333333333
1 0.54296875 0.3268229166666667 0.08333333333333333 0.041666666666666664