1 0.4947916666666667 0.5143229166666666 0.046875 0.0390625
1 0.44921875 0.4752604166666667 0.046875 0.033854166666666664
1 0.44921875 0.4869791666666667 0.057291666666666664 0.026041666666666668
1 0.2421875 0.5481770833333334 0.028645833333333332 0.0390625
1 0.4921875 0.4856770833333333 0.059895833333333336 0.046875
1 0.359375 0.5065104166666666 0.049479166666666664 0.028645833333333332
1 0.4466145833333333 0.4127604166666667 0.0234375 0.036458333333333336
1 0.4153645833333333 0.6627604166666666 0.046875 0.028645833333333332
1 0.4361979166666667 0.5052083333333334 0.046875 0.028645833333333332
1 0.38671875 0.6028645833333334 0.046875 0.041666666666666664
1 0.484375 0.4440104166666667 0.044270833333333336 0.033854166666666664
1 0.5403645833333334 0.5403645833333334 0.044270833333333336 0.0390625
1 0.2877604166666667 0.5677083333333334 0.044270833333333336 0.026041666666666668
1 0.2630208333333333 0.5520833333333334 0.03125 0.0390625
1 0.4348958333333333 0.62109375 0.049479166666666664 0.033854166666666664