1 0.453125 0.51953125 0.03125 0.0234375
1 0.34375 0.5169270833333334 0.03125 0.044270833333333336
1 0.5885416666666666 0.5598958333333334 0.036458333333333336 0.018229166666666668
1 0.5182291666666666 0.5729166666666666 0.0234375 0.028645833333333332
1 0.3802083333333333 0.4895833333333333 0.0234375 0.046875
1 0.5794270833333334 0.6002604166666666 0.036458333333333336 0.03125
1 0.51953125 0.5338541666666666 0.041666666666666664 0.028645833333333332
1 0.4505208333333333 0.5520833333333334 0.036458333333333336 0.028645833333333332
1 0.5559895833333334 0.5846354166666666 0.026041666666666668 0.041666666666666664
1 0.6171875 0.5533854166666666 0.044270833333333336 0.020833333333333332
1 0.3854166666666667 0.5755208333333334 0.033854166666666664 0.049479166666666664
1 0.4453125 0.5390625 0.033854166666666664 0.03125
1 0.5130208333333334 0.55078125 0.041666666666666664 0.028645833333333332
1 0.4934895833333333 0.5768229166666666 0.020833333333333332 0.046875
1 0.5846354166666666 0.54296875 0.03125 0.0234375
1 0.4270833333333333 0.4583333333333333 0.0390625 0.033854166666666664
1 0.5638020833333334 0.51953125 0.0390625 0.03125
1 0.3606770833333333 0.4622395833333333 0.041666666666666664 0.057291666666666664
1 0.4166666666666667 0.4934895833333333 0.033854166666666664 0.036458333333333336
1 0.4088541666666667 0.5390625 0.0390625 0.044270833333333336
1 0.5104166666666666 0.5091145833333334 0.026041666666666668 0.033854166666666664
1 0.48046875 0.57421875 0.0234375 0.046875
1 0.4830729166666667 0.4934895833333333 0.036458333333333336 0.041666666666666664
1 0.4921875 0.5325520833333334 0.018229166666666668 0.036458333333333336
1 0.6158854166666666 0.6002604166666666 0.015625 0.046875
1 0.3541666666666667 0.4440104166666667 0.041666666666666664 0.049479166666666664
1 0.4622395833333333 0.61328125 0.041666666666666664 0.033854166666666664
1 0.3828125 0.5286458333333334 0.03125 0.036458333333333336
1 0.4934895833333333 0.6341145833333334 0.026041666666666668 0.0390625
1 0.40625 0.5768229166666666 0.018229166666666668 0.041666666666666664
1 0.4765625 0.52734375 0.028645833333333332 0.0390625
1 0.4140625 0.6015625 0.026041666666666668 0.0625
1 0.515625 0.6002604166666666 0.044270833333333336 0.033854166666666664
1 0.4505208333333333 0.5703125 0.044270833333333336 0.028645833333333332
1 0.6184895833333334 0.640625 0.026041666666666668 0.046875
1 0.5989583333333334 0.6236979166666666 0.0234375 0.052083333333333336
1 0.4283854166666667 0.4427083333333333 0.041666666666666664 0.03125
1 0.4309895833333333 0.609375 0.026041666666666668 0.057291666666666664
1 0.6328125 0.6002604166666666 0.0234375 0.041666666666666664