1 0.6419270833333334 0.5768229166666666 0.052083333333333336 0.07291666666666667
1 0.51953125 0.4505208333333333 0.041666666666666664 0.078125
1 0.50390625 0.390625 0.046875 0.06510416666666667
1 0.5130208333333334 0.28125 0.052083333333333336 0.06510416666666667
1 0.5013020833333334 0.22005208333333334 0.049479166666666664 0.046875
1 0.4986979166666667 0.4830729166666667 0.03125 0.08333333333333333
1 0.5546875 0.6549479166666666 0.044270833333333336 0.033854166666666664
1 0.5481770833333334 0.5377604166666666 0.052083333333333336 0.059895833333333336
1 0.4713541666666667 0.4322916666666667 0.0546875 0.044270833333333336
1 0.6302083333333334 0.484375 0.033854166666666664 0.059895833333333336
1 0.5950520833333334 0.3658854166666667 0.06510416666666667 0.049479166666666664
1 0.5364583333333334 0.21744791666666666 0.03125 0.08072916666666667
1 0.5182291666666666 0.12239583333333333 0.026041666666666668 0.0625
1 0.71484375 0.5 0.036458333333333336 0.09895833333333333
1 0.5377604166666666 0.2760416666666667 0.03125 0.049479166666666664
1 0.59765625 0.4127604166666667 0.036458333333333336 0.07291666666666667
1 0.5533854166666666 0.3385416666666667 0.028645833333333332 0.0703125
1 0.6848958333333334 0.5130208333333334 0.0546875 0.049479166666666664
1 0.5455729166666666 0.4427083333333333 0.0234375 0.044270833333333336
1 0.6015625 0.4739583333333333 0.049479166666666664 0.0390625
1 0.5169270833333334 0.3671875 0.026041666666666668 0.057291666666666664
1 0.6158854166666666 0.53125 0.033854166666666664 0.049479166666666664
1 0.43359375 0.3385416666666667 0.059895833333333336 0.052083333333333336
1 0.5651041666666666 0.42578125 0.046875 0.044270833333333336
1 0.5716145833333334 0.29296875 0.046875 0.08072916666666667
1 0.5403645833333334 0.48046875 0.036458333333333336 0.033854166666666664
1 0.5078125 0.17838541666666666 0.0390625 0.07552083333333333