1 0.2682291666666667 0.11458333333333333 0.09895833333333333 0.22916666666666666
1 0.4752604166666667 0.33984375 0.028645833333333332 0.0703125
1 0.2760416666666667 0.859375 0.09375 0.19791666666666666
1 0.4309895833333333 0.3489583333333333 0.0703125 0.08333333333333333
1 0.4661458333333333 0.40234375 0.0546875 0.14322916666666666
1 0.3059895833333333 0.4596354166666667 0.08072916666666667 0.13802083333333334
1 0.421875 0.2903645833333333 0.0625 0.09114583333333333
1 0.4205729166666667 0.4453125 0.059895833333333336 0.13541666666666666
1 0.4049479166666667 0.4322916666666667 0.057291666666666664 0.15104166666666666
1 0.6770833333333334 0.4934895833333333 0.0703125 0.078125
1 0.4010416666666667 0.5338541666666666 0.0859375 0.08333333333333333
1 0.4713541666666667 0.2669270833333333 0.10677083333333333 0.16145833333333334
1 0.21875 0.2708333333333333 0.06770833333333333 0.1015625