1 0.4153645833333333 0.21875 0.020833333333333332 0.03125
1 0.4713541666666667 0.5078125 0.03125 0.036458333333333336
1 0.4609375 0.3033854166666667 0.0234375 0.028645833333333332
1 0.5208333333333334 0.68359375 0.020833333333333332 0.020833333333333332
1 0.5130208333333334 0.4231770833333333 0.0234375 0.0234375
1 0.46484375 0.2864583333333333 0.028645833333333332 0.026041666666666668
1 0.41796875 0.2981770833333333 0.018229166666666668 0.028645833333333332
1 0.4075520833333333 0.3489583333333333 0.026041666666666668 0.026041666666666668
1 0.3046875 0.4309895833333333 0.0234375 0.03125
1 0.5572916666666666 0.38671875 0.020833333333333332 0.03125
1 0.5442708333333334 0.4908854166666667 0.026041666666666668 0.0234375
1 0.21223958333333334 0.5755208333333334 0.026041666666666668 0.03125
1 0.4270833333333333 0.32421875 0.026041666666666668 0.036458333333333336
1 0.4921875 0.4153645833333333 0.015625 0.026041666666666668
1 0.3268229166666667 0.4661458333333333 0.015625 0.018229166666666668
1 0.4869791666666667 0.48046875 0.03125 0.026041666666666668
1 0.51171875 0.3372395833333333 0.026041666666666668 0.03125
1 0.6002604166666666 0.6458333333333334 0.03125 0.0546875
1 0.4453125 0.3489583333333333 0.026041666666666668 0.041666666666666664
1 0.4700520833333333 0.3190104166666667 0.026041666666666668 0.026041666666666668
1 0.4869791666666667 0.3190104166666667 0.018229166666666668 0.020833333333333332
1 0.4166666666666667 0.4348958333333333 0.026041666666666668 0.026041666666666668
1 0.3841145833333333 0.4895833333333333 0.0234375 0.026041666666666668
1 0.4453125 0.21484375 0.020833333333333332 0.03125
1 0.52734375 0.26171875 0.020833333333333332 0.018229166666666668
1 0.5533854166666666 0.19791666666666666 0.028645833333333332 0.03125
1 0.4075520833333333 0.5846354166666666 0.03125 0.028645833333333332
1 0.5 0.3111979166666667 0.026041666666666668 0.033854166666666664
1 0.7747395833333334 0.65625 0.026041666666666668 0.036458333333333336
1 0.6106770833333334 0.18359375 0.020833333333333332 0.03125
1 0.4283854166666667 0.4947916666666667 0.03125 0.028645833333333332
1 0.4596354166666667 0.3424479166666667 0.0234375 0.033854166666666664
1 0.3828125 0.4296875 0.026041666666666668 0.028645833333333332
1 0.52734375 0.37109375 0.026041666666666668 0.0234375
1 0.57421875 0.43359375 0.020833333333333332 0.03125
1 0.5299479166666666 0.5052083333333334 0.0234375 0.033854166666666664
1 0.5625 0.4375 0.0234375 0.028645833333333332
1 0.5221354166666666 0.42578125 0.026041666666666668 0.028645833333333332
1 0.44921875 0.4270833333333333 0.028645833333333332 0.026041666666666668
1 0.56640625 0.40625 0.018229166666666668 0.028645833333333332
1 0.48828125 0.5052083333333334 0.028645833333333332 0.03125
1 0.5729166666666666 0.3385416666666667 0.0234375 0.028645833333333332
1 0.41015625 0.2578125 0.033854166666666664 0.026041666666666668
1 0.5338541666666666 0.328125 0.03125 0.036458333333333336
1 0.4036458333333333 0.4921875 0.0234375 0.0234375
1 0.4765625 0.37890625 0.026041666666666668 0.033854166666666664
1 0.46875 0.30859375 0.020833333333333332 0.015625
1 0.375 0.2604166666666667 0.026041666666666668 0.033854166666666664
1 0.4114583333333333 0.3138020833333333 0.018229166666666668 0.03125
1 0.4127604166666667 0.4166666666666667 0.033854166666666664 0.028645833333333332
1 0.4114583333333333 0.55078125 0.0234375 0.0390625
1 0.40234375 0.51171875 0.0234375 0.018229166666666668
1 0.6106770833333334 0.4518229166666667 0.026041666666666668 0.033854166666666664
1 0.3307291666666667 0.5625 0.0234375 0.033854166666666664
1 0.4127604166666667 0.26953125 0.018229166666666668 0.028645833333333332
1 0.4869791666666667 0.6588541666666666 0.026041666666666668 0.03125
1 0.5286458333333334 0.3854166666666667 0.028645833333333332 0.026041666666666668
1 0.5911458333333334 0.328125 0.028645833333333332 0.028645833333333332
1 0.5494791666666666 0.1796875 0.020833333333333332 0.03125
1 0.5286458333333334 0.4453125 0.0234375 0.026041666666666668
1 0.4114583333333333 0.2994791666666667 0.0234375 0.036458333333333336
1 0.375 0.32421875 0.020833333333333332 0.036458333333333336
1 0.4791666666666667 0.22786458333333334 0.018229166666666668 0.020833333333333332
1 0.35546875 0.6341145833333334 0.033854166666666664 0.049479166666666664
1 0.4505208333333333 0.30859375 0.026041666666666668 0.033854166666666664
1 0.46484375 0.09895833333333333 0.018229166666666668 0.015625
1 0.22916666666666666 0.12369791666666667 0.028645833333333332 0.020833333333333332
1 0.1875 0.13151041666666666 0.028645833333333332 0.018229166666666668
1 0.5 0.4010416666666667 0.018229166666666668 0.026041666666666668
1 0.4739583333333333 0.3580729166666667 0.026041666666666668 0.03125
1 0.4700520833333333 0.3372395833333333 0.020833333333333332 0.03125
1 0.4869791666666667 0.20703125 0.03125 0.041666666666666664
1 0.24739583333333334 0.11458333333333333 0.020833333333333332 0.028645833333333332
1 0.2565104166666667 0.11067708333333333 0.018229166666666668 0.033854166666666664
1 0.014322916666666666 0.40625 0.028645833333333332 0.036458333333333336
1 0.36328125 0.109375 0.0234375 0.018229166666666668
1 0.484375 0.3489583333333333 0.020833333333333332 0.0234375