1 0.6875 0.4947916666666667 0.052083333333333336 0.044270833333333336
1 0.5638020833333334 0.640625 0.028645833333333332 0.06510416666666667
1 0.6015625 0.2526041666666667 0.0390625 0.06770833333333333
1 0.6432291666666666 0.3854166666666667 0.0390625 0.07291666666666667
1 0.6276041666666666 0.63671875 0.052083333333333336 0.06770833333333333
1 0.4674479166666667 0.3684895833333333 0.052083333333333336 0.07291666666666667
1 0.4036458333333333 0.6575520833333334 0.057291666666666664 0.046875
1 0.3151041666666667 0.4375 0.033854166666666664 0.06770833333333333
1 0.4153645833333333 0.31640625 0.036458333333333336 0.07291666666666667
1 0.5416666666666666 0.6484375 0.026041666666666668 0.057291666666666664
1 0.6197916666666666 0.7434895833333334 0.0625 0.08072916666666667
1 0.2799479166666667 0.5872395833333334 0.049479166666666664 0.08072916666666667