1 0.7005208333333334 0.3776041666666667 0.0703125 0.07291666666666667
1 0.6263020833333334 0.4830729166666667 0.052083333333333336 0.06510416666666667
1 0.6302083333333334 0.3268229166666667 0.06510416666666667 0.08072916666666667
1 0.5846354166666666 0.7018229166666666 0.07291666666666667 0.10677083333333333
1 0.6354166666666666 0.40625 0.0703125 0.07552083333333333
1 0.6653645833333334 0.4440104166666667 0.06770833333333333 0.0859375
1 0.6028645833333334 0.7591145833333334 0.06770833333333333 0.06770833333333333
1 0.4205729166666667 0.6341145833333334 0.078125 0.08854166666666667
1 0.52734375 0.6705729166666666 0.06510416666666667 0.0859375
1 0.4609375 0.2747395833333333 0.046875 0.06770833333333333
1 0.421875 0.3033854166666667 0.09375 0.078125
1 0.5755208333333334 0.4401041666666667 0.049479166666666664 0.078125
1 0.4127604166666667 0.4427083333333333 0.06510416666666667 0.09114583333333333
1 0.3658854166666667 0.7044270833333334 0.08333333333333333 0.06510416666666667
1 0.4270833333333333 0.3802083333333333 0.07291666666666667 0.0859375
1 0.4869791666666667 0.5169270833333334 0.078125 0.08854166666666667
1 0.4361979166666667 0.6809895833333334 0.06510416666666667 0.08072916666666667
1 0.3424479166666667 0.6354166666666666 0.059895833333333336 0.08072916666666667