1 0.4296875 0.24088541666666666 0.0859375 0.08072916666666667
1 0.5221354166666666 0.4635416666666667 0.059895833333333336 0.09114583333333333
1 0.6458333333333334 0.6627604166666666 0.0625 0.06770833333333333
1 0.6341145833333334 0.7265625 0.0390625 0.09114583333333333
1 0.609375 0.3697916666666667 0.06510416666666667 0.057291666666666664
1 0.5260416666666666 0.5768229166666666 0.0703125 0.07291666666666667
1 0.8606770833333334 0.40234375 0.08072916666666667 0.0546875
1 0.8098958333333334 0.30859375 0.08072916666666667 0.08333333333333333
1 0.7955729166666666 0.75390625 0.049479166666666664 0.049479166666666664
1 0.4010416666666667 0.5755208333333334 0.059895833333333336 0.09375
1 0.7291666666666666 0.78515625 0.07552083333333333 0.057291666666666664
1 0.4544270833333333 0.7565104166666666 0.057291666666666664 0.09114583333333333
1 0.6809895833333334 0.14973958333333334 0.0703125 0.08072916666666667
1 0.5533854166666666 0.2708333333333333 0.07291666666666667 0.07291666666666667
1 0.5338541666666666 0.32421875 0.06770833333333333 0.049479166666666664
1 0.5104166666666666 0.12760416666666666 0.059895833333333336 0.09114583333333333
1 0.5625 0.6458333333333334 0.041666666666666664 0.08333333333333333
1 0.48828125 0.828125 0.046875 0.09375
1 0.52734375 0.06380208333333333 0.0546875 0.09635416666666667
1 0.6692708333333334 0.4427083333333333 0.0859375 0.0546875
1 0.4674479166666667 0.6966145833333334 0.07291666666666667 0.046875
1 0.765625 0.7005208333333334 0.0625 0.09375
1 0.7200520833333334 0.7552083333333334 0.059895833333333336 0.036458333333333336
1 0.6822916666666666 0.35546875 0.0625 0.09895833333333333
1 0.72265625 0.4947916666666667 0.0546875 0.078125
1 0.40234375 0.6953125 0.059895833333333336 0.06510416666666667
1 0.80859375 0.5872395833333334 0.0703125 0.0859375
1 0.8098958333333334 0.3841145833333333 0.07291666666666667 0.0625
1 0.40625 0.44140625 0.06770833333333333 0.10416666666666667
1 0.32421875 0.4752604166666667 0.0625 0.0703125
1 0.4596354166666667 0.51953125 0.0859375 0.10677083333333333