1 0.2890625 0.59765625 0.041666666666666664 0.03125
1 0.3619791666666667 0.5833333333333334 0.0390625 0.028645833333333332
1 0.4583333333333333 0.8190104166666666 0.0390625 0.03125
1 0.390625 0.5325520833333334 0.049479166666666664 0.036458333333333336
1 0.5 0.5182291666666666 0.0390625 0.033854166666666664
1 0.5455729166666666 0.4752604166666667 0.036458333333333336 0.036458333333333336
1 0.04296875 0.32421875 0.0390625 0.044270833333333336
1 0.3541666666666667 0.5091145833333334 0.036458333333333336 0.0390625
1 0.4765625 0.3177083333333333 0.0390625 0.041666666666666664
1 0.69921875 0.4596354166666667 0.036458333333333336 0.041666666666666664
1 0.4830729166666667 0.35546875 0.0390625 0.046875
1 0.51953125 0.484375 0.036458333333333336 0.028645833333333332