1 0.6458333333333334 0.13151041666666666 0.0859375 0.11197916666666667
1 0.5247395833333334 0.328125 0.0703125 0.07552083333333333
1 0.4244791666666667 0.5143229166666666 0.08072916666666667 0.08333333333333333
1 0.56640625 0.21354166666666666 0.10416666666666667 0.09635416666666667
1 0.6484375 0.25 0.08854166666666667 0.09375
1 0.4817708333333333 0.5611979166666666 0.06510416666666667 0.08333333333333333
1 0.5247395833333334 0.1328125 0.08854166666666667 0.09635416666666667
1 0.7734375 0.3450520833333333 0.08072916666666667 0.11197916666666667
1 0.23697916666666666 0.4375 0.0703125 0.06510416666666667
1 0.546875 0.6302083333333334 0.09895833333333333 0.08333333333333333
1 0.3229166666666667 0.29296875 0.07291666666666667 0.09114583333333333
1 0.5325520833333334 0.5494791666666666 0.07552083333333333 0.10677083333333333
1 0.68359375 0.5703125 0.07552083333333333 0.0703125
1 0.4986979166666667 0.12239583333333333 0.06510416666666667 0.07552083333333333
1 0.5755208333333334 0.3307291666666667 0.08333333333333333 0.057291666666666664
1 0.29296875 0.2578125 0.049479166666666664 0.08854166666666667