0 0.21223958333333334 0.2955729166666667 0.19791666666666666 0.1796875
0 0.16015625 0.5520833333333334 0.19791666666666666 0.2760416666666667
0 0.28515625 0.6197916666666666 0.16145833333333334 0.22916666666666666
0 0.7643229166666666 0.5989583333333334 0.11458333333333333 0.2109375
0 0.5 0.6966145833333334 0.1796875 0.23958333333333334
0 0.63671875 0.6354166666666666 0.16927083333333334 0.1328125
0 0.8528645833333334 0.20052083333333334 0.20833333333333334 0.265625
0 0.8763020833333334 0.4153645833333333 0.171875 0.19270833333333334
0 0.20833333333333334 0.4401041666666667 0.1875 0.2526041666666667
0 0.9140625 0.4869791666666667 0.16145833333333334 0.23697916666666666
0 0.3255208333333333 0.69921875 0.19270833333333334 0.20833333333333334
0 0.23958333333333334 0.18229166666666666 0.22395833333333334 0.2526041666666667
0 0.94921875 0.62890625 0.1015625 0.12760416666666666
0 0.40234375 0.7604166666666666 0.19791666666666666 0.2526041666666667
0 0.4544270833333333 0.4296875 0.203125 0.17708333333333334
0 0.6041666666666666 0.3125 0.19791666666666666 0.15364583333333334