0 0.8658854166666666 0.4674479166666667 0.18489583333333334 0.21354166666666666
0 0.8255208333333334 0.6302083333333334 0.09895833333333333 0.20833333333333334
0 0.25390625 0.5963541666666666 0.1015625 0.2265625
0 0.5026041666666666 0.16015625 0.109375 0.20572916666666666
0 0.4466145833333333 0.22135416666666666 0.10416666666666667 0.1875
0 0.5026041666666666 0.3216145833333333 0.1640625 0.12760416666666666
0 0.3971354166666667 0.5377604166666666 0.09114583333333333 0.21614583333333334
0 0.3216145833333333 0.5625 0.09375 0.21875
0 0.8151041666666666 0.7552083333333334 0.16666666666666666 0.13020833333333334
0 0.6471354166666666 0.6302083333333334 0.13020833333333334 0.23177083333333334
0 0.6744791666666666 0.8567708333333334 0.1875 0.1796875
0 0.16536458333333334 0.31640625 0.17447916666666666 0.23697916666666666