1 0.4830729166666667 0.8958333333333334 0.09635416666666667 0.11979166666666667
1 0.4518229166666667 0.6666666666666666 0.078125 0.08072916666666667
1 0.4361979166666667 0.4557291666666667 0.08854166666666667 0.09114583333333333
1 0.4440104166666667 0.7890625 0.11197916666666667 0.10677083333333333
1 0.5338541666666666 0.7890625 0.09895833333333333 0.1015625
1 0.5091145833333334 0.4375 0.07552083333333333 0.08854166666666667
1 0.3736979166666667 0.8463541666666666 0.09895833333333333 0.10416666666666667
1 0.6861979166666666 0.7526041666666666 0.09375 0.1171875
1 0.234375 0.44921875 0.07552083333333333 0.0703125
1 0.5963541666666666 0.3997395833333333 0.10677083333333333 0.09375
1 0.25390625 0.6158854166666666 0.08333333333333333 0.09635416666666667
1 0.5494791666666666 0.46875 0.0859375 0.11197916666666667
1 0.6966145833333334 0.5104166666666666 0.08072916666666667 0.078125
1 0.3450520833333333 0.8450520833333334 0.07291666666666667 0.08333333333333333
1 0.5 0.6848958333333334 0.0859375 0.06770833333333333
1 0.21223958333333334 0.63671875 0.059895833333333336 0.09114583333333333