1 0.44140625 0.4244791666666667 0.0390625 0.026041666666666668
1 0.4596354166666667 0.5208333333333334 0.026041666666666668 0.057291666666666664
1 0.5520833333333334 0.6640625 0.028645833333333332 0.049479166666666664
1 0.51171875 0.5455729166666666 0.0390625 0.028645833333333332
1 0.3763020833333333 0.5403645833333334 0.049479166666666664 0.0234375
1 0.4713541666666667 0.484375 0.049479166666666664 0.0234375
1 0.546875 0.54296875 0.036458333333333336 0.026041666666666668
1 0.37109375 0.5872395833333334 0.020833333333333332 0.052083333333333336
1 0.38671875 0.421875 0.0390625 0.041666666666666664
1 0.3033854166666667 0.4752604166666667 0.044270833333333336 0.03125
1 0.3346354166666667 0.4375 0.020833333333333332 0.0390625
1 0.3776041666666667 0.48046875 0.036458333333333336 0.033854166666666664
1 0.4427083333333333 0.4609375 0.036458333333333336 0.026041666666666668
1 0.52734375 0.4661458333333333 0.046875 0.033854166666666664
1 0.7278645833333334 0.4869791666666667 0.026041666666666668 0.049479166666666664
1 0.3424479166666667 0.5625 0.028645833333333332 0.0625
1 0.453125 0.4427083333333333 0.046875 0.028645833333333332
1 0.2265625 0.4869791666666667 0.041666666666666664 0.03125
1 0.3854166666666667 0.453125 0.03125 0.028645833333333332
1 0.3880208333333333 0.51953125 0.046875 0.03125
1 0.5104166666666666 0.4661458333333333 0.036458333333333336 0.026041666666666668