1 0.5690104166666666 0.56640625 0.041666666666666664 0.03125
1 0.5377604166666666 0.47265625 0.033854166666666664 0.057291666666666664
1 0.4244791666666667 0.34375 0.036458333333333336 0.052083333333333336
1 0.4817708333333333 0.4557291666666667 0.041666666666666664 0.033854166666666664
1 0.6171875 0.4427083333333333 0.049479166666666664 0.028645833333333332
1 0.53125 0.51171875 0.049479166666666664 0.028645833333333332
1 0.4479166666666667 0.4635416666666667 0.0390625 0.03125
1 0.6145833333333334 0.3958333333333333 0.028645833333333332 0.052083333333333336
1 0.6223958333333334 0.5625 0.044270833333333336 0.044270833333333336
1 0.6979166666666666 0.4973958333333333 0.046875 0.036458333333333336
1 0.671875 0.5390625 0.026041666666666668 0.0390625
1 0.6236979166666666 0.5026041666666666 0.041666666666666664 0.0390625
1 0.5625 0.5299479166666666 0.0390625 0.03125
1 0.4778645833333333 0.5377604166666666 0.049479166666666664 0.0390625
1 0.2760416666666667 0.5455729166666666 0.03125 0.049479166666666664
1 0.6471354166666666 0.4166666666666667 0.036458333333333336 0.06510416666666667
1 0.5533854166666666 0.5494791666666666 0.049479166666666664 0.033854166666666664
1 0.7734375 0.4752604166666667 0.044270833333333336 0.036458333333333336
1 0.6197916666666666 0.5299479166666666 0.033854166666666664 0.03125
1 0.6080729166666666 0.46484375 0.049479166666666664 0.036458333333333336
1 0.4934895833333333 0.53515625 0.0390625 0.03125