1 0.5677083333333334 0.5755208333333334 0.036458333333333336 0.046875
1 0.5390625 0.53125 0.059895833333333336 0.0390625
1 0.5130208333333334 0.5052083333333334 0.0625 0.036458333333333336
1 0.4973958333333333 0.5403645833333334 0.057291666666666664 0.052083333333333336
1 0.5325520833333334 0.3333333333333333 0.059895833333333336 0.044270833333333336
1 0.33984375 0.3346354166666667 0.057291666666666664 0.044270833333333336
1 0.4908854166666667 0.7005208333333334 0.0625 0.0625
1 0.5885416666666666 0.53515625 0.059895833333333336 0.0390625
1 0.546875 0.5859375 0.059895833333333336 0.0859375
1 0.48828125 0.5924479166666666 0.059895833333333336 0.044270833333333336
1 0.51171875 0.58203125 0.052083333333333336 0.036458333333333336
1 0.5169270833333334 0.6067708333333334 0.0546875 0.041666666666666664
1 0.11458333333333333 0.4479166666666667 0.0546875 0.03125
1 0.6848958333333334 0.51953125 0.0390625 0.0625
1 0.5091145833333334 0.4505208333333333 0.049479166666666664 0.052083333333333336
1 0.6197916666666666 0.5104166666666666 0.049479166666666664 0.033854166666666664
1 0.6302083333333334 0.546875 0.052083333333333336 0.046875
1 0.5364583333333334 0.5572916666666666 0.044270833333333336 0.041666666666666664
1 0.4453125 0.4713541666666667 0.0625 0.0546875
1 0.56640625 0.4700520833333333 0.03125 0.046875
1 0.59375 0.5859375 0.07291666666666667 0.041666666666666664
1 0.4635416666666667 0.6276041666666666 0.059895833333333336 0.07291666666666667
1 0.48046875 0.3971354166666667 0.049479166666666664 0.033854166666666664
1 0.6106770833333334 0.4739583333333333 0.06770833333333333 0.049479166666666664
1 0.6549479166666666 0.4856770833333333 0.041666666666666664 0.059895833333333336
1 0.6197916666666666 0.4869791666666667 0.0546875 0.036458333333333336
1 0.41015625 0.5872395833333334 0.0546875 0.06770833333333333
1 0.4986979166666667 0.4661458333333333 0.0546875 0.059895833333333336
1 0.546875 0.3177083333333333 0.06770833333333333 0.06510416666666667
1 0.24348958333333334 0.390625 0.052083333333333336 0.06510416666666667
1 0.58984375 0.55859375 0.0546875 0.049479166666666664
1 0.5611979166666666 0.50390625 0.0546875 0.036458333333333336