1 0.5598958333333334 0.73828125 0.1015625 0.15364583333333334
1 0.5390625 0.42578125 0.13802083333333334 0.13802083333333334
1 0.41015625 0.234375 0.08072916666666667 0.16666666666666666
1 0.62109375 0.5182291666666666 0.1015625 0.13020833333333334
1 0.4921875 0.24739583333333334 0.08333333333333333 0.1484375
1 0.6106770833333334 0.68359375 0.09114583333333333 0.125
1 0.37890625 0.38671875 0.10416666666666667 0.09114583333333333
1 0.5559895833333334 0.5325520833333334 0.057291666666666664 0.11979166666666667
1 0.5104166666666666 0.10546875 0.1328125 0.12760416666666666
1 0.48828125 0.73828125 0.0859375 0.06770833333333333
1 0.5533854166666666 0.6380208333333334 0.07291666666666667 0.125
1 0.5716145833333334 0.055989583333333336 0.11458333333333333 0.109375
1 0.5611979166666666 0.18098958333333334 0.09895833333333333 0.08333333333333333
1 0.52734375 0.5533854166666666 0.057291666666666664 0.15625