1 0.3424479166666667 0.41015625 0.044270833333333336 0.0390625
1 0.3294270833333333 0.3658854166666667 0.046875 0.036458333333333336
1 0.60546875 0.3697916666666667 0.028645833333333332 0.052083333333333336
1 0.50390625 0.4934895833333333 0.044270833333333336 0.049479166666666664
1 0.38671875 0.61328125 0.028645833333333332 0.0625
1 0.6940104166666666 0.55078125 0.026041666666666668 0.052083333333333336
1 0.5221354166666666 0.60546875 0.028645833333333332 0.059895833333333336
1 0.6966145833333334 0.5911458333333334 0.057291666666666664 0.041666666666666664
1 0.6328125 0.64453125 0.052083333333333336 0.057291666666666664
1 0.5794270833333334 0.3919270833333333 0.0390625 0.028645833333333332
1 0.5169270833333334 0.37109375 0.03125 0.0625
1 0.4375 0.3984375 0.041666666666666664 0.059895833333333336
1 0.4557291666666667 0.38671875 0.0234375 0.057291666666666664
1 0.5390625 0.2877604166666667 0.026041666666666668 0.059895833333333336
1 0.48828125 0.21875 0.052083333333333336 0.059895833333333336
1 0.4830729166666667 0.33984375 0.044270833333333336 0.049479166666666664
1 0.46875 0.24869791666666666 0.041666666666666664 0.07291666666666667
1 0.4635416666666667 0.15494791666666666 0.046875 0.026041666666666668
1 0.3997395833333333 0.17317708333333334 0.033854166666666664 0.049479166666666664
1 0.4986979166666667 0.5520833333333334 0.028645833333333332 0.0390625
1 0.35546875 0.16145833333333334 0.046875 0.044270833333333336
1 0.5611979166666666 0.5494791666666666 0.036458333333333336 0.028645833333333332
1 0.4049479166666667 0.5651041666666666 0.028645833333333332 0.052083333333333336
1 0.46484375 0.6497395833333334 0.059895833333333336 0.046875
1 0.4153645833333333 0.3619791666666667 0.033854166666666664 0.0546875
1 0.2565104166666667 0.3958333333333333 0.0390625 0.046875
1 0.328125 0.2552083333333333 0.03125 0.0703125
1 0.3333333333333333 0.23307291666666666 0.026041666666666668 0.052083333333333336
1 0.390625 0.296875 0.049479166666666664 0.03125
1 0.4401041666666667 0.2877604166666667 0.03125 0.052083333333333336
1 0.51953125 0.3190104166666667 0.033854166666666664 0.052083333333333336
1 0.3723958333333333 0.18619791666666666 0.046875 0.026041666666666668
1 0.30859375 0.19140625 0.046875 0.033854166666666664
1 0.34765625 0.2734375 0.036458333333333336 0.059895833333333336
1 0.4479166666666667 0.6015625 0.046875 0.0390625
1 0.47265625 0.3020833333333333 0.036458333333333336 0.0390625
1 0.671875 0.5143229166666666 0.044270833333333336 0.044270833333333336
1 0.6875 0.5052083333333334 0.052083333333333336 0.0390625
1 0.41015625 0.4153645833333333 0.0234375 0.052083333333333336
1 0.34375 0.17708333333333334 0.036458333333333336 0.044270833333333336
1 0.0859375 0.79296875 0.044270833333333336 0.059895833333333336
1 0.2903645833333333 0.4049479166666667 0.036458333333333336 0.036458333333333336
1 0.37890625 0.4544270833333333 0.052083333333333336 0.046875
1 0.34765625 0.4973958333333333 0.0234375 0.0546875
1 0.4348958333333333 0.5716145833333334 0.044270833333333336 0.03125
1 0.4713541666666667 0.6171875 0.049479166666666664 0.059895833333333336
1 0.5546875 0.4348958333333333 0.041666666666666664 0.052083333333333336
1 0.3203125 0.5260416666666666 0.036458333333333336 0.0625
1 0.3580729166666667 0.4700520833333333 0.046875 0.036458333333333336
1 0.24609375 0.5638020833333334 0.028645833333333332 0.0546875
1 0.140625 0.421875 0.049479166666666664 0.041666666666666664
1 0.4205729166666667 0.3229166666666667 0.052083333333333336 0.036458333333333336
1 0.4674479166666667 0.203125 0.046875 0.033854166666666664
1 0.24869791666666666 0.3541666666666667 0.044270833333333336 0.033854166666666664
1 0.41015625 0.24609375 0.049479166666666664 0.028645833333333332
1 0.42578125 0.19270833333333334 0.041666666666666664 0.0625
1 0.34375 0.22135416666666666 0.033854166666666664 0.057291666666666664
1 0.5364583333333334 0.4479166666666667 0.03125 0.036458333333333336
1 0.5416666666666666 0.265625 0.028645833333333332 0.049479166666666664
1 0.5559895833333334 0.46875 0.0390625 0.018229166666666668
1 0.20442708333333334 0.6536458333333334 0.041666666666666664 0.041666666666666664
1 0.44921875 0.4388020833333333 0.033854166666666664 0.049479166666666664
1 0.4427083333333333 0.5846354166666666 0.046875 0.036458333333333336
1 0.6236979166666666 0.4609375 0.0390625 0.03125
1 0.5234375 0.4544270833333333 0.041666666666666664 0.0625
1 0.4635416666666667 0.56640625 0.041666666666666664 0.049479166666666664
1 0.5677083333333334 0.625 0.036458333333333336 0.0546875
1 0.3958333333333333 0.51171875 0.028645833333333332 0.0625
1 0.3072916666666667 0.13151041666666666 0.046875 0.06510416666666667
1 0.3151041666666667 0.08333333333333333 0.0390625 0.033854166666666664
1 0.3958333333333333 0.3645833333333333 0.026041666666666668 0.052083333333333336
1 0.4635416666666667 0.2838541666666667 0.044270833333333336 0.036458333333333336
1 0.44140625 0.22395833333333334 0.033854166666666664 0.028645833333333332
1 0.4739583333333333 0.53125 0.044270833333333336 0.03125
1 0.3424479166666667 0.4401041666666667 0.028645833333333332 0.0390625
1 0.6145833333333334 0.5989583333333334 0.033854166666666664 0.0625
1 0.55859375 0.5924479166666666 0.046875 0.026041666666666668
1 0.5260416666666666 0.5325520833333334 0.026041666666666668 0.057291666666666664
1 0.5690104166666666 0.4934895833333333 0.044270833333333336 0.028645833333333332
1 0.671875 0.4283854166666667 0.046875 0.044270833333333336
1 0.58203125 0.4622395833333333 0.033854166666666664 0.046875
1 0.5546875 0.53125 0.046875 0.0625
1 0.49609375 0.6080729166666666 0.041666666666666664 0.03125
1 0.54296875 0.6731770833333334 0.049479166666666664 0.0703125
1 0.5234375 0.70703125 0.026041666666666668 0.06770833333333333
1 0.33984375 0.7421875 0.041666666666666664 0.0390625
1 0.6875 0.7161458333333334 0.036458333333333336 0.06770833333333333
1 0.53515625 0.3828125 0.03125 0.0546875
1 0.5833333333333334 0.3229166666666667 0.028645833333333332 0.0625
1 0.4192708333333333 0.4049479166666667 0.0390625 0.052083333333333336
1 0.39453125 0.21223958333333334 0.06510416666666667 0.049479166666666664
1 0.3736979166666667 0.2565104166666667 0.036458333333333336 0.0390625
1 0.55078125 0.24348958333333334 0.049479166666666664 0.046875
1 0.3776041666666667 0.2864583333333333 0.0390625 0.0390625
1 0.2903645833333333 0.38671875 0.046875 0.046875
1 0.4934895833333333 0.18359375 0.044270833333333336 0.0234375
1 0.3854166666666667 0.2265625 0.041666666666666664 0.0546875
1 0.3138020833333333 0.265625 0.028645833333333332 0.06770833333333333
1 0.42578125 0.15885416666666666 0.059895833333333336 0.033854166666666664
1 0.3802083333333333 0.11197916666666667 0.0390625 0.0390625
1 0.43359375 0.5481770833333334 0.0390625 0.033854166666666664
1 0.375 0.1640625 0.028645833333333332 0.046875
1 0.3567708333333333 0.09765625 0.020833333333333332 0.041666666666666664
1 0.5911458333333334 0.4505208333333333 0.028645833333333332 0.041666666666666664
1 0.5846354166666666 0.4127604166666667 0.0390625 0.044270833333333336
1 0.20182291666666666 0.6848958333333334 0.026041666666666668 0.036458333333333336
1 0.2916666666666667 0.4388020833333333 0.0390625 0.041666666666666664
1 0.59375 0.5338541666666666 0.036458333333333336 0.052083333333333336
1 0.6744791666666666 0.5611979166666666 0.033854166666666664 0.049479166666666664
1 0.3802083333333333 0.5286458333333334 0.033854166666666664 0.08333333333333333
1 0.671875 0.3958333333333333 0.046875 0.044270833333333336
1 0.53125 0.5690104166666666 0.041666666666666664 0.03125
1 0.48828125 0.5729166666666666 0.0390625 0.0625
1 0.6484375 0.5455729166666666 0.026041666666666668 0.057291666666666664
1 0.5013020833333334 0.625 0.041666666666666664 0.0234375
1 0.54296875 0.6393229166666666 0.041666666666666664 0.03125
1 0.5651041666666666 0.2981770833333333 0.0390625 0.041666666666666664
1 0.49609375 0.4440104166666667 0.036458333333333336 0.0546875
1 0.6080729166666666 0.3216145833333333 0.044270833333333336 0.0625
1 0.3502604166666667 0.54296875 0.0546875 0.0390625
1 0.4622395833333333 0.328125 0.052083333333333336 0.041666666666666664
1 0.3606770833333333 0.3046875 0.03125 0.0546875
1 0.5651041666666666 0.2747395833333333 0.046875 0.049479166666666664
1 0.4466145833333333 0.1796875 0.046875 0.028645833333333332
1 0.2981770833333333 0.22005208333333334 0.0546875 0.049479166666666664
1 0.578125 0.3502604166666667 0.046875 0.049479166666666664
1 0.4661458333333333 0.17057291666666666 0.044270833333333336 0.026041666666666668
1 0.6158854166666666 0.3958333333333333 0.044270833333333336 0.03125
1 0.4739583333333333 0.4661458333333333 0.044270833333333336 0.033854166666666664
1 0.5703125 0.57421875 0.0390625 0.028645833333333332
1 0.4947916666666667 0.5208333333333334 0.041666666666666664 0.059895833333333336
1 0.42578125 0.6302083333333334 0.033854166666666664 0.0703125
1 0.51953125 0.6536458333333334 0.028645833333333332 0.049479166666666664
1 0.4934895833333333 0.6536458333333334 0.036458333333333336 0.0546875
1 0.59375 0.5690104166666666 0.046875 0.052083333333333336
1 0.5963541666666666 0.35546875 0.041666666666666664 0.06510416666666667
1 0.36328125 0.3489583333333333 0.0390625 0.033854166666666664
1 0.24739583333333334 0.3802083333333333 0.046875 0.036458333333333336
1 0.3424479166666667 0.3815104166666667 0.041666666666666664 0.041666666666666664
1 0.3802083333333333 0.13932291666666666 0.044270833333333336 0.041666666666666664
1 0.46484375 0.4375 0.041666666666666664 0.036458333333333336
1 0.4231770833333333 0.2890625 0.0390625 0.036458333333333336
1 0.5130208333333334 0.2916666666666667 0.041666666666666664 0.057291666666666664
1 0.6536458333333334 0.4036458333333333 0.033854166666666664 0.046875
1 0.21354166666666666 0.6276041666666666 0.0390625 0.0546875
1 0.33203125 0.4856770833333333 0.03125 0.0703125
1 0.4986979166666667 0.3971354166666667 0.0390625 0.06510416666666667
1 0.5885416666666666 0.6236979166666666 0.057291666666666664 0.0625
1 0.4244791666666667 0.5338541666666666 0.044270833333333336 0.033854166666666664
1 0.6002604166666666 0.484375 0.026041666666666668 0.041666666666666664
1 0.6328125 0.421875 0.046875 0.041666666666666664
1 0.6080729166666666 0.42578125 0.033854166666666664 0.049479166666666664
1 0.65234375 0.46875 0.059895833333333336 0.0625
1 0.6302083333333334 0.5729166666666666 0.03125 0.0703125
1 0.50390625 0.6744791666666666 0.03125 0.0625
1 0.59765625 0.6640625 0.036458333333333336 0.046875
1 0.55078125 0.34765625 0.028645833333333332 0.06510416666666667
1 0.3125 0.4375 0.03125 0.059895833333333336
1 0.453125 0.4765625 0.044270833333333336 0.049479166666666664
1 0.3736979166666667 0.4283854166666667 0.041666666666666664 0.057291666666666664
1 0.4856770833333333 0.26953125 0.026041666666666668 0.059895833333333336
1 0.3958333333333333 0.3255208333333333 0.0390625 0.0625
1 0.3528645833333333 0.3190104166666667 0.03125 0.046875
1 0.4166666666666667 0.2682291666666667 0.046875 0.03125
1 0.5169270833333334 0.24348958333333334 0.033854166666666664 0.06510416666666667
1 0.33203125 0.11067708333333333 0.036458333333333336 0.049479166666666664
1 0.4166666666666667 0.13541666666666666 0.0390625 0.03125
1 0.26953125 0.19270833333333334 0.044270833333333336 0.0625