1 0.5403645833333334 0.46875 0.036458333333333336 0.028645833333333332
1 0.6458333333333334 0.4440104166666667 0.036458333333333336 0.046875
1 0.3997395833333333 0.46484375 0.0390625 0.0234375
1 0.4635416666666667 0.4348958333333333 0.026041666666666668 0.03125
1 0.6184895833333334 0.4791666666666667 0.03125 0.049479166666666664
1 0.3971354166666667 0.4231770833333333 0.0390625 0.036458333333333336
1 0.47265625 0.47265625 0.044270833333333336 0.033854166666666664
1 0.5338541666666666 0.4361979166666667 0.0390625 0.033854166666666664
1 0.4244791666666667 0.4322916666666667 0.033854166666666664 0.044270833333333336
1 0.3736979166666667 0.4791666666666667 0.046875 0.028645833333333332
1 0.5911458333333334 0.3971354166666667 0.041666666666666664 0.0546875
1 0.5416666666666666 0.4479166666666667 0.036458333333333336 0.036458333333333336
1 0.4739583333333333 0.4544270833333333 0.044270833333333336 0.033854166666666664
1 0.4869791666666667 0.4244791666666667 0.028645833333333332 0.049479166666666664
1 0.40625 0.48046875 0.033854166666666664 0.026041666666666668
1 0.58203125 0.5208333333333334 0.044270833333333336 0.0390625
1 0.43359375 0.4986979166666667 0.041666666666666664 0.036458333333333336
1 0.6432291666666666 0.5 0.049479166666666664 0.0625
1 0.58203125 0.4856770833333333 0.0390625 0.041666666666666664
1 0.5768229166666666 0.4388020833333333 0.044270833333333336 0.049479166666666664
1 0.48828125 0.4934895833333333 0.028645833333333332 0.036458333333333336
1 0.5 0.4231770833333333 0.028645833333333332 0.049479166666666664
1 0.5182291666666666 0.5013020833333334 0.041666666666666664 0.044270833333333336
1 0.5 0.4674479166666667 0.0234375 0.0390625
1 0.3619791666666667 0.43359375 0.0234375 0.049479166666666664
1 0.6549479166666666 0.515625 0.046875 0.0546875
1 0.5065104166666666 0.3815104166666667 0.044270833333333336 0.0390625
1 0.60546875 0.44140625 0.033854166666666664 0.0390625
1 0.47265625 0.3684895833333333 0.03125 0.041666666666666664
1 0.5703125 0.4010416666666667 0.026041666666666668 0.044270833333333336
1 0.515625 0.4674479166666667 0.033854166666666664 0.041666666666666664
1 0.5572916666666666 0.3802083333333333 0.036458333333333336 0.06510416666666667
1 0.4596354166666667 0.4075520833333333 0.049479166666666664 0.041666666666666664
1 0.5299479166666666 0.4192708333333333 0.046875 0.036458333333333336
1 0.3489583333333333 0.39453125 0.033854166666666664 0.049479166666666664
1 0.3723958333333333 0.40625 0.028645833333333332 0.0546875
1 0.5833333333333334 0.5364583333333334 0.046875 0.036458333333333336
1 0.5390625 0.3763020833333333 0.033854166666666664 0.059895833333333336
1 0.3450520833333333 0.4375 0.028645833333333332 0.044270833333333336