1 0.6783854166666666 0.4908854166666667 0.059895833333333336 0.046875
1 0.5455729166666666 0.5338541666666666 0.09895833333333333 0.046875
1 0.7421875 0.48046875 0.08333333333333333 0.059895833333333336
1 0.7408854166666666 0.5104166666666666 0.07291666666666667 0.059895833333333336
1 0.78515625 0.3736979166666667 0.06510416666666667 0.0390625
1 0.6236979166666666 0.51171875 0.046875 0.052083333333333336
1 0.8268229166666666 0.41796875 0.0703125 0.044270833333333336
1 0.6458333333333334 0.54296875 0.07552083333333333 0.052083333333333336
1 0.6067708333333334 0.4765625 0.08333333333333333 0.0546875
1 0.5716145833333334 0.5572916666666666 0.059895833333333336 0.059895833333333336
1 0.33203125 0.48828125 0.07291666666666667 0.052083333333333336
1 0.515625 0.51171875 0.0546875 0.057291666666666664