1 0.3177083333333333 0.7799479166666666 0.041666666666666664 0.06510416666666667
1 0.5716145833333334 0.3098958333333333 0.041666666666666664 0.046875
1 0.5872395833333334 0.3333333333333333 0.049479166666666664 0.06510416666666667
1 0.5338541666666666 0.3177083333333333 0.0390625 0.03125
1 0.3294270833333333 0.59765625 0.057291666666666664 0.0703125
1 0.296875 0.34765625 0.044270833333333336 0.07291666666666667
1 0.4466145833333333 0.3502604166666667 0.052083333333333336 0.0859375
1 0.5221354166666666 0.3736979166666667 0.0390625 0.059895833333333336
1 0.3567708333333333 0.7447916666666666 0.049479166666666664 0.06770833333333333
1 0.3372395833333333 0.3020833333333333 0.052083333333333336 0.078125
1 0.3854166666666667 0.27734375 0.046875 0.07552083333333333
1 0.3697916666666667 0.6940104166666666 0.041666666666666664 0.07291666666666667
1 0.5286458333333334 0.296875 0.03125 0.046875
1 0.6223958333333334 0.5625 0.052083333333333336 0.078125
1 0.67578125 0.5520833333333334 0.03125 0.028645833333333332
1 0.3151041666666667 0.328125 0.0390625 0.0625
1 0.5950520833333334 0.6106770833333334 0.033854166666666664 0.033854166666666664
1 0.3815104166666667 0.8255208333333334 0.0546875 0.059895833333333336
1 0.43359375 0.6276041666666666 0.046875 0.052083333333333336
1 0.51953125 0.6171875 0.0546875 0.0625
1 0.5572916666666666 0.2734375 0.046875 0.046875
1 0.42578125 0.2421875 0.041666666666666664 0.052083333333333336
1 0.47265625 0.6875 0.0390625 0.049479166666666664
1 0.3841145833333333 0.640625 0.041666666666666664 0.059895833333333336
1 0.2877604166666667 0.5690104166666666 0.057291666666666664 0.09114583333333333
1 0.14192708333333334 0.546875 0.052083333333333336 0.06770833333333333
1 0.4440104166666667 0.4752604166666667 0.049479166666666664 0.0703125
1 0.58984375 0.4192708333333333 0.057291666666666664 0.0703125
1 0.63671875 0.4700520833333333 0.044270833333333336 0.07291666666666667
1 0.5911458333333334 0.6536458333333334 0.036458333333333336 0.057291666666666664
1 0.4713541666666667 0.76171875 0.036458333333333336 0.041666666666666664
1 0.375 0.4765625 0.046875 0.0703125
1 0.3203125 0.41015625 0.049479166666666664 0.0546875
1 0.5078125 0.23958333333333334 0.041666666666666664 0.06770833333333333