1 0.5859375 0.85546875 0.09895833333333333 0.059895833333333336
1 0.4127604166666667 0.6015625 0.059895833333333336 0.0625
1 0.4466145833333333 0.4505208333333333 0.0703125 0.0703125
1 0.5833333333333334 0.7890625 0.1015625 0.0625
1 0.3606770833333333 0.5208333333333334 0.0859375 0.06770833333333333
1 0.3919270833333333 0.6236979166666666 0.08072916666666667 0.07552083333333333
1 0.5729166666666666 0.9036458333333334 0.08854166666666667 0.09635416666666667
1 0.5390625 0.8515625 0.07291666666666667 0.06770833333333333
1 0.4283854166666667 0.48828125 0.078125 0.06510416666666667
1 0.4296875 0.5885416666666666 0.0390625 0.06510416666666667
1 0.5013020833333334 0.5950520833333334 0.078125 0.0625
1 0.5026041666666666 0.6419270833333334 0.0625 0.0625