1 0.43359375 0.4596354166666667 0.0234375 0.0625
1 0.5325520833333334 0.4739583333333333 0.0390625 0.020833333333333332
1 0.41796875 0.25390625 0.028645833333333332 0.0546875
1 0.4752604166666667 0.4583333333333333 0.046875 0.0390625
1 0.6080729166666666 0.44140625 0.041666666666666664 0.046875
1 0.4544270833333333 0.19661458333333334 0.041666666666666664 0.026041666666666668
1 0.5299479166666666 0.5494791666666666 0.026041666666666668 0.026041666666666668
1 0.48828125 0.52734375 0.052083333333333336 0.026041666666666668
1 0.6158854166666666 0.55078125 0.0234375 0.06770833333333333
1 0.5247395833333334 0.453125 0.036458333333333336 0.0234375
1 0.4544270833333333 0.59765625 0.041666666666666664 0.026041666666666668
1 0.3671875 0.5611979166666666 0.052083333333333336 0.044270833333333336
1 0.52734375 0.5794270833333334 0.0390625 0.020833333333333332
1 0.5690104166666666 0.5690104166666666 0.0390625 0.059895833333333336
1 0.3268229166666667 0.48828125 0.033854166666666664 0.0703125
1 0.3919270833333333 0.3502604166666667 0.0546875 0.041666666666666664
1 0.45703125 0.53515625 0.036458333333333336 0.041666666666666664
1 0.34765625 0.4895833333333333 0.0234375 0.06510416666666667
1 0.55859375 0.3971354166666667 0.018229166666666668 0.046875
1 0.4713541666666667 0.3984375 0.046875 0.0390625
1 0.4752604166666667 0.49609375 0.033854166666666664 0.041666666666666664
1 0.5403645833333334 0.6067708333333334 0.044270833333333336 0.026041666666666668
1 0.4973958333333333 0.37109375 0.052083333333333336 0.033854166666666664
1 0.4036458333333333 0.375 0.0390625 0.046875
1 0.4596354166666667 0.4270833333333333 0.036458333333333336 0.0546875
1 0.3802083333333333 0.421875 0.049479166666666664 0.0546875
1 0.5247395833333334 0.3880208333333333 0.028645833333333332 0.0390625
1 0.5052083333333334 0.46484375 0.020833333333333332 0.049479166666666664
1 0.4895833333333333 0.6119791666666666 0.033854166666666664 0.057291666666666664
1 0.5703125 0.5169270833333334 0.033854166666666664 0.044270833333333336
1 0.4075520833333333 0.4934895833333333 0.033854166666666664 0.049479166666666664
1 0.5 0.32421875 0.046875 0.036458333333333336
1 0.37109375 0.53515625 0.049479166666666664 0.033854166666666664
1 0.5794270833333334 0.5325520833333334 0.0234375 0.036458333333333336
1 0.5794270833333334 0.4309895833333333 0.026041666666666668 0.049479166666666664
1 0.4609375 0.3098958333333333 0.0390625 0.052083333333333336
1 0.4153645833333333 0.4427083333333333 0.033854166666666664 0.052083333333333336
1 0.4466145833333333 0.5703125 0.049479166666666664 0.028645833333333332
1 0.5052083333333334 0.5130208333333334 0.0234375 0.046875
1 0.5065104166666666 0.4205729166666667 0.0546875 0.0390625
1 0.5677083333333334 0.42578125 0.020833333333333332 0.052083333333333336
1 0.4479166666666667 0.4583333333333333 0.020833333333333332 0.0625
1 0.4231770833333333 0.4583333333333333 0.020833333333333332 0.049479166666666664
1 0.4622395833333333 0.5052083333333334 0.020833333333333332 0.044270833333333336
1 0.5911458333333334 0.5455729166666666 0.026041666666666668 0.049479166666666664
1 0.4283854166666667 0.3958333333333333 0.026041666666666668 0.049479166666666664
1 0.5611979166666666 0.4661458333333333 0.044270833333333336 0.033854166666666664
1 0.4270833333333333 0.6145833333333334 0.033854166666666664 0.078125
1 0.6484375 0.5651041666666666 0.046875 0.052083333333333336
1 0.53515625 0.51953125 0.041666666666666664 0.0234375
1 0.4921875 0.58984375 0.036458333333333336 0.0546875
1 0.3020833333333333 0.5052083333333334 0.03125 0.07552083333333333
1 0.5416666666666666 0.5078125 0.044270833333333336 0.041666666666666664
1 0.59765625 0.5807291666666666 0.03125 0.028645833333333332
1 0.40625 0.55859375 0.033854166666666664 0.07291666666666667
1 0.4283854166666667 0.3450520833333333 0.0390625 0.033854166666666664
1 0.5846354166666666 0.6067708333333334 0.028645833333333332 0.057291666666666664
1 0.5533854166666666 0.5638020833333334 0.020833333333333332 0.049479166666666664
1 0.4361979166666667 0.5208333333333334 0.026041666666666668 0.0625
1 0.4947916666666667 0.546875 0.041666666666666664 0.028645833333333332
1 0.3984375 0.4453125 0.036458333333333336 0.078125
1 0.3658854166666667 0.4010416666666667 0.0390625 0.049479166666666664
1 0.4114583333333333 0.3059895833333333 0.049479166666666664 0.0390625
1 0.5078125 0.5638020833333334 0.033854166666666664 0.03125
1 0.4596354166666667 0.6315104166666666 0.03125 0.044270833333333336
1 0.3723958333333333 0.4596354166666667 0.033854166666666664 0.059895833333333336
1 0.4388020833333333 0.234375 0.026041666666666668 0.052083333333333336