1 0.7669270833333334 0.5 0.059895833333333336 0.11458333333333333
1 0.19661458333333334 0.32421875 0.0546875 0.08854166666666667
1 0.3515625 0.3111979166666667 0.078125 0.059895833333333336
1 0.546875 0.07421875 0.0546875 0.0546875
1 0.8919270833333334 0.66015625 0.09375 0.08333333333333333
1 0.3346354166666667 0.20182291666666666 0.09375 0.057291666666666664
1 0.8033854166666666 0.5872395833333334 0.0625 0.09895833333333333
1 0.5963541666666666 0.8190104166666666 0.057291666666666664 0.10416666666666667
1 0.4583333333333333 0.7122395833333334 0.09895833333333333 0.09635416666666667
1 0.484375 0.19270833333333334 0.0625 0.08333333333333333
1 0.6627604166666666 0.2591145833333333 0.0859375 0.09375
1 0.7838541666666666 0.3138020833333333 0.09114583333333333 0.07552083333333333
1 0.4388020833333333 0.4583333333333333 0.07291666666666667 0.07291666666666667
1 0.25390625 0.5026041666666666 0.0703125 0.09114583333333333