1 0.4440104166666667 0.16796875 0.033854166666666664 0.052083333333333336
1 0.546875 0.15885416666666666 0.0859375 0.09635416666666667
1 0.4583333333333333 0.6067708333333334 0.07291666666666667 0.14583333333333334
1 0.51171875 0.033854166666666664 0.0546875 0.06770833333333333
1 0.55078125 0.11328125 0.0703125 0.07291666666666667
1 0.54296875 0.05078125 0.0703125 0.1015625
1 0.5104166666666666 0.1015625 0.049479166666666664 0.109375
1 0.51171875 0.5364583333333334 0.08333333333333333 0.07552083333333333
1 0.46875 0.17317708333333334 0.044270833333333336 0.0859375
1 0.4856770833333333 0.0546875 0.0625 0.09114583333333333
1 0.3723958333333333 0.4348958333333333 0.078125 0.13020833333333334
1 0.4635416666666667 0.07552083333333333 0.0703125 0.08072916666666667
1 0.4296875 0.12630208333333334 0.10416666666666667 0.10416666666666667