1 0.4036458333333333 0.19270833333333334 0.041666666666666664 0.08333333333333333
1 0.4830729166666667 0.6145833333333334 0.057291666666666664 0.046875
1 0.5338541666666666 0.5794270833333334 0.044270833333333336 0.08333333333333333
1 0.3919270833333333 0.6158854166666666 0.028645833333333332 0.020833333333333332
1 0.4908854166666667 0.4739583333333333 0.028645833333333332 0.08333333333333333
1 0.4348958333333333 0.5546875 0.049479166666666664 0.08333333333333333
1 0.45703125 0.3841145833333333 0.044270833333333336 0.07291666666666667
1 0.34765625 0.4895833333333333 0.03125 0.08854166666666667
1 0.3971354166666667 0.4908854166666667 0.044270833333333336 0.03125
1 0.53515625 0.5442708333333334 0.044270833333333336 0.07291666666666667
1 0.2604166666666667 0.3125 0.0625 0.052083333333333336
1 0.5065104166666666 0.5247395833333334 0.036458333333333336 0.078125
1 0.4856770833333333 0.5052083333333334 0.028645833333333332 0.06770833333333333
1 0.5247395833333334 0.6002604166666666 0.0390625 0.036458333333333336
1 0.5494791666666666 0.296875 0.059895833333333336 0.049479166666666664
1 0.4934895833333333 0.5703125 0.044270833333333336 0.08072916666666667
1 0.3619791666666667 0.5833333333333334 0.052083333333333336 0.046875
1 0.4700520833333333 0.4921875 0.0234375 0.08072916666666667
1 0.5169270833333334 0.18229166666666666 0.028645833333333332 0.09635416666666667
1 0.4401041666666667 0.6484375 0.0390625 0.08072916666666667
1 0.6263020833333334 0.7057291666666666 0.0546875 0.059895833333333336
1 0.4596354166666667 0.6276041666666666 0.046875 0.041666666666666664
1 0.1328125 0.5703125 0.036458333333333336 0.052083333333333336
1 0.4830729166666667 0.4153645833333333 0.0234375 0.08854166666666667
1 0.3932291666666667 0.52734375 0.0625 0.03125