1 0.3528645833333333 0.43359375 0.057291666666666664 0.07552083333333333
1 0.484375 0.55078125 0.046875 0.078125
1 0.50390625 0.609375 0.049479166666666664 0.06770833333333333
1 0.5013020833333334 0.71875 0.057291666666666664 0.06770833333333333
1 0.5182291666666666 0.7799479166666666 0.052083333333333336 0.049479166666666664
1 0.5026041666666666 0.5169270833333334 0.036458333333333336 0.08333333333333333
1 0.4348958333333333 0.3489583333333333 0.044270833333333336 0.036458333333333336
1 0.44921875 0.46484375 0.0546875 0.0625
1 0.5325520833333334 0.5651041666666666 0.057291666666666664 0.049479166666666664
1 0.37109375 0.5247395833333334 0.0390625 0.059895833333333336
1 0.4153645833333333 0.640625 0.06770833333333333 0.0546875
1 0.4830729166666667 0.78515625 0.036458333333333336 0.08072916666666667
1 0.5091145833333334 0.8776041666666666 0.028645833333333332 0.0625
1 0.2864583333333333 0.515625 0.041666666666666664 0.1015625
1 0.4778645833333333 0.7265625 0.036458333333333336 0.052083333333333336
1 0.4075520833333333 0.59375 0.041666666666666664 0.07291666666666667
1 0.45703125 0.6653645833333334 0.03125 0.0703125
1 0.3151041666666667 0.5 0.057291666666666664 0.0546875
1 0.4596354166666667 0.5598958333333334 0.026041666666666668 0.044270833333333336
1 0.3997395833333333 0.5338541666666666 0.052083333333333336 0.041666666666666664
1 0.4921875 0.6341145833333334 0.028645833333333332 0.057291666666666664
1 0.3828125 0.4765625 0.036458333333333336 0.049479166666666664
1 0.578125 0.65625 0.0625 0.0546875
1 0.4401041666666667 0.578125 0.049479166666666664 0.046875
1 0.4427083333333333 0.7109375 0.049479166666666664 0.08333333333333333
1 0.4622395833333333 0.5221354166666666 0.0390625 0.036458333333333336
1 0.5143229166666666 0.8216145833333334 0.044270833333333336 0.078125