1 0.3502604166666667 0.59765625 0.059895833333333336 0.046875
1 0.4830729166666667 0.5546875 0.09895833333333333 0.049479166666666664
1 0.29296875 0.6263020833333334 0.08333333333333333 0.059895833333333336
1 0.3125 0.6497395833333334 0.07291666666666667 0.0625
1 0.1953125 0.5651041666666666 0.06510416666666667 0.041666666666666664
1 0.4075520833333333 0.58203125 0.046875 0.052083333333333336
1 0.1875 0.625 0.0703125 0.046875
1 0.40625 0.6197916666666666 0.078125 0.0546875
1 0.3997395833333333 0.5442708333333334 0.0859375 0.057291666666666664
1 0.4752604166666667 0.5885416666666666 0.059895833333333336 0.059895833333333336
1 0.62890625 0.3919270833333333 0.07291666666666667 0.0546875
1 0.4934895833333333 0.5182291666666666 0.0546875 0.057291666666666664