1 0.3216145833333333 0.6822916666666666 0.0546875 0.059895833333333336
1 0.1953125 0.6796875 0.08333333333333333 0.0546875
1 0.22786458333333334 0.3151041666666667 0.057291666666666664 0.044270833333333336
1 0.13541666666666666 0.3268229166666667 0.057291666666666664 0.052083333333333336
1 0.5 0.5104166666666666 0.06510416666666667 0.041666666666666664
1 0.39453125 0.8645833333333334 0.052083333333333336 0.059895833333333336
1 0.63671875 0.53515625 0.0625 0.041666666666666664
1 0.23958333333333334 0.3411458333333333 0.0703125 0.044270833333333336
1 0.3072916666666667 0.53515625 0.0546875 0.0546875
1 0.2708333333333333 0.76953125 0.08072916666666667 0.046875
1 0.4817708333333333 0.6067708333333334 0.06770833333333333 0.041666666666666664
1 0.10677083333333333 0.2994791666666667 0.0703125 0.052083333333333336
1 0.06380208333333333 0.19791666666666666 0.041666666666666664 0.0546875
1 0.07682291666666667 0.3111979166666667 0.0625 0.036458333333333336
1 0.23567708333333334 0.6861979166666666 0.052083333333333336 0.049479166666666664
1 0.2864583333333333 0.4544270833333333 0.0625 0.0546875
1 0.4518229166666667 0.5091145833333334 0.06770833333333333 0.0390625
1 0.4583333333333333 0.5325520833333334 0.0390625 0.052083333333333336
1 0.31640625 0.8046875 0.0703125 0.0625
1 0.6106770833333334 0.8723958333333334 0.0625 0.052083333333333336
1 0.061197916666666664 0.23697916666666666 0.0546875 0.052083333333333336
1 0.2552083333333333 0.4309895833333333 0.0625 0.036458333333333336
1 0.37109375 0.8151041666666666 0.06510416666666667 0.044270833333333336
1 0.54296875 0.7252604166666666 0.0703125 0.057291666666666664
1 0.36328125 0.6484375 0.0546875 0.057291666666666664
1 0.4140625 0.90625 0.06770833333333333 0.052083333333333336
1 0.52734375 0.41015625 0.06770833333333333 0.041666666666666664
1 0.6015625 0.8880208333333334 0.057291666666666664 0.0546875
1 0.19921875 0.3658854166666667 0.06770833333333333 0.046875
1 0.4296875 0.546875 0.046875 0.041666666666666664
1 0.6484375 0.578125 0.0703125 0.049479166666666664
1 0.5403645833333334 0.84375 0.046875 0.052083333333333336
1 0.3893229166666667 0.28515625 0.057291666666666664 0.03125
1 0.15755208333333334 0.296875 0.044270833333333336 0.046875
1 0.09505208333333333 0.5078125 0.044270833333333336 0.0546875
1 0.09505208333333333 0.7721354166666666 0.046875 0.0546875
1 0.2526041666666667 0.4908854166666667 0.06510416666666667 0.0546875