1 0.5950520833333334 0.23307291666666666 0.036458333333333336 0.0546875
1 0.58203125 0.6536458333333334 0.0546875 0.041666666666666664
1 0.4427083333333333 0.6236979166666666 0.036458333333333336 0.0625
1 0.38671875 0.7955729166666666 0.046875 0.044270833333333336
1 0.3515625 0.6822916666666666 0.026041666666666668 0.041666666666666664
1 0.58203125 0.24609375 0.036458333333333336 0.08072916666666667
1 0.4791666666666667 0.7591145833333334 0.057291666666666664 0.059895833333333336
1 0.6419270833333334 0.7669270833333334 0.0390625 0.057291666666666664
1 0.7161458333333334 0.51953125 0.046875 0.0546875
1 0.56640625 0.7057291666666666 0.046875 0.0390625
1 0.5091145833333334 0.3502604166666667 0.049479166666666664 0.059895833333333336
1 0.6302083333333334 0.4440104166666667 0.041666666666666664 0.052083333333333336