1 0.66015625 0.4348958333333333 0.0546875 0.052083333333333336
1 0.7174479166666666 0.2526041666666667 0.044270833333333336 0.09895833333333333
1 0.0546875 0.8958333333333334 0.059895833333333336 0.0390625
1 0.6979166666666666 0.3229166666666667 0.0703125 0.1015625
1 0.71875 0.15234375 0.052083333333333336 0.11979166666666667
1 0.6901041666666666 0.15625 0.0390625 0.09114583333333333
1 0.01171875 0.90625 0.0234375 0.041666666666666664
1 0.6575520833333334 0.3580729166666667 0.052083333333333336 0.109375
1 0.6848958333333334 0.23307291666666666 0.052083333333333336 0.09635416666666667
1 0.13541666666666666 0.9283854166666666 0.049479166666666664 0.0546875
1 0.7096354166666666 0.3880208333333333 0.057291666666666664 0.033854166666666664
1 0.6080729166666666 0.578125 0.07291666666666667 0.11458333333333333
1 0.6692708333333334 0.2552083333333333 0.046875 0.09114583333333333
1 0.6510416666666666 0.46875 0.06510416666666667 0.06770833333333333
1 0.7005208333333334 0.22265625 0.03125 0.078125
1 0.6705729166666666 0.40234375 0.0546875 0.052083333333333336