1 0.4127604166666667 0.4947916666666667 0.026041666666666668 0.049479166666666664
1 0.4348958333333333 0.4309895833333333 0.0390625 0.0546875
1 0.3971354166666667 0.4140625 0.0390625 0.046875
1 0.3984375 0.4856770833333333 0.028645833333333332 0.0546875
1 0.5546875 0.4309895833333333 0.028645833333333332 0.049479166666666664
1 0.59375 0.4986979166666667 0.028645833333333332 0.044270833333333336
1 0.5729166666666666 0.5872395833333334 0.03125 0.052083333333333336
1 0.4973958333333333 0.5611979166666666 0.020833333333333332 0.0390625
1 0.5638020833333334 0.5247395833333334 0.03125 0.041666666666666664
1 0.5833333333333334 0.53515625 0.028645833333333332 0.0390625
1 0.3815104166666667 0.5885416666666666 0.041666666666666664 0.0390625
1 0.5416666666666666 0.4661458333333333 0.0390625 0.026041666666666668
1 0.5299479166666666 0.4544270833333333 0.049479166666666664 0.0390625
1 0.48046875 0.4557291666666667 0.044270833333333336 0.0390625
1 0.4453125 0.5442708333333334 0.033854166666666664 0.033854166666666664
1 0.4401041666666667 0.5013020833333334 0.033854166666666664 0.052083333333333336
1 0.4713541666666667 0.4075520833333333 0.0390625 0.052083333333333336
1 0.5677083333333334 0.4127604166666667 0.0390625 0.041666666666666664
1 0.5260416666666666 0.6510416666666666 0.026041666666666668 0.049479166666666664
1 0.4856770833333333 0.5143229166666666 0.033854166666666664 0.049479166666666664
1 0.3072916666666667 0.5182291666666666 0.026041666666666668 0.044270833333333336
1 0.4049479166666667 0.44921875 0.036458333333333336 0.046875
1 0.47265625 0.5364583333333334 0.036458333333333336 0.033854166666666664
1 0.5416666666666666 0.3919270833333333 0.026041666666666668 0.049479166666666664
1 0.6223958333333334 0.49609375 0.041666666666666664 0.036458333333333336
1 0.6028645833333334 0.53515625 0.036458333333333336 0.041666666666666664
1 0.5377604166666666 0.4114583333333333 0.0234375 0.0390625
1 0.48046875 0.4856770833333333 0.03125 0.041666666666666664
1 0.4140625 0.5416666666666666 0.03125 0.049479166666666664
1 0.46484375 0.5234375 0.033854166666666664 0.028645833333333332