1 0.6263020833333334 0.3046875 0.0390625 0.041666666666666664
1 0.6302083333333334 0.7760416666666666 0.0390625 0.052083333333333336
1 0.7747395833333334 0.75 0.06510416666666667 0.041666666666666664
1 0.1953125 0.296875 0.0703125 0.0234375
1 0.4153645833333333 0.20572916666666666 0.052083333333333336 0.041666666666666664
1 0.20833333333333334 0.4283854166666667 0.041666666666666664 0.036458333333333336
1 0.68359375 0.8059895833333334 0.08333333333333333 0.033854166666666664
1 0.11588541666666667 0.3346354166666667 0.052083333333333336 0.041666666666666664
1 0.3645833333333333 0.3046875 0.08333333333333333 0.0390625
1 0.53515625 0.2643229166666667 0.046875 0.046875
1 0.015625 0.4244791666666667 0.03125 0.052083333333333336
1 0.5364583333333334 0.5169270833333334 0.0625 0.026041666666666668
1 0.42578125 0.55859375 0.07291666666666667 0.036458333333333336
1 0.14973958333333334 0.2760416666666667 0.057291666666666664 0.036458333333333336
1 0.4713541666666667 0.375 0.049479166666666664 0.046875
1 0.4934895833333333 0.34765625 0.03125 0.046875
1 0.1328125 0.4388020833333333 0.0546875 0.049479166666666664
1 0.04296875 0.203125 0.078125 0.020833333333333332
1 0.65234375 0.3424479166666667 0.08333333333333333 0.020833333333333332
1 0.2265625 0.5703125 0.07552083333333333 0.020833333333333332
1 0.7721354166666666 0.5611979166666666 0.041666666666666664 0.046875
1 0.2786458333333333 0.2786458333333333 0.08854166666666667 0.0234375
1 0.3072916666666667 0.4752604166666667 0.0859375 0.020833333333333332
1 0.21484375 0.5325520833333334 0.078125 0.036458333333333336
1 0.6809895833333334 0.5690104166666666 0.041666666666666664 0.057291666666666664
1 0.19270833333333334 0.72265625 0.06770833333333333 0.036458333333333336
1 0.671875 0.7018229166666666 0.078125 0.044270833333333336
1 0.26953125 0.4036458333333333 0.08072916666666667 0.020833333333333332
1 0.51171875 0.6809895833333334 0.07552083333333333 0.046875