1 0.8424479166666666 0.5807291666666666 0.059895833333333336 0.08072916666666667
1 0.58984375 0.4244791666666667 0.059895833333333336 0.046875
1 0.8203125 0.3971354166666667 0.0625 0.07552083333333333
1 0.7317708333333334 0.16145833333333334 0.07291666666666667 0.07552083333333333
1 0.8697916666666666 0.4596354166666667 0.0625 0.0625
1 0.6653645833333334 0.34765625 0.052083333333333336 0.057291666666666664
1 0.7838541666666666 0.6080729166666666 0.07291666666666667 0.08333333333333333
1 0.6549479166666666 0.22526041666666666 0.06510416666666667 0.078125
1 0.66015625 0.40625 0.046875 0.052083333333333336
1 0.6744791666666666 0.3932291666666667 0.049479166666666664 0.059895833333333336
1 0.8567708333333334 0.5950520833333334 0.049479166666666664 0.059895833333333336
1 0.7408854166666666 0.34375 0.046875 0.057291666666666664
1 0.6328125 0.5260416666666666 0.0546875 0.09375
1 0.5729166666666666 0.4661458333333333 0.049479166666666664 0.06510416666666667
1 0.7513020833333334 0.55859375 0.044270833333333336 0.057291666666666664
1 0.6028645833333334 0.3294270833333333 0.06770833333333333 0.07291666666666667
1 0.7395833333333334 0.44921875 0.059895833333333336 0.0625
1 0.59375 0.5520833333333334 0.07291666666666667 0.0625
1 0.60546875 0.3802083333333333 0.046875 0.06510416666666667
1 0.7252604166666666 0.41015625 0.057291666666666664 0.059895833333333336
1 0.7760416666666666 0.41015625 0.0546875 0.044270833333333336
1 0.67578125 0.2799479166666667 0.057291666666666664 0.049479166666666664
1 0.7252604166666666 0.234375 0.046875 0.06510416666666667
1 0.7838541666666666 0.6692708333333334 0.057291666666666664 0.0625
1 0.7630208333333334 0.5065104166666666 0.052083333333333336 0.06510416666666667
1 0.7395833333333334 0.5091145833333334 0.0625 0.07552083333333333