1 0.87109375 0.19270833333333334 0.08072916666666667 0.10677083333333333
1 0.8971354166666666 0.026041666666666668 0.049479166666666664 0.052083333333333336
1 0.7591145833333334 0.3919270833333333 0.057291666666666664 0.109375
1 0.8893229166666666 0.12760416666666666 0.1015625 0.140625
1 0.3932291666666667 0.359375 0.08072916666666667 0.06770833333333333
1 0.5794270833333334 0.3567708333333333 0.09895833333333333 0.10677083333333333
1 0.8229166666666666 0.3372395833333333 0.0703125 0.07291666666666667
1 0.8111979166666666 0.4114583333333333 0.09375 0.09635416666666667
1 0.7578125 0.5 0.1015625 0.15885416666666666
1 0.9075520833333334 0.26171875 0.07552083333333333 0.08333333333333333
1 0.9088541666666666 0.3125 0.0625 0.09114583333333333
1 0.8424479166666666 0.5130208333333334 0.08854166666666667 0.140625
1 0.9270833333333334 0.4036458333333333 0.078125 0.07552083333333333