1 0.3919270833333333 0.35546875 0.044270833333333336 0.07291666666666667
1 0.5325520833333334 0.2526041666666667 0.041666666666666664 0.07552083333333333
1 0.3125 0.07161458333333333 0.028645833333333332 0.044270833333333336
1 0.5403645833333334 0.4518229166666667 0.0390625 0.06510416666666667
1 0.4322916666666667 0.21223958333333334 0.057291666666666664 0.036458333333333336
1 0.2877604166666667 0.30859375 0.033854166666666664 0.0859375
1 0.26171875 0.15104166666666666 0.03125 0.09114583333333333
1 0.3736979166666667 0.2825520833333333 0.03125 0.10677083333333333
1 0.3216145833333333 0.08463541666666667 0.0546875 0.046875
1 0.5846354166666666 0.3971354166666667 0.036458333333333336 0.026041666666666668
1 0.2799479166666667 0.22395833333333334 0.033854166666666664 0.08854166666666667
1 0.37109375 0.22916666666666666 0.036458333333333336 0.0703125
1 0.140625 0.026041666666666668 0.03125 0.052083333333333336
1 0.54296875 0.2955729166666667 0.041666666666666664 0.036458333333333336
1 0.53125 0.5260416666666666 0.0234375 0.06510416666666667
1 0.51171875 0.5169270833333334 0.033854166666666664 0.07552083333333333
1 0.4752604166666667 0.1875 0.0390625 0.08854166666666667
1 0.5247395833333334 0.140625 0.046875 0.059895833333333336
1 0.3424479166666667 0.2955729166666667 0.028645833333333332 0.11197916666666667
1 0.5690104166666666 0.16666666666666666 0.0234375 0.0859375
1 0.4088541666666667 0.25 0.03125 0.036458333333333336
1 0.29296875 0.4192708333333333 0.044270833333333336 0.059895833333333336
1 0.5299479166666666 0.22265625 0.044270833333333336 0.041666666666666664
1 0.5390625 0.4375 0.059895833333333336 0.03125
1 0.5625 0.3802083333333333 0.046875 0.07291666666666667
1 0.5364583333333334 0.3893229166666667 0.046875 0.06770833333333333