1 0.7213541666666666 0.5338541666666666 0.10677083333333333 0.059895833333333336
1 0.30078125 0.7265625 0.11197916666666667 0.13020833333333334
1 0.4466145833333333 0.65625 0.08072916666666667 0.10677083333333333
1 0.5052083333333334 0.4010416666666667 0.09635416666666667 0.06510416666666667
1 0.5078125 0.2981770833333333 0.11197916666666667 0.07291666666666667
1 0.6028645833333334 0.4153645833333333 0.09635416666666667 0.049479166666666664
1 0.2552083333333333 0.5338541666666666 0.07291666666666667 0.12760416666666666
1 0.5182291666666666 0.55078125 0.06770833333333333 0.09114583333333333
1 0.3893229166666667 0.609375 0.078125 0.15625
1 0.4453125 0.8138020833333334 0.09895833333333333 0.1328125
1 0.6184895833333334 0.4947916666666667 0.10677083333333333 0.11979166666666667
1 0.5130208333333334 0.6002604166666666 0.08072916666666667 0.0859375
1 0.48046875 0.6953125 0.08854166666666667 0.078125
1 0.4440104166666667 0.58984375 0.052083333333333336 0.13020833333333334
1 0.5442708333333334 0.44921875 0.1015625 0.06510416666666667
1 0.6393229166666666 0.4674479166666667 0.09375 0.109375
1 0.5299479166666666 0.3541666666666667 0.1015625 0.11458333333333333
1 0.4557291666666667 0.3684895833333333 0.06510416666666667 0.10416666666666667
1 0.578125 0.49609375 0.11979166666666667 0.06770833333333333
1 0.4947916666666667 0.4361979166666667 0.09375 0.0703125
1 0.4309895833333333 0.3255208333333333 0.052083333333333336 0.15885416666666666
1 0.3932291666666667 0.4674479166666667 0.052083333333333336 0.13802083333333334
1 0.3580729166666667 0.4778645833333333 0.06770833333333333 0.17708333333333334
1 0.6197916666666666 0.36328125 0.09895833333333333 0.09635416666666667
1 0.48046875 0.4895833333333333 0.08854166666666667 0.07291666666666667