0 0.4466145833333333 0.4453125 0.12760416666666666 0.17447916666666666
0 0.22526041666666666 0.16796875 0.16666666666666666 0.17708333333333334
0 0.17057291666666666 0.3815104166666667 0.1328125 0.20052083333333334
0 0.55859375 0.7252604166666666 0.16927083333333334 0.203125
0 0.6315104166666666 0.3216145833333333 0.125 0.17708333333333334
0 0.5677083333333334 0.4986979166666667 0.15625 0.18489583333333334
0 0.4700520833333333 0.203125 0.171875 0.24479166666666666
0 0.7018229166666666 0.51171875 0.16666666666666666 0.21614583333333334
0 0.6276041666666666 0.20572916666666666 0.15364583333333334 0.1953125
0 0.24609375 0.6119791666666666 0.125 0.1875
0 0.8359375 0.5247395833333334 0.16927083333333334 0.1640625
0 0.3854166666666667 0.7083333333333334 0.12239583333333333 0.18489583333333334