1 0.4869791666666667 0.4010416666666667 0.057291666666666664 0.0859375
1 0.76953125 0.69921875 0.041666666666666664 0.0703125
1 0.55859375 0.734375 0.041666666666666664 0.0703125
1 0.7161458333333334 0.6184895833333334 0.049479166666666664 0.06510416666666667
1 0.66796875 0.4674479166666667 0.0546875 0.046875
1 0.5299479166666666 0.6888020833333334 0.041666666666666664 0.0625
1 0.7278645833333334 0.4791666666666667 0.049479166666666664 0.06770833333333333
1 0.7109375 0.83984375 0.046875 0.0390625
1 0.66796875 0.3046875 0.041666666666666664 0.049479166666666664
1 0.6796875 0.87890625 0.052083333333333336 0.059895833333333336
1 0.9192708333333334 0.4739583333333333 0.057291666666666664 0.057291666666666664
1 0.85546875 0.4739583333333333 0.044270833333333336 0.041666666666666664
1 0.69921875 0.234375 0.049479166666666664 0.059895833333333336
1 0.3880208333333333 0.62890625 0.049479166666666664 0.0703125
1 0.515625 0.4140625 0.0546875 0.06770833333333333
1 0.4622395833333333 0.6809895833333334 0.036458333333333336 0.057291666666666664
1 0.6276041666666666 0.5950520833333334 0.052083333333333336 0.0546875
1 0.6263020833333334 0.2708333333333333 0.046875 0.044270833333333336
1 0.8411458333333334 0.4700520833333333 0.041666666666666664 0.057291666666666664
1 0.4270833333333333 0.5598958333333334 0.046875 0.0703125
1 0.5247395833333334 0.7421875 0.052083333333333336 0.0390625