0 0.85546875 0.453125 0.10416666666666667 0.15625
0 0.6393229166666666 0.51953125 0.046875 0.08854166666666667
1 0.7669270833333334 0.20963541666666666 0.0546875 0.06770833333333333
1 0.66796875 0.4361979166666667 0.052083333333333336 0.07291666666666667
1 0.7369791666666666 0.71875 0.052083333333333336 0.06510416666666667
1 0.8111979166666666 0.421875 0.020833333333333332 0.0390625
1 0.14713541666666666 0.5455729166666666 0.0625 0.06770833333333333
1 0.8268229166666666 0.2838541666666667 0.046875 0.049479166666666664
1 0.4713541666666667 0.8020833333333334 0.052083333333333336 0.0625
1 0.3763020833333333 0.17708333333333334 0.06510416666666667 0.041666666666666664
1 0.4596354166666667 0.14192708333333334 0.03125 0.0625
1 0.15625 0.3372395833333333 0.036458333333333336 0.06510416666666667
1 0.21354166666666666 0.7005208333333334 0.0625 0.046875
1 0.4583333333333333 0.4609375 0.041666666666666664 0.057291666666666664
1 0.4479166666666667 0.8541666666666666 0.0234375 0.06510416666666667
1 0.6184895833333334 0.58984375 0.041666666666666664 0.08333333333333333
1 0.8802083333333334 0.3307291666666667 0.0390625 0.020833333333333332
1 0.8958333333333334 0.2760416666666667 0.028645833333333332 0.08333333333333333
1 0.7760416666666666 0.6705729166666666 0.036458333333333336 0.052083333333333336
1 0.12760416666666666 0.3958333333333333 0.03125 0.0703125
1 0.4440104166666667 0.2799479166666667 0.049479166666666664 0.03125
1 0.7330729166666666 0.44921875 0.028645833333333332 0.07291666666666667
1 0.453125 0.5416666666666666 0.046875 0.052083333333333336
1 0.20442708333333334 0.5013020833333334 0.057291666666666664 0.078125