1 0.375 0.90234375 0.036458333333333336 0.036458333333333336
1 0.4713541666666667 0.7109375 0.052083333333333336 0.0234375
1 0.53125 0.55078125 0.0234375 0.03125
1 0.73828125 0.6080729166666666 0.044270833333333336 0.028645833333333332
1 0.6119791666666666 0.4908854166666667 0.0390625 0.028645833333333332
1 0.4479166666666667 0.4908854166666667 0.041666666666666664 0.028645833333333332
1 0.3893229166666667 0.5065104166666666 0.0390625 0.03125
1 0.4075520833333333 0.5494791666666666 0.044270833333333336 0.033854166666666664
1 0.3411458333333333 0.6705729166666666 0.0390625 0.033854166666666664
1 0.5833333333333334 0.4557291666666667 0.049479166666666664 0.028645833333333332
1 0.4791666666666667 0.4908854166666667 0.041666666666666664 0.033854166666666664
1 0.6080729166666666 0.390625 0.036458333333333336 0.036458333333333336
1 0.54296875 0.6302083333333334 0.026041666666666668 0.033854166666666664
1 0.51953125 0.2825520833333333 0.059895833333333336 0.036458333333333336
1 0.4440104166666667 0.5390625 0.03125 0.036458333333333336
1 0.4895833333333333 0.6080729166666666 0.033854166666666664 0.033854166666666664
1 0.5182291666666666 0.6627604166666666 0.049479166666666664 0.033854166666666664
1 0.5729166666666666 0.7356770833333334 0.0390625 0.03125
1 0.5169270833333334 0.59375 0.036458333333333336 0.0390625
1 0.4895833333333333 0.3854166666666667 0.046875 0.028645833333333332
1 0.5130208333333334 0.7200520833333334 0.041666666666666664 0.028645833333333332
1 0.41015625 0.73828125 0.046875 0.0234375
1 0.5091145833333334 0.6263020833333334 0.046875 0.0234375
1 0.6171875 0.69140625 0.052083333333333336 0.026041666666666668
1 0.6822916666666666 0.53515625 0.036458333333333336 0.033854166666666664
1 0.3854166666666667 0.5859375 0.028645833333333332 0.0390625
1 0.5065104166666666 0.4622395833333333 0.0390625 0.036458333333333336
1 0.37109375 0.6536458333333334 0.052083333333333336 0.0390625
1 0.5364583333333334 0.21614583333333334 0.049479166666666664 0.046875
1 0.4505208333333333 0.4401041666666667 0.036458333333333336 0.0390625
1 0.59765625 0.4205729166666667 0.036458333333333336 0.041666666666666664
1 0.171875 0.8098958333333334 0.0546875 0.044270833333333336
1 0.3658854166666667 0.6171875 0.052083333333333336 0.036458333333333336
1 0.5651041666666666 0.3815104166666667 0.052083333333333336 0.028645833333333332
1 0.5130208333333334 0.4296875 0.046875 0.03125
1 0.5989583333333334 0.44140625 0.044270833333333336 0.03125
1 0.6705729166666666 0.5559895833333334 0.028645833333333332 0.036458333333333336
1 0.3671875 0.5286458333333334 0.041666666666666664 0.033854166666666664
1 0.5872395833333334 0.5807291666666666 0.0625 0.028645833333333332
1 0.5768229166666666 0.6953125 0.026041666666666668 0.036458333333333336
1 0.51953125 0.3658854166666667 0.0390625 0.03125
1 0.375 0.47265625 0.0390625 0.03125
1 0.5260416666666666 0.5091145833333334 0.020833333333333332 0.033854166666666664
1 0.3307291666666667 0.5625 0.049479166666666664 0.026041666666666668
1 0.5299479166666666 0.3046875 0.041666666666666664 0.036458333333333336
1 0.2942708333333333 0.5533854166666666 0.0390625 0.036458333333333336
1 0.5416666666666666 0.4166666666666667 0.036458333333333336 0.036458333333333336
1 0.5481770833333334 0.4908854166666667 0.049479166666666664 0.020833333333333332
1 0.4010416666666667 0.7265625 0.052083333333333336 0.03125
1 0.4778645833333333 0.6536458333333334 0.028645833333333332 0.0390625
1 0.5924479166666666 0.6041666666666666 0.049479166666666664 0.026041666666666668
1 0.4127604166666667 0.75 0.049479166666666664 0.026041666666666668
1 0.6979166666666666 0.5091145833333334 0.0390625 0.033854166666666664
1 0.4661458333333333 0.7317708333333334 0.052083333333333336 0.028645833333333332
1 0.5651041666666666 0.6588541666666666 0.049479166666666664 0.03125
1 0.58203125 0.546875 0.03125 0.041666666666666664
1 0.3125 0.7005208333333334 0.0390625 0.0390625
1 0.2838541666666667 0.6315104166666666 0.041666666666666664 0.03125
1 0.5911458333333334 0.71875 0.03125 0.028645833333333332
1 0.6575520833333334 0.2513020833333333 0.041666666666666664 0.044270833333333336
1 0.5026041666666666 0.41015625 0.036458333333333336 0.026041666666666668
1 0.5559895833333334 0.5807291666666666 0.028645833333333332 0.03125
1 0.5364583333333334 0.609375 0.0390625 0.026041666666666668
1 0.5065104166666666 0.3541666666666667 0.041666666666666664 0.036458333333333336
1 0.60546875 0.5208333333333334 0.049479166666666664 0.033854166666666664
1 0.5677083333333334 0.4192708333333333 0.041666666666666664 0.041666666666666664
1 0.7213541666666666 0.7200520833333334 0.052083333333333336 0.041666666666666664
1 0.55859375 0.63671875 0.03125 0.036458333333333336
1 0.6341145833333334 0.7200520833333334 0.057291666666666664 0.03125
1 0.421875 0.4544270833333333 0.03125 0.036458333333333336
1 0.6158854166666666 0.5325520833333334 0.044270833333333336 0.028645833333333332
1 0.5052083333333334 0.53125 0.049479166666666664 0.028645833333333332
1 0.5885416666666666 0.6783854166666666 0.036458333333333336 0.0234375
1 0.7057291666666666 0.5794270833333334 0.044270833333333336 0.026041666666666668
1 0.5703125 0.5234375 0.041666666666666664 0.0234375
1 0.5963541666666666 0.3854166666666667 0.0390625 0.033854166666666664
1 0.5546875 0.30078125 0.041666666666666664 0.03125
1 0.4817708333333333 0.19791666666666666 0.046875 0.028645833333333332
1 0.6458333333333334 0.5924479166666666 0.046875 0.033854166666666664
1 0.5859375 0.7291666666666666 0.033854166666666664 0.033854166666666664
1 0.5911458333333334 0.6276041666666666 0.036458333333333336 0.03125
1 0.3268229166666667 0.5846354166666666 0.046875 0.0390625
1 0.48828125 0.76171875 0.03125 0.028645833333333332
1 0.4166666666666667 0.6627604166666666 0.041666666666666664 0.033854166666666664
1 0.4817708333333333 0.6770833333333334 0.036458333333333336 0.036458333333333336
1 0.5924479166666666 0.5377604166666666 0.03125 0.036458333333333336
1 0.42578125 0.49609375 0.044270833333333336 0.036458333333333336
1 0.5364583333333334 0.5950520833333334 0.036458333333333336 0.028645833333333332
1 0.546875 0.52734375 0.033854166666666664 0.03125
1 0.5286458333333334 0.4609375 0.03125 0.0390625
1 0.3268229166666667 0.63671875 0.033854166666666664 0.036458333333333336
1 0.5078125 0.6432291666666666 0.0390625 0.03125
1 0.41015625 0.4700520833333333 0.044270833333333336 0.03125
1 0.4830729166666667 0.3567708333333333 0.052083333333333336 0.036458333333333336