1 0.4635416666666667 0.15755208333333334 0.109375 0.12239583333333333
1 0.8098958333333334 0.3919270833333333 0.09895833333333333 0.15364583333333334
1 0.55078125 0.34765625 0.1171875 0.12239583333333333
1 0.5533854166666666 0.5768229166666666 0.09895833333333333 0.12760416666666666
1 0.4609375 0.24609375 0.0859375 0.09895833333333333
1 0.5390625 0.2799479166666667 0.10416666666666667 0.06770833333333333
1 0.6341145833333334 0.53125 0.11979166666666667 0.1484375
1 0.6927083333333334 0.5572916666666666 0.14583333333333334 0.1640625
1 0.4427083333333333 0.4192708333333333 0.09114583333333333 0.08333333333333333
1 0.7408854166666666 0.37890625 0.09895833333333333 0.11458333333333333
1 0.42578125 0.4674479166666667 0.10677083333333333 0.07291666666666667
1 0.4895833333333333 0.26953125 0.0703125 0.1171875
1 0.5169270833333334 0.5755208333333334 0.08854166666666667 0.13020833333333334
1 0.6080729166666666 0.3203125 0.09635416666666667 0.10416666666666667
1 0.4895833333333333 0.45703125 0.08072916666666667 0.13020833333333334