1 0.5078125 0.6901041666666666 0.0546875 0.09375
1 0.48046875 0.6653645833333334 0.0546875 0.09635416666666667
1 0.453125 0.546875 0.049479166666666664 0.08072916666666667
1 0.5065104166666666 0.5416666666666666 0.06510416666666667 0.0703125
1 0.4309895833333333 0.2265625 0.057291666666666664 0.06770833333333333
1 0.3619791666666667 0.3919270833333333 0.049479166666666664 0.1015625
1 0.2630208333333333 0.375 0.07552083333333333 0.09635416666666667
1 0.2942708333333333 0.359375 0.057291666666666664 0.078125
1 0.375 0.2786458333333333 0.0546875 0.0703125
1 0.4830729166666667 0.59375 0.0546875 0.09895833333333333
1 0.453125 0.3606770833333333 0.08072916666666667 0.0703125
1 0.4049479166666667 0.53125 0.0625 0.08072916666666667
1 0.3841145833333333 0.5 0.049479166666666664 0.0859375
1 0.3411458333333333 0.24869791666666666 0.06510416666666667 0.08333333333333333
1 0.4036458333333333 0.7252604166666666 0.0703125 0.08333333333333333
1 0.4401041666666667 0.48828125 0.052083333333333336 0.1015625
1 0.5182291666666666 0.46875 0.052083333333333336 0.08854166666666667
1 0.5924479166666666 0.41015625 0.057291666666666664 0.09895833333333333
1 0.5794270833333334 0.328125 0.057291666666666664 0.10677083333333333
1 0.4973958333333333 0.24088541666666666 0.057291666666666664 0.08854166666666667
1 0.47265625 0.4075520833333333 0.06770833333333333 0.08333333333333333
1 0.2838541666666667 0.7369791666666666 0.0625 0.1015625
1 0.5638020833333334 0.6510416666666666 0.07291666666666667 0.0859375
1 0.4049479166666667 0.625 0.049479166666666664 0.044270833333333336
1 0.4518229166666667 0.4856770833333333 0.0390625 0.08072916666666667
1 0.515625 0.2981770833333333 0.0703125 0.09375
1 0.4908854166666667 0.12109375 0.06770833333333333 0.09635416666666667
1 0.453125 0.41796875 0.057291666666666664 0.09895833333333333
1 0.33203125 0.5677083333333334 0.06770833333333333 0.11197916666666667
1 0.2838541666666667 0.609375 0.0625 0.10416666666666667
1 0.2955729166666667 0.5690104166666666 0.041666666666666664 0.08072916666666667
1 0.33984375 0.3763020833333333 0.0390625 0.08854166666666667
1 0.2864583333333333 0.3033854166666667 0.06510416666666667 0.08854166666666667
1 0.4296875 0.6653645833333334 0.07291666666666667 0.09375
1 0.4739583333333333 0.5143229166666666 0.041666666666666664 0.09375
1 0.4791666666666667 0.3072916666666667 0.0546875 0.09895833333333333
1 0.484375 0.3684895833333333 0.0390625 0.08854166666666667
1 0.3346354166666667 0.5182291666666666 0.0703125 0.09895833333333333
1 0.5182291666666666 0.6692708333333334 0.057291666666666664 0.1015625
1 0.5013020833333334 0.5104166666666666 0.06770833333333333 0.07291666666666667
1 0.5065104166666666 0.40234375 0.044270833333333336 0.078125
1 0.3268229166666667 0.7552083333333334 0.0703125 0.09895833333333333
1 0.3307291666666667 0.4322916666666667 0.06510416666666667 0.09114583333333333
1 0.2903645833333333 0.4348958333333333 0.0703125 0.11979166666666667
1 0.37890625 0.3932291666666667 0.041666666666666664 0.06770833333333333
1 0.4700520833333333 0.8932291666666666 0.057291666666666664 0.109375
1 0.3958333333333333 0.6796875 0.059895833333333336 0.0546875
1 0.4453125 0.5963541666666666 0.06510416666666667 0.0546875
1 0.5442708333333334 0.4765625 0.044270833333333336 0.09114583333333333
1 0.4166666666666667 0.58203125 0.059895833333333336 0.08072916666666667
1 0.5442708333333334 0.43359375 0.0546875 0.09635416666666667
1 0.36328125 0.51171875 0.0625 0.08333333333333333
1 0.3502604166666667 0.3190104166666667 0.057291666666666664 0.09375