1 0.4661458333333333 0.6341145833333334 0.0234375 0.044270833333333336
1 0.6354166666666666 0.7994791666666666 0.028645833333333332 0.026041666666666668
1 0.4544270833333333 0.6354166666666666 0.018229166666666668 0.041666666666666664
1 0.625 0.6067708333333334 0.018229166666666668 0.046875
1 0.6041666666666666 0.7825520833333334 0.028645833333333332 0.033854166666666664
1 0.4505208333333333 0.6145833333333334 0.0234375 0.033854166666666664
1 0.5950520833333334 0.8125 0.026041666666666668 0.036458333333333336
1 0.6393229166666666 0.23567708333333334 0.041666666666666664 0.0546875
1 0.4596354166666667 0.5247395833333334 0.041666666666666664 0.059895833333333336
1 0.54296875 0.8385416666666666 0.0234375 0.036458333333333336
1 0.6106770833333334 0.7721354166666666 0.0234375 0.028645833333333332
1 0.6822916666666666 0.7760416666666666 0.026041666666666668 0.052083333333333336
1 0.70703125 0.58203125 0.041666666666666664 0.041666666666666664
1 0.7669270833333334 0.4166666666666667 0.020833333333333332 0.044270833333333336
1 0.44921875 0.5325520833333334 0.033854166666666664 0.033854166666666664
1 0.5208333333333334 0.6171875 0.03125 0.041666666666666664
1 0.5989583333333334 0.6927083333333334 0.0234375 0.049479166666666664
1 0.5833333333333334 0.77734375 0.026041666666666668 0.03125
1 0.6510416666666666 0.4609375 0.018229166666666668 0.046875
1 0.7174479166666666 0.3359375 0.026041666666666668 0.0546875
1 0.6393229166666666 0.5143229166666666 0.026041666666666668 0.036458333333333336
1 0.41015625 0.5208333333333334 0.033854166666666664 0.052083333333333336
1 0.46484375 0.9557291666666666 0.033854166666666664 0.036458333333333336
1 0.5091145833333334 0.76953125 0.03125 0.0546875
1 0.7096354166666666 0.69921875 0.0234375 0.033854166666666664
1 0.6510416666666666 0.328125 0.026041666666666668 0.044270833333333336
1 0.6106770833333334 0.5963541666666666 0.028645833333333332 0.059895833333333336
1 0.4088541666666667 0.8489583333333334 0.03125 0.026041666666666668
1 0.4791666666666667 0.859375 0.03125 0.06510416666666667
1 0.4700520833333333 0.5911458333333334 0.033854166666666664 0.028645833333333332
1 0.7135416666666666 0.6184895833333334 0.026041666666666668 0.044270833333333336
1 0.66015625 0.47265625 0.0234375 0.052083333333333336
1 0.7591145833333334 0.4088541666666667 0.013020833333333334 0.020833333333333332