1 0.296875 0.8125 0.020833333333333332 0.020833333333333332
1 0.4674479166666667 0.3658854166666667 0.010416666666666666 0.033854166666666664
1 0.3059895833333333 0.25390625 0.015625 0.036458333333333336
1 0.2682291666666667 0.16145833333333334 0.018229166666666668 0.041666666666666664
1 0.19661458333333334 0.3580729166666667 0.018229166666666668 0.036458333333333336
1 0.2591145833333333 0.17057291666666666 0.013020833333333334 0.0390625
1 0.5182291666666666 0.17317708333333334 0.015625 0.018229166666666668
1 0.47265625 0.14453125 0.018229166666666668 0.0234375
1 0.3268229166666667 0.15494791666666666 0.018229166666666668 0.033854166666666664
1 0.43359375 0.1953125 0.015625 0.020833333333333332
1 0.4466145833333333 0.23046875 0.013020833333333334 0.018229166666666668
1 0.5924479166666666 0.6979166666666666 0.018229166666666668 0.041666666666666664
1 0.265625 0.2591145833333333 0.013020833333333334 0.03125
1 0.2109375 0.23046875 0.015625 0.036458333333333336
1 0.2682291666666667 0.6979166666666666 0.018229166666666668 0.013020833333333334
1 0.6692708333333334 0.4427083333333333 0.010416666666666666 0.026041666666666668
1 0.54296875 0.2838541666666667 0.020833333333333332 0.03125
1 0.4674479166666667 0.06640625 0.018229166666666668 0.0234375
1 0.3580729166666667 0.046875 0.013020833333333334 0.044270833333333336
1 0.17057291666666666 0.4231770833333333 0.010416666666666666 0.044270833333333336
1 0.5104166666666666 0.2825520833333333 0.018229166666666668 0.015625
1 0.3346354166666667 0.4583333333333333 0.013020833333333334 0.036458333333333336
1 0.5013020833333334 0.10807291666666667 0.020833333333333332 0.020833333333333332
1 0.4231770833333333 0.1796875 0.015625 0.026041666666666668
1 0.46875 0.18619791666666666 0.013020833333333334 0.046875
1 0.4296875 0.5130208333333334 0.015625 0.03125
1 0.45703125 0.1171875 0.010416666666666666 0.03125
1 0.22265625 0.20052083333333334 0.018229166666666668 0.0234375
1 0.23697916666666666 0.5690104166666666 0.020833333333333332 0.018229166666666668
1 0.4427083333333333 0.08072916666666667 0.020833333333333332 0.0234375
1 0.4791666666666667 0.265625 0.015625 0.033854166666666664
1 0.4752604166666667 0.2903645833333333 0.018229166666666668 0.046875
1 0.640625 0.4921875 0.013020833333333334 0.0234375
1 0.3671875 0.3372395833333333 0.015625 0.026041666666666668
1 0.3125 0.20572916666666666 0.018229166666666668 0.0234375
1 0.16666666666666666 0.4921875 0.020833333333333332 0.0234375
1 0.33203125 0.21354166666666666 0.020833333333333332 0.041666666666666664
1 0.4427083333333333 0.4453125 0.026041666666666668 0.018229166666666668
1 0.26953125 0.23567708333333334 0.015625 0.0234375
1 0.4635416666666667 0.10807291666666667 0.0078125 0.026041666666666668
1 0.23958333333333334 0.24609375 0.020833333333333332 0.020833333333333332
1 0.2825520833333333 0.17708333333333334 0.0234375 0.036458333333333336
1 0.49609375 0.22395833333333334 0.013020833333333334 0.013020833333333334
1 0.37109375 0.13541666666666666 0.010416666666666666 0.028645833333333332
1 0.2109375 0.43359375 0.013020833333333334 0.0234375
1 0.2799479166666667 0.3723958333333333 0.018229166666666668 0.018229166666666668
1 0.4479166666666667 0.7330729166666666 0.020833333333333332 0.015625
1 0.3255208333333333 0.35546875 0.020833333333333332 0.026041666666666668
1 0.6497395833333334 0.35546875 0.0234375 0.03125
1 0.5260416666666666 0.4166666666666667 0.020833333333333332 0.020833333333333332
1 0.2916666666666667 0.3190104166666667 0.018229166666666668 0.033854166666666664
1 0.3528645833333333 0.06770833333333333 0.010416666666666666 0.046875
1 0.3450520833333333 0.07552083333333333 0.013020833333333334 0.028645833333333332
1 0.49609375 0.2421875 0.018229166666666668 0.020833333333333332
1 0.328125 0.3072916666666667 0.013020833333333334 0.0390625
1 0.5299479166666666 0.14322916666666666 0.013020833333333334 0.026041666666666668
1 0.56640625 0.11458333333333333 0.015625 0.036458333333333336
1 0.23697916666666666 0.21223958333333334 0.018229166666666668 0.03125
1 0.4166666666666667 0.36328125 0.020833333333333332 0.03125
1 0.21875 0.53515625 0.020833333333333332 0.026041666666666668
1 0.23697916666666666 0.5768229166666666 0.020833333333333332 0.0234375
1 0.39453125 0.62890625 0.013020833333333334 0.028645833333333332
1 0.59375 0.171875 0.0234375 0.036458333333333336
1 0.5143229166666666 0.70703125 0.013020833333333334 0.033854166666666664
1 0.5546875 0.3815104166666667 0.020833333333333332 0.033854166666666664
1 0.6510416666666666 0.5611979166666666 0.018229166666666668 0.020833333333333332
1 0.6653645833333334 0.4427083333333333 0.010416666666666666 0.026041666666666668
1 0.5794270833333334 0.55859375 0.020833333333333332 0.0234375
1 0.3502604166666667 0.24479166666666666 0.013020833333333334 0.044270833333333336
1 0.4036458333333333 0.07291666666666667 0.015625 0.036458333333333336
1 0.20572916666666666 0.4609375 0.020833333333333332 0.026041666666666668
1 0.5091145833333334 0.2109375 0.018229166666666668 0.020833333333333332
1 0.203125 0.25 0.020833333333333332 0.0234375
1 0.21875 0.2734375 0.013020833333333334 0.041666666666666664
1 0.23177083333333334 0.62890625 0.0234375 0.018229166666666668
1 0.39453125 0.23177083333333334 0.013020833333333334 0.0390625
1 0.4010416666666667 0.30078125 0.020833333333333332 0.026041666666666668
1 0.4791666666666667 0.1171875 0.010416666666666666 0.036458333333333336
1 0.609375 0.4361979166666667 0.010416666666666666 0.010416666666666666
1 0.3854166666666667 0.6067708333333334 0.020833333333333332 0.020833333333333332
1 0.3880208333333333 0.09375 0.018229166666666668 0.044270833333333336
1 0.56640625 0.2526041666666667 0.015625 0.0390625
1 0.3684895833333333 0.07161458333333333 0.010416666666666666 0.036458333333333336
1 0.3984375 0.5078125 0.018229166666666668 0.026041666666666668
1 0.22526041666666666 0.7838541666666666 0.018229166666666668 0.018229166666666668
1 0.2981770833333333 0.55859375 0.020833333333333332 0.0390625
1 0.54296875 0.22916666666666666 0.020833333333333332 0.020833333333333332
1 0.66015625 0.5364583333333334 0.018229166666666668 0.033854166666666664
1 0.4427083333333333 0.7526041666666666 0.018229166666666668 0.018229166666666668
1 0.4557291666666667 0.07291666666666667 0.010416666666666666 0.044270833333333336
1 0.36328125 0.390625 0.015625 0.020833333333333332
1 0.36328125 0.12239583333333333 0.020833333333333332 0.026041666666666668
1 0.6119791666666666 0.3151041666666667 0.015625 0.0390625
1 0.5065104166666666 0.5390625 0.018229166666666668 0.028645833333333332
1 0.22265625 0.42578125 0.010416666666666666 0.036458333333333336
1 0.25390625 0.13541666666666666 0.018229166666666668 0.041666666666666664
1 0.453125 0.19010416666666666 0.013020833333333334 0.033854166666666664
1 0.4791666666666667 0.68359375 0.020833333333333332 0.03125
1 0.4192708333333333 0.16015625 0.013020833333333334 0.044270833333333336
1 0.3190104166666667 0.26171875 0.018229166666666668 0.020833333333333332