1 0.65234375 0.3033854166666667 0.010416666666666666 0.020833333333333332
1 0.3658854166666667 0.4401041666666667 0.010416666666666666 0.026041666666666668
1 0.7213541666666666 0.2994791666666667 0.013020833333333334 0.015625
1 0.4153645833333333 0.6197916666666666 0.020833333333333332 0.020833333333333332
1 0.3854166666666667 0.65234375 0.015625 0.0234375
1 0.328125 0.5299479166666666 0.010416666666666666 0.026041666666666668
1 0.3567708333333333 0.3411458333333333 0.018229166666666668 0.026041666666666668
1 0.3671875 0.3958333333333333 0.013020833333333334 0.0234375
1 0.4127604166666667 0.5013020833333334 0.015625 0.026041666666666668
1 0.3033854166666667 0.4596354166666667 0.018229166666666668 0.026041666666666668
1 0.3828125 0.3893229166666667 0.015625 0.015625
1 0.35546875 0.3880208333333333 0.010416666666666666 0.0234375
1 0.4075520833333333 0.453125 0.015625 0.0234375
1 0.54296875 0.515625 0.015625 0.013020833333333334
1 0.5455729166666666 0.29296875 0.015625 0.013020833333333334
1 0.5494791666666666 0.26171875 0.010416666666666666 0.026041666666666668
1 0.59765625 0.44140625 0.018229166666666668 0.020833333333333332
1 0.5677083333333334 0.40625 0.018229166666666668 0.015625
1 0.6080729166666666 0.7005208333333334 0.015625 0.0234375
1 0.7369791666666666 0.3033854166666667 0.010416666666666666 0.020833333333333332
1 0.2838541666666667 0.53125 0.018229166666666668 0.028645833333333332
1 0.34375 0.53125 0.018229166666666668 0.018229166666666668
1 0.296875 0.3776041666666667 0.015625 0.0234375
1 0.3658854166666667 0.6002604166666666 0.020833333333333332 0.020833333333333332
1 0.35546875 0.4596354166666667 0.013020833333333334 0.026041666666666668
1 0.5690104166666666 0.35546875 0.013020833333333334 0.0234375
1 0.5807291666666666 0.42578125 0.0078125 0.020833333333333332
1 0.7447916666666666 0.5143229166666666 0.015625 0.0234375
1 0.6666666666666666 0.41015625 0.010416666666666666 0.0234375
1 0.8059895833333334 0.4765625 0.018229166666666668 0.013020833333333334
1 0.79296875 0.5338541666666666 0.013020833333333334 0.015625
1 0.8567708333333334 0.7174479166666666 0.0078125 0.026041666666666668
1 0.5885416666666666 0.31640625 0.013020833333333334 0.0234375
1 0.3971354166666667 0.4947916666666667 0.013020833333333334 0.0234375
1 0.2864583333333333 0.4427083333333333 0.0234375 0.015625
1 0.4140625 0.5963541666666666 0.018229166666666668 0.015625
1 0.4934895833333333 0.4505208333333333 0.010416666666666666 0.020833333333333332
1 0.3802083333333333 0.3697916666666667 0.010416666666666666 0.0234375
1 0.4166666666666667 0.4869791666666667 0.018229166666666668 0.013020833333333334
1 0.4127604166666667 0.46875 0.0234375 0.020833333333333332
1 0.5169270833333334 0.5755208333333334 0.0234375 0.015625
1 0.6666666666666666 0.5729166666666666 0.0234375 0.020833333333333332
1 0.6927083333333334 0.5625 0.010416666666666666 0.0234375
1 0.6796875 0.5455729166666666 0.018229166666666668 0.015625
1 0.6067708333333334 0.5091145833333334 0.015625 0.03125
1 0.6276041666666666 0.578125 0.018229166666666668 0.0234375
1 0.8424479166666666 0.7291666666666666 0.010416666666666666 0.015625
1 0.5859375 0.3424479166666667 0.018229166666666668 0.013020833333333334
1 0.4205729166666667 0.40234375 0.0234375 0.015625
1 0.6640625 0.3111979166666667 0.013020833333333334 0.015625
1 0.67578125 0.2955729166666667 0.015625 0.018229166666666668
1 0.5455729166666666 0.33984375 0.0078125 0.020833333333333332
1 0.33203125 0.3385416666666667 0.018229166666666668 0.018229166666666668
1 0.453125 0.55859375 0.013020833333333334 0.03125
1 0.3098958333333333 0.72265625 0.0234375 0.0234375
1 0.3385416666666667 0.4622395833333333 0.010416666666666666 0.0234375
1 0.34765625 0.50390625 0.013020833333333334 0.0234375
1 0.5546875 0.3033854166666667 0.015625 0.010416666666666666
1 0.75390625 0.5794270833333334 0.010416666666666666 0.028645833333333332
1 0.7864583333333334 0.52734375 0.015625 0.010416666666666666
1 0.6861979166666666 0.4713541666666667 0.020833333333333332 0.013020833333333334
1 0.6276041666666666 0.48828125 0.020833333333333332 0.015625
1 0.7018229166666666 0.5078125 0.018229166666666668 0.013020833333333334
1 0.5924479166666666 0.7291666666666666 0.010416666666666666 0.028645833333333332
1 0.5872395833333334 0.5807291666666666 0.0078125 0.026041666666666668
1 0.5442708333333334 0.3046875 0.018229166666666668 0.020833333333333332
1 0.55078125 0.2825520833333333 0.013020833333333334 0.020833333333333332
1 0.4010416666666667 0.703125 0.013020833333333334 0.026041666666666668
1 0.3359375 0.7278645833333334 0.026041666666666668 0.0234375
1 0.7291666666666666 0.2864583333333333 0.015625 0.018229166666666668
1 0.5208333333333334 0.3216145833333333 0.015625 0.013020833333333334
1 0.3033854166666667 0.3372395833333333 0.018229166666666668 0.026041666666666668
1 0.5729166666666666 0.3372395833333333 0.0078125 0.0234375
1 0.4765625 0.5169270833333334 0.010416666666666666 0.0234375
1 0.6627604166666666 0.3203125 0.013020833333333334 0.010416666666666666
1 0.5403645833333334 0.4752604166666667 0.015625 0.020833333333333332
1 0.3216145833333333 0.3984375 0.0234375 0.018229166666666668
1 0.60546875 0.3333333333333333 0.0078125 0.020833333333333332
1 0.3203125 0.7916666666666666 0.020833333333333332 0.010416666666666666
1 0.3216145833333333 0.5442708333333334 0.0234375 0.013020833333333334
1 0.5299479166666666 0.5052083333333334 0.015625 0.013020833333333334
1 0.4205729166666667 0.4739583333333333 0.020833333333333332 0.010416666666666666
1 0.5950520833333334 0.3268229166666667 0.013020833333333334 0.020833333333333332
1 0.4765625 0.4270833333333333 0.013020833333333334 0.0234375
1 0.7981770833333334 0.4986979166666667 0.010416666666666666 0.0234375
1 0.76953125 0.44921875 0.010416666666666666 0.0234375
1 0.59765625 0.484375 0.020833333333333332 0.020833333333333332
1 0.75390625 0.5286458333333334 0.010416666666666666 0.0234375
1 0.6223958333333334 0.5078125 0.013020833333333334 0.0234375
1 0.6354166666666666 0.6028645833333334 0.010416666666666666 0.0234375
1 0.7213541666666666 0.33984375 0.015625 0.018229166666666668
1 0.4453125 0.5807291666666666 0.018229166666666668 0.0234375
1 0.3828125 0.4075520833333333 0.015625 0.026041666666666668
1 0.3893229166666667 0.36328125 0.010416666666666666 0.03125
1 0.2942708333333333 0.79296875 0.026041666666666668 0.018229166666666668
1 0.3385416666666667 0.48828125 0.015625 0.0234375
1 0.4453125 0.5065104166666666 0.013020833333333334 0.020833333333333332
1 0.5013020833333334 0.5859375 0.013020833333333334 0.0234375
1 0.39453125 0.5716145833333334 0.013020833333333334 0.0234375
1 0.7278645833333334 0.3072916666666667 0.010416666666666666 0.026041666666666668
1 0.3072916666666667 0.5611979166666666 0.013020833333333334 0.026041666666666668
1 0.6484375 0.3255208333333333 0.015625 0.0234375
1 0.5885416666666666 0.5611979166666666 0.015625 0.018229166666666668
1 0.6236979166666666 0.5403645833333334 0.018229166666666668 0.026041666666666668
1 0.5989583333333334 0.30859375 0.013020833333333334 0.0234375
1 0.4036458333333333 0.6653645833333334 0.013020833333333334 0.026041666666666668
1 0.3580729166666667 0.3684895833333333 0.013020833333333334 0.0234375
1 0.6041666666666666 0.3072916666666667 0.010416666666666666 0.018229166666666668
1 0.61328125 0.3580729166666667 0.015625 0.020833333333333332
1 0.5325520833333334 0.3385416666666667 0.015625 0.015625
1 0.5364583333333334 0.6953125 0.018229166666666668 0.0234375
1 0.33984375 0.52734375 0.015625 0.015625
1 0.55859375 0.3489583333333333 0.015625 0.018229166666666668
1 0.5703125 0.3020833333333333 0.018229166666666668 0.015625
1 0.6744791666666666 0.31640625 0.013020833333333334 0.018229166666666668
1 0.6796875 0.7213541666666666 0.015625 0.026041666666666668
1 0.5924479166666666 0.45703125 0.026041666666666668 0.010416666666666666
1 0.7552083333333334 0.4036458333333333 0.018229166666666668 0.0078125
1 0.58984375 0.4713541666666667 0.0078125 0.020833333333333332
1 0.7786458333333334 0.4557291666666667 0.010416666666666666 0.0234375
1 0.43359375 0.5807291666666666 0.015625 0.020833333333333332
1 0.4375 0.6080729166666666 0.010416666666666666 0.026041666666666668
1 0.3958333333333333 0.5377604166666666 0.020833333333333332 0.0234375
1 0.4544270833333333 0.453125 0.018229166666666668 0.028645833333333332
1 0.32421875 0.5885416666666666 0.013020833333333334 0.026041666666666668
1 0.3958333333333333 0.5104166666666666 0.026041666666666668 0.013020833333333334
1 0.4674479166666667 0.5625 0.010416666666666666 0.0234375
1 0.3697916666666667 0.4557291666666667 0.013020833333333334 0.020833333333333332
1 0.3580729166666667 0.50390625 0.013020833333333334 0.028645833333333332
1 0.4361979166666667 0.4869791666666667 0.018229166666666668 0.033854166666666664
1 0.5390625 0.5625 0.013020833333333334 0.018229166666666668
1 0.34375 0.5442708333333334 0.0234375 0.018229166666666668
1 0.7825520833333334 0.4309895833333333 0.0078125 0.026041666666666668
1 0.7057291666666666 0.52734375 0.013020833333333334 0.0234375
1 0.6588541666666666 0.5104166666666666 0.018229166666666668 0.015625
1 0.6263020833333334 0.60546875 0.0078125 0.026041666666666668
1 0.9361979166666666 0.6263020833333334 0.018229166666666668 0.015625
1 0.7395833333333334 0.6015625 0.015625 0.018229166666666668