1 0.6158854166666666 0.8203125 0.0234375 0.044270833333333336
1 0.51953125 0.2942708333333333 0.0234375 0.052083333333333336
1 0.2565104166666667 0.5208333333333334 0.036458333333333336 0.041666666666666664
1 0.59765625 0.22786458333333334 0.0390625 0.028645833333333332
1 0.6731770833333334 0.3684895833333333 0.041666666666666664 0.028645833333333332
1 0.5533854166666666 0.21744791666666666 0.0234375 0.046875
1 0.12109375 0.5651041666666666 0.036458333333333336 0.03125
1 0.6627604166666666 0.3216145833333333 0.033854166666666664 0.026041666666666668
1 0.5 0.44140625 0.03125 0.033854166666666664
1 0.6354166666666666 0.3151041666666667 0.03125 0.033854166666666664
1 0.6796875 0.48828125 0.018229166666666668 0.052083333333333336
1 0.5768229166666666 0.6809895833333334 0.033854166666666664 0.046875
1 0.6080729166666666 0.5338541666666666 0.028645833333333332 0.028645833333333332
1 0.7044270833333334 0.51171875 0.018229166666666668 0.052083333333333336
1 0.5859375 0.41015625 0.036458333333333336 0.020833333333333332
1 0.6731770833333334 0.5169270833333334 0.036458333333333336 0.041666666666666664
1 0.25 0.4296875 0.033854166666666664 0.0390625
1 0.68359375 0.4309895833333333 0.020833333333333332 0.052083333333333336
1 0.6796875 0.5325520833333334 0.03125 0.03125
1 0.6705729166666666 0.484375 0.018229166666666668 0.046875
1 0.5794270833333334 0.58203125 0.03125 0.036458333333333336
1 0.07682291666666667 0.3971354166666667 0.033854166666666664 0.0390625
1 0.5651041666666666 0.2916666666666667 0.0234375 0.049479166666666664
1 0.17838541666666666 0.7005208333333334 0.03125 0.041666666666666664
1 0.5182291666666666 0.5546875 0.0390625 0.03125
1 0.3255208333333333 0.7903645833333334 0.036458333333333336 0.0234375
1 0.6184895833333334 0.3763020833333333 0.044270833333333336 0.0234375
1 0.4921875 0.5078125 0.044270833333333336 0.026041666666666668
1 0.5481770833333334 0.5625 0.028645833333333332 0.046875
1 0.5325520833333334 0.29296875 0.036458333333333336 0.052083333333333336
1 0.4231770833333333 0.3880208333333333 0.033854166666666664 0.0234375
1 0.68359375 0.32421875 0.028645833333333332 0.046875
1 0.4869791666666667 0.24869791666666666 0.028645833333333332 0.036458333333333336
1 0.22005208333333334 0.8385416666666666 0.028645833333333332 0.041666666666666664
1 0.6875 0.3997395833333333 0.0234375 0.033854166666666664
1 0.6940104166666666 0.5065104166666666 0.015625 0.041666666666666664
1 0.6380208333333334 0.3372395833333333 0.0390625 0.020833333333333332
1 0.09114583333333333 0.4544270833333333 0.03125 0.013020833333333334
1 0.6510416666666666 0.53515625 0.03125 0.020833333333333332
1 0.6953125 0.421875 0.0234375 0.036458333333333336
1 0.65234375 0.4700520833333333 0.020833333333333332 0.044270833333333336
1 0.5716145833333334 0.17447916666666666 0.036458333333333336 0.03125
1 0.7096354166666666 0.41796875 0.028645833333333332 0.028645833333333332
1 0.5078125 0.4140625 0.033854166666666664 0.041666666666666664
1 0.6497395833333334 0.4322916666666667 0.018229166666666668 0.052083333333333336
1 0.3658854166666667 0.4049479166666667 0.033854166666666664 0.0234375
1 0.55078125 0.24479166666666666 0.028645833333333332 0.044270833333333336
1 0.56640625 0.67578125 0.03125 0.046875
1 0.53515625 0.20572916666666666 0.018229166666666668 0.046875
1 0.4244791666666667 0.5 0.036458333333333336 0.026041666666666668
1 0.7473958333333334 0.4700520833333333 0.033854166666666664 0.0234375
1 0.5533854166666666 0.4322916666666667 0.036458333333333336 0.018229166666666668
1 0.0546875 0.41796875 0.033854166666666664 0.026041666666666668
1 0.4609375 0.5755208333333334 0.033854166666666664 0.041666666666666664
1 0.4296875 0.9518229166666666 0.036458333333333336 0.0234375
1 0.578125 0.3203125 0.0390625 0.0234375
1 0.09244791666666667 0.34765625 0.018229166666666668 0.046875
1 0.6484375 0.375 0.018229166666666668 0.0390625
1 0.6419270833333334 0.4700520833333333 0.020833333333333332 0.041666666666666664
1 0.4440104166666667 0.40234375 0.026041666666666668 0.049479166666666664
1 0.5885416666666666 0.4244791666666667 0.036458333333333336 0.0234375
1 0.6809895833333334 0.4440104166666667 0.026041666666666668 0.033854166666666664
1 0.6106770833333334 0.5520833333333334 0.03125 0.026041666666666668
1 0.69140625 0.4765625 0.018229166666666668 0.033854166666666664
1 0.6341145833333334 0.5130208333333334 0.018229166666666668 0.036458333333333336
1 0.5807291666666666 0.3802083333333333 0.033854166666666664 0.033854166666666664
1 0.3515625 0.8046875 0.036458333333333336 0.0234375
1 0.609375 0.39453125 0.03125 0.033854166666666664
1 0.5677083333333334 0.2265625 0.015625 0.044270833333333336
1 0.6653645833333334 0.4401041666666667 0.026041666666666668 0.041666666666666664
1 0.125 0.4192708333333333 0.0390625 0.026041666666666668
1 0.5533854166666666 0.2825520833333333 0.020833333333333332 0.052083333333333336
1 0.06510416666666667 0.4036458333333333 0.0390625 0.036458333333333336
1 0.5794270833333334 0.20833333333333334 0.0234375 0.036458333333333336
1 0.5234375 0.6536458333333334 0.033854166666666664 0.033854166666666664
1 0.12630208333333334 0.3098958333333333 0.028645833333333332 0.046875
1 0.7161458333333334 0.51171875 0.052083333333333336 0.033854166666666664
1 0.6171875 0.19921875 0.0390625 0.028645833333333332
1 0.50390625 0.2864583333333333 0.028645833333333332 0.044270833333333336
1 0.6666666666666666 0.4010416666666667 0.020833333333333332 0.0546875
1 0.5559895833333334 0.46875 0.020833333333333332 0.052083333333333336
1 0.2942708333333333 0.4075520833333333 0.036458333333333336 0.026041666666666668