1 0.52734375 0.73046875 0.049479166666666664 0.057291666666666664
1 0.4114583333333333 0.5546875 0.03125 0.028645833333333332
1 0.6666666666666666 0.4440104166666667 0.049479166666666664 0.06510416666666667
1 0.4973958333333333 0.4908854166666667 0.041666666666666664 0.049479166666666664
1 0.5924479166666666 0.6731770833333334 0.046875 0.059895833333333336
1 0.3515625 0.5130208333333334 0.057291666666666664 0.08072916666666667
1 0.2994791666666667 0.6731770833333334 0.052083333333333336 0.0859375
1 0.3854166666666667 0.5338541666666666 0.028645833333333332 0.036458333333333336
1 0.5 0.58984375 0.013020833333333334 0.033854166666666664
1 0.3346354166666667 0.3984375 0.046875 0.049479166666666664
1 0.5872395833333334 0.6484375 0.041666666666666664 0.0390625
1 0.3489583333333333 0.3528645833333333 0.044270833333333336 0.0625
1 0.421875 0.7760416666666666 0.03125 0.07291666666666667
1 0.5598958333333334 0.515625 0.036458333333333336 0.03125
1 0.5911458333333334 0.55078125 0.0390625 0.044270833333333336
1 0.39453125 0.5677083333333334 0.020833333333333332 0.028645833333333332
1 0.6223958333333334 0.7291666666666666 0.049479166666666664 0.059895833333333336
1 0.3502604166666667 0.4674479166666667 0.036458333333333336 0.028645833333333332