1 0.4088541666666667 0.5013020833333334 0.013020833333333334 0.020833333333333332
1 0.4192708333333333 0.5221354166666666 0.028645833333333332 0.015625
1 0.4466145833333333 0.48828125 0.0234375 0.020833333333333332
1 0.3893229166666667 0.51953125 0.015625 0.0234375
1 0.3606770833333333 0.6588541666666666 0.026041666666666668 0.03125
1 0.4049479166666667 0.5598958333333334 0.026041666666666668 0.013020833333333334
1 0.4127604166666667 0.5338541666666666 0.028645833333333332 0.015625
1 0.40234375 0.6458333333333334 0.018229166666666668 0.020833333333333332
1 0.4375 0.5130208333333334 0.013020833333333334 0.020833333333333332
1 0.4270833333333333 0.5104166666666666 0.020833333333333332 0.010416666666666666
1 0.3515625 0.4908854166666667 0.0234375 0.010416666666666666