1 0.8346354166666666 0.4778645833333333 0.078125 0.07552083333333333
1 0.6484375 0.10416666666666667 0.06510416666666667 0.044270833333333336
1 0.8736979166666666 0.79296875 0.078125 0.0703125
1 0.8658854166666666 0.4466145833333333 0.06770833333333333 0.0859375
1 0.59375 0.3763020833333333 0.059895833333333336 0.06510416666666667
1 0.7252604166666666 0.6692708333333334 0.059895833333333336 0.06510416666666667
1 0.8177083333333334 0.6432291666666666 0.057291666666666664 0.09895833333333333
1 0.80859375 0.28515625 0.06510416666666667 0.059895833333333336
1 0.4075520833333333 0.5078125 0.07552083333333333 0.09375
1 0.63671875 0.32421875 0.0625 0.06770833333333333
1 0.6875 0.484375 0.049479166666666664 0.08072916666666667
1 0.9388020833333334 0.7252604166666666 0.06510416666666667 0.06770833333333333
1 0.5716145833333334 0.7447916666666666 0.09114583333333333 0.08854166666666667
1 0.5690104166666666 0.5377604166666666 0.0546875 0.07552083333333333
1 0.6549479166666666 0.82421875 0.057291666666666664 0.0703125
1 0.3723958333333333 0.4348958333333333 0.08333333333333333 0.0703125
1 0.46484375 0.453125 0.049479166666666664 0.078125
1 0.4791666666666667 0.3489583333333333 0.07291666666666667 0.0859375
1 0.8645833333333334 0.3645833333333333 0.07291666666666667 0.06770833333333333
1 0.6809895833333334 0.3645833333333333 0.06770833333333333 0.078125
1 0.625 0.09375 0.0546875 0.0859375
1 0.5234375 0.4127604166666667 0.057291666666666664 0.052083333333333336
1 0.73046875 0.5169270833333334 0.046875 0.049479166666666664