1 0.6171875 0.69921875 0.06770833333333333 0.046875
1 0.6666666666666666 0.5833333333333334 0.06770833333333333 0.06510416666666667
1 0.70703125 0.3932291666666667 0.0703125 0.08333333333333333
1 0.3736979166666667 0.5807291666666666 0.07552083333333333 0.06770833333333333
1 0.4049479166666667 0.7161458333333334 0.052083333333333336 0.07291666666666667
1 0.5885416666666666 0.296875 0.08333333333333333 0.08072916666666667
1 0.4401041666666667 0.3984375 0.078125 0.078125
1 0.6197916666666666 0.23697916666666666 0.07552083333333333 0.0859375
1 0.6653645833333334 0.515625 0.052083333333333336 0.0703125
1 0.5026041666666666 0.3333333333333333 0.07291666666666667 0.0859375
1 0.5716145833333334 0.546875 0.049479166666666664 0.0625
1 0.3346354166666667 0.4739583333333333 0.06510416666666667 0.06770833333333333
1 0.5364583333333334 0.4609375 0.08333333333333333 0.07552083333333333