1 0.38671875 0.6171875 0.020833333333333332 0.010416666666666666
1 0.4270833333333333 0.58984375 0.018229166666666668 0.015625
1 0.4791666666666667 0.63671875 0.020833333333333332 0.015625
1 0.4283854166666667 0.5247395833333334 0.018229166666666668 0.013020833333333334
1 0.5013020833333334 0.6471354166666666 0.010416666666666666 0.028645833333333332
1 0.4661458333333333 0.453125 0.020833333333333332 0.020833333333333332
1 0.4205729166666667 0.5078125 0.015625 0.028645833333333332
1 0.4791666666666667 0.5481770833333334 0.015625 0.018229166666666668
1 0.5052083333333334 0.69140625 0.015625 0.0234375
1 0.3958333333333333 0.5208333333333334 0.020833333333333332 0.015625
1 0.3125 0.59375 0.015625 0.028645833333333332
1 0.484375 0.5572916666666666 0.026041666666666668 0.018229166666666668
1 0.4609375 0.6484375 0.013020833333333334 0.026041666666666668
1 0.4244791666666667 0.6328125 0.018229166666666668 0.0234375
1 0.32421875 0.5885416666666666 0.018229166666666668 0.020833333333333332
1 0.2994791666666667 0.578125 0.015625 0.026041666666666668
1 0.3333333333333333 0.5572916666666666 0.020833333333333332 0.018229166666666668
1 0.4986979166666667 0.66796875 0.0234375 0.015625
1 0.4557291666666667 0.6666666666666666 0.018229166666666668 0.010416666666666666
1 0.5247395833333334 0.5494791666666666 0.018229166666666668 0.015625
1 0.5065104166666666 0.5520833333333334 0.013020833333333334 0.020833333333333332
1 0.4375 0.5755208333333334 0.018229166666666668 0.020833333333333332
1 0.3046875 0.5377604166666666 0.015625 0.0234375
1 0.4739583333333333 0.5651041666666666 0.015625 0.020833333333333332
1 0.5325520833333334 0.4518229166666667 0.020833333333333332 0.015625
1 0.56640625 0.3450520833333333 0.015625 0.026041666666666668
1 0.4674479166666667 0.6536458333333334 0.013020833333333334 0.03125
1 0.4973958333333333 0.5651041666666666 0.013020833333333334 0.018229166666666668
1 0.4375 0.6184895833333334 0.020833333333333332 0.015625
1 0.3190104166666667 0.6002604166666666 0.010416666666666666 0.03125
1 0.4778645833333333 0.6575520833333334 0.013020833333333334 0.018229166666666668
1 0.3489583333333333 0.6197916666666666 0.013020833333333334 0.026041666666666668
1 0.3932291666666667 0.5338541666666666 0.010416666666666666 0.020833333333333332
1 0.5416666666666666 0.6328125 0.018229166666666668 0.0234375
1 0.6145833333333334 0.375 0.020833333333333332 0.018229166666666668
1 0.3684895833333333 0.5130208333333334 0.018229166666666668 0.018229166666666668
1 0.51171875 0.5572916666666666 0.015625 0.0234375
1 0.4427083333333333 0.5065104166666666 0.015625 0.026041666666666668
1 0.4544270833333333 0.63671875 0.018229166666666668 0.015625
1 0.3776041666666667 0.4921875 0.020833333333333332 0.018229166666666668
1 0.52734375 0.66796875 0.015625 0.026041666666666668
1 0.3033854166666667 0.5833333333333334 0.018229166666666668 0.03125
1 0.4505208333333333 0.6510416666666666 0.015625 0.015625
1 0.4049479166666667 0.53125 0.020833333333333332 0.026041666666666668
1 0.33984375 0.61328125 0.010416666666666666 0.028645833333333332
1 0.5078125 0.3802083333333333 0.018229166666666668 0.018229166666666668
1 0.4830729166666667 0.32421875 0.020833333333333332 0.0234375
1 0.5143229166666666 0.4856770833333333 0.020833333333333332 0.026041666666666668
1 0.36328125 0.4856770833333333 0.015625 0.020833333333333332
1 0.484375 0.6041666666666666 0.020833333333333332 0.018229166666666668
1 0.4856770833333333 0.6223958333333334 0.0234375 0.015625
1 0.6067708333333334 0.5221354166666666 0.013020833333333334 0.0234375
1 0.4075520833333333 0.46875 0.0234375 0.020833333333333332
1 0.40625 0.6263020833333334 0.028645833333333332 0.013020833333333334
1 0.328125 0.5299479166666666 0.018229166666666668 0.020833333333333332
1 0.48828125 0.6614583333333334 0.015625 0.028645833333333332
1 0.4765625 0.6692708333333334 0.015625 0.0234375
1 0.3515625 0.6015625 0.015625 0.026041666666666668
1 0.53125 0.5286458333333334 0.015625 0.0234375
1 0.5260416666666666 0.5598958333333334 0.020833333333333332 0.026041666666666668
1 0.4388020833333333 0.4661458333333333 0.020833333333333332 0.018229166666666668
1 0.4388020833333333 0.6328125 0.013020833333333334 0.026041666666666668
1 0.3580729166666667 0.6145833333333334 0.018229166666666668 0.026041666666666668
1 0.5143229166666666 0.5390625 0.015625 0.018229166666666668
1 0.5 0.5403645833333334 0.015625 0.03125
1 0.5169270833333334 0.6197916666666666 0.0234375 0.018229166666666668