1 0.23307291666666666 0.6354166666666666 0.0625 0.0390625
1 0.3932291666666667 0.4830729166666667 0.057291666666666664 0.07291666666666667
1 0.24479166666666666 0.7916666666666666 0.059895833333333336 0.08072916666666667
1 0.7565104166666666 0.5729166666666666 0.0703125 0.0546875
1 0.3802083333333333 0.37109375 0.07552083333333333 0.044270833333333336
1 0.5859375 0.5455729166666666 0.057291666666666664 0.046875
1 0.24479166666666666 0.7994791666666666 0.028645833333333332 0.08854166666666667
1 0.4192708333333333 0.3020833333333333 0.026041666666666668 0.041666666666666664
1 0.17708333333333334 0.6953125 0.059895833333333336 0.059895833333333336
1 0.4609375 0.2994791666666667 0.0546875 0.0390625
1 0.7890625 0.5651041666666666 0.052083333333333336 0.078125
1 0.55078125 0.6744791666666666 0.057291666666666664 0.0546875
1 0.13671875 0.65234375 0.06510416666666667 0.0703125
1 0.14192708333333334 0.3658854166666667 0.0625 0.06770833333333333
1 0.6145833333333334 0.4049479166666667 0.036458333333333336 0.0546875
1 0.30078125 0.4791666666666667 0.044270833333333336 0.06510416666666667
1 0.2552083333333333 0.5442708333333334 0.033854166666666664 0.078125
1 0.4244791666666667 0.62890625 0.0546875 0.0703125
1 0.7643229166666666 0.6901041666666666 0.044270833333333336 0.078125
1 0.6979166666666666 0.4869791666666667 0.0703125 0.06510416666666667
1 0.5924479166666666 0.71875 0.0546875 0.07291666666666667
1 0.515625 0.4322916666666667 0.06770833333333333 0.06510416666666667
1 0.5234375 0.3177083333333333 0.044270833333333336 0.06770833333333333