1 0.3046875 0.58984375 0.052083333333333336 0.11979166666666667
1 0.5416666666666666 0.2942708333333333 0.041666666666666664 0.12760416666666666
1 0.5416666666666666 0.37890625 0.0703125 0.059895833333333336
1 0.4192708333333333 0.5885416666666666 0.07291666666666667 0.1328125
1 0.5598958333333334 0.59375 0.036458333333333336 0.13020833333333334
1 0.5 0.2799479166666667 0.041666666666666664 0.125
1 0.5833333333333334 0.3111979166666667 0.046875 0.109375
1 0.5143229166666666 0.4518229166666667 0.059895833333333336 0.11197916666666667
1 0.54296875 0.6419270833333334 0.046875 0.13541666666666666
1 0.4518229166666667 0.7395833333333334 0.06770833333333333 0.10416666666666667
1 0.5364583333333334 0.09635416666666667 0.0625 0.0390625
1 0.5651041666666666 0.4153645833333333 0.07291666666666667 0.0546875
1 0.46484375 0.4166666666666667 0.0703125 0.0703125
1 0.45703125 0.4778645833333333 0.0546875 0.09895833333333333
1 0.39453125 0.5091145833333334 0.041666666666666664 0.041666666666666664
1 0.41796875 0.4375 0.044270833333333336 0.14583333333333334
1 0.5143229166666666 0.3138020833333333 0.033854166666666664 0.11979166666666667
1 0.5729166666666666 0.5013020833333334 0.041666666666666664 0.1328125
1 0.4765625 0.58984375 0.06770833333333333 0.078125
1 0.5533854166666666 0.7330729166666666 0.0390625 0.12760416666666666
1 0.5338541666666666 0.19270833333333334 0.0390625 0.140625
1 0.5690104166666666 0.3658854166666667 0.06770833333333333 0.06770833333333333
1 0.3971354166666667 0.6236979166666666 0.0703125 0.0703125
1 0.58203125 0.6276041666666666 0.033854166666666664 0.12760416666666666
1 0.5559895833333334 0.17578125 0.03125 0.11979166666666667
1 0.46875 0.3684895833333333 0.08333333333333333 0.078125
1 0.4934895833333333 0.4739583333333333 0.06510416666666667 0.07552083333333333
1 0.5481770833333334 0.4895833333333333 0.044270833333333336 0.1171875
1 0.58984375 0.4947916666666667 0.033854166666666664 0.109375
1 0.6158854166666666 0.5638020833333334 0.044270833333333336 0.13802083333333334
1 0.5091145833333334 0.5755208333333334 0.049479166666666664 0.11458333333333333
1 0.515625 0.6796875 0.057291666666666664 0.125