1 0.5989583333333334 0.8515625 0.0234375 0.049479166666666664
1 0.5442708333333334 0.3098958333333333 0.026041666666666668 0.026041666666666668
1 0.4908854166666667 0.3619791666666667 0.026041666666666668 0.049479166666666664
1 0.4700520833333333 0.20442708333333334 0.0390625 0.026041666666666668
1 0.6979166666666666 0.5221354166666666 0.028645833333333332 0.057291666666666664
1 0.6705729166666666 0.4244791666666667 0.015625 0.044270833333333336
1 0.5989583333333334 0.671875 0.026041666666666668 0.0390625
1 0.5794270833333334 0.4231770833333333 0.018229166666666668 0.0546875
1 0.5377604166666666 0.54296875 0.018229166666666668 0.049479166666666664
1 0.4635416666666667 0.4244791666666667 0.033854166666666664 0.026041666666666668
1 0.7252604166666666 0.5286458333333334 0.028645833333333332 0.046875
1 0.60546875 0.6575520833333334 0.0234375 0.03125
1 0.6223958333333334 0.54296875 0.020833333333333332 0.057291666666666664
1 0.5963541666666666 0.4713541666666667 0.020833333333333332 0.041666666666666664
1 0.4700520833333333 0.5065104166666666 0.018229166666666668 0.057291666666666664
1 0.4505208333333333 0.16145833333333334 0.028645833333333332 0.052083333333333336
1 0.6145833333333334 0.47265625 0.0234375 0.0625
1 0.5559895833333334 0.4661458333333333 0.028645833333333332 0.046875
1 0.6575520833333334 0.54296875 0.026041666666666668 0.0703125
1 0.62109375 0.62109375 0.018229166666666668 0.0390625
1 0.6158854166666666 0.7252604166666666 0.018229166666666668 0.03125
1 0.4635416666666667 0.6184895833333334 0.018229166666666668 0.0546875
1 0.6588541666666666 0.44140625 0.018229166666666668 0.0625
1 0.6067708333333334 0.71484375 0.026041666666666668 0.033854166666666664
1 0.64453125 0.41796875 0.028645833333333332 0.049479166666666664
1 0.5299479166666666 0.5078125 0.020833333333333332 0.059895833333333336
1 0.625 0.3997395833333333 0.020833333333333332 0.0859375
1 0.5546875 0.5052083333333334 0.026041666666666668 0.052083333333333336
1 0.5299479166666666 0.7513020833333334 0.033854166666666664 0.028645833333333332
1 0.6419270833333334 0.87890625 0.010416666666666666 0.036458333333333336
1 0.5130208333333334 0.59765625 0.028645833333333332 0.049479166666666664
1 0.57421875 0.6953125 0.026041666666666668 0.036458333333333336