1 0.30859375 0.6484375 0.06510416666666667 0.07291666666666667
1 0.2513020833333333 0.2526041666666667 0.06510416666666667 0.078125
1 0.4010416666666667 0.9440104166666666 0.059895833333333336 0.0546875
1 0.3684895833333333 0.3541666666666667 0.049479166666666664 0.07291666666666667
1 0.14973958333333334 0.4908854166666667 0.046875 0.08854166666666667
1 0.3138020833333333 0.16796875 0.0625 0.09635416666666667
1 0.23828125 0.6497395833333334 0.049479166666666664 0.09635416666666667
1 0.6263020833333334 0.5234375 0.052083333333333336 0.10677083333333333
1 0.6471354166666666 0.4453125 0.059895833333333336 0.125
1 0.15364583333333334 0.4309895833333333 0.10677083333333333 0.07552083333333333
1 0.5625 0.18619791666666666 0.06510416666666667 0.0546875
1 0.18359375 0.4921875 0.0625 0.07291666666666667
1 0.26953125 0.5403645833333334 0.044270833333333336 0.09375
1 0.4921875 0.2981770833333333 0.059895833333333336 0.0546875
1 0.22135416666666666 0.5833333333333334 0.0625 0.059895833333333336
1 0.453125 0.54296875 0.057291666666666664 0.059895833333333336