0 0.19010416666666666 0.21875 0.22916666666666666 0.2734375
0 0.5703125 0.3736979166666667 0.16145833333333334 0.234375
0 0.6197916666666666 0.6341145833333334 0.1875 0.2604166666666667
0 0.8802083333333334 0.515625 0.23697916666666666 0.2682291666666667
0 0.390625 0.48828125 0.140625 0.23177083333333334
0 0.59765625 0.8684895833333334 0.2265625 0.22395833333333334
0 0.5677083333333334 0.20703125 0.15625 0.22135416666666666
0 0.3020833333333333 0.5013020833333334 0.140625 0.23177083333333334
0 0.22265625 0.5234375 0.15625 0.24479166666666666
0 0.7942708333333334 0.6705729166666666 0.14322916666666666 0.23697916666666666
0 0.76171875 0.82421875 0.19270833333333334 0.140625
0 0.6458333333333334 0.15104166666666666 0.16145833333333334 0.23177083333333334