1 0.6770833333333334 0.4440104166666667 0.0390625 0.028645833333333332
1 0.6940104166666666 0.6848958333333334 0.033854166666666664 0.041666666666666664
1 0.4596354166666667 0.55859375 0.028645833333333332 0.036458333333333336
1 0.5052083333333334 0.6002604166666666 0.020833333333333332 0.041666666666666664
1 0.4791666666666667 0.4609375 0.028645833333333332 0.0234375
1 0.5625 0.4791666666666667 0.03125 0.028645833333333332
1 0.5625 0.32421875 0.0390625 0.0234375
1 0.62109375 0.5299479166666666 0.0390625 0.046875
1 0.6588541666666666 0.5611979166666666 0.033854166666666664 0.041666666666666664
1 0.5729166666666666 0.5794270833333334 0.036458333333333336 0.049479166666666664
1 0.640625 0.5299479166666666 0.033854166666666664 0.046875
1 0.390625 0.5325520833333334 0.0234375 0.028645833333333332
1 0.5 0.3841145833333333 0.028645833333333332 0.041666666666666664
1 0.375 0.33203125 0.0390625 0.0390625
1 0.390625 0.51171875 0.033854166666666664 0.0234375
1 0.3958333333333333 0.49609375 0.03125 0.026041666666666668
1 0.4765625 0.4049479166666667 0.033854166666666664 0.0234375
1 0.5182291666666666 0.375 0.033854166666666664 0.03125
1 0.58203125 0.42578125 0.0390625 0.0234375
1 0.68359375 0.4088541666666667 0.026041666666666668 0.046875
1 0.4088541666666667 0.5807291666666666 0.028645833333333332 0.028645833333333332
1 0.62109375 0.4544270833333333 0.0234375 0.0234375
1 0.6041666666666666 0.4375 0.03125 0.052083333333333336
1 0.6614583333333334 0.4895833333333333 0.026041666666666668 0.044270833333333336
1 0.6575520833333334 0.4049479166666667 0.026041666666666668 0.046875
1 0.7122395833333334 0.48046875 0.026041666666666668 0.041666666666666664
1 0.4752604166666667 0.55859375 0.036458333333333336 0.044270833333333336
1 0.6861979166666666 0.46484375 0.0234375 0.041666666666666664
1 0.5234375 0.5494791666666666 0.026041666666666668 0.033854166666666664
1 0.5950520833333334 0.6263020833333334 0.028645833333333332 0.057291666666666664
1 0.7096354166666666 0.6145833333333334 0.041666666666666664 0.03125
1 0.5846354166666666 0.3059895833333333 0.0390625 0.026041666666666668
1 0.3684895833333333 0.53515625 0.0234375 0.044270833333333336
1 0.390625 0.47265625 0.026041666666666668 0.036458333333333336
1 0.3567708333333333 0.5065104166666666 0.026041666666666668 0.046875
1 0.375 0.5286458333333334 0.020833333333333332 0.0390625
1 0.4635416666666667 0.4283854166666667 0.041666666666666664 0.026041666666666668
1 0.3919270833333333 0.421875 0.03125 0.03125
1 0.4544270833333333 0.4088541666666667 0.026041666666666668 0.026041666666666668
1 0.40625 0.3763020833333333 0.026041666666666668 0.020833333333333332
1 0.50390625 0.6328125 0.028645833333333332 0.046875
1 0.4440104166666667 0.59375 0.020833333333333332 0.033854166666666664
1 0.61328125 0.48828125 0.026041666666666668 0.03125
1 0.5755208333333334 0.5234375 0.03125 0.0234375
1 0.5716145833333334 0.4375 0.033854166666666664 0.03125
1 0.703125 0.6354166666666666 0.0390625 0.028645833333333332
1 0.6067708333333334 0.56640625 0.044270833333333336 0.046875
1 0.4609375 0.53125 0.044270833333333336 0.046875
1 0.5130208333333334 0.359375 0.028645833333333332 0.020833333333333332
1 0.4830729166666667 0.44140625 0.041666666666666664 0.03125
1 0.484375 0.6432291666666666 0.0390625 0.026041666666666668
1 0.5260416666666666 0.5716145833333334 0.015625 0.03125
1 0.3919270833333333 0.4049479166666667 0.028645833333333332 0.015625
1 0.4283854166666667 0.3841145833333333 0.020833333333333332 0.036458333333333336
1 0.3372395833333333 0.4440104166666667 0.033854166666666664 0.0234375
1 0.42578125 0.51171875 0.03125 0.03125
1 0.3489583333333333 0.46484375 0.026041666666666668 0.03125
1 0.41796875 0.4296875 0.033854166666666664 0.026041666666666668
1 0.3411458333333333 0.36328125 0.0390625 0.026041666666666668
1 0.5377604166666666 0.55859375 0.028645833333333332 0.052083333333333336
1 0.61328125 0.5885416666666666 0.0390625 0.041666666666666664
1 0.58203125 0.4986979166666667 0.018229166666666668 0.036458333333333336
1 0.3919270833333333 0.58984375 0.03125 0.041666666666666664
1 0.62109375 0.4361979166666667 0.0234375 0.0234375
1 0.6927083333333334 0.4921875 0.028645833333333332 0.026041666666666668
1 0.5247395833333334 0.6223958333333334 0.033854166666666664 0.0234375
1 0.5143229166666666 0.3450520833333333 0.041666666666666664 0.033854166666666664
1 0.4557291666666667 0.5794270833333334 0.028645833333333332 0.028645833333333332
1 0.6080729166666666 0.296875 0.026041666666666668 0.013020833333333334
1 0.5872395833333334 0.36328125 0.028645833333333332 0.0546875
1 0.5455729166666666 0.4791666666666667 0.033854166666666664 0.044270833333333336
1 0.3606770833333333 0.4036458333333333 0.036458333333333336 0.036458333333333336
1 0.375 0.3763020833333333 0.0390625 0.028645833333333332
1 0.40234375 0.35546875 0.0234375 0.0390625
1 0.3671875 0.4973958333333333 0.028645833333333332 0.028645833333333332
1 0.4361979166666667 0.41015625 0.0234375 0.0234375
1 0.40625 0.4596354166666667 0.0234375 0.026041666666666668
1 0.4986979166666667 0.40234375 0.03125 0.033854166666666664
1 0.3815104166666667 0.3619791666666667 0.0390625 0.028645833333333332
1 0.3528645833333333 0.4127604166666667 0.036458333333333336 0.028645833333333332
1 0.3502604166666667 0.68359375 0.041666666666666664 0.0390625
1 0.5950520833333334 0.5026041666666666 0.026041666666666668 0.028645833333333332
1 0.6692708333333334 0.4010416666666667 0.020833333333333332 0.044270833333333336
1 0.43359375 0.5716145833333334 0.03125 0.026041666666666668
1 0.7565104166666666 0.6458333333333334 0.041666666666666664 0.03125
1 0.44921875 0.6393229166666666 0.03125 0.052083333333333336
1 0.6705729166666666 0.4778645833333333 0.033854166666666664 0.052083333333333336
1 0.5755208333333334 0.4010416666666667 0.0390625 0.044270833333333336
1 0.52734375 0.4231770833333333 0.0390625 0.057291666666666664
1 0.4674479166666667 0.6067708333333334 0.020833333333333332 0.0390625
1 0.5104166666666666 0.5143229166666666 0.028645833333333332 0.0390625
1 0.5885416666666666 0.6927083333333334 0.028645833333333332 0.0546875
1 0.4296875 0.484375 0.028645833333333332 0.033854166666666664
1 0.4114583333333333 0.3932291666666667 0.036458333333333336 0.026041666666666668
1 0.2955729166666667 0.6263020833333334 0.028645833333333332 0.041666666666666664
1 0.69921875 0.4440104166666667 0.028645833333333332 0.044270833333333336
1 0.5598958333333334 0.6653645833333334 0.033854166666666664 0.052083333333333336
1 0.4596354166666667 0.6432291666666666 0.03125 0.03125
1 0.6276041666666666 0.4583333333333333 0.028645833333333332 0.036458333333333336
1 0.4518229166666667 0.49609375 0.0390625 0.044270833333333336
1 0.6354166666666666 0.47265625 0.033854166666666664 0.044270833333333336
1 0.421875 0.6002604166666666 0.0234375 0.03125
1 0.5247395833333334 0.5065104166666666 0.0234375 0.028645833333333332
1 0.41796875 0.3502604166666667 0.03125 0.0234375
1 0.3776041666666667 0.5611979166666666 0.03125 0.041666666666666664
1 0.3802083333333333 0.3984375 0.03125 0.0234375
1 0.3606770833333333 0.4401041666666667 0.026041666666666668 0.036458333333333336
1 0.4075520833333333 0.4375 0.041666666666666664 0.026041666666666668
1 0.4231770833333333 0.3567708333333333 0.028645833333333332 0.026041666666666668
1 0.3528645833333333 0.37890625 0.026041666666666668 0.028645833333333332
1 0.6015625 0.6809895833333334 0.044270833333333336 0.033854166666666664
1 0.5013020833333334 0.4583333333333333 0.033854166666666664 0.033854166666666664
1 0.5078125 0.4791666666666667 0.0390625 0.033854166666666664
1 0.5455729166666666 0.3411458333333333 0.0390625 0.028645833333333332
1 0.4830729166666667 0.6041666666666666 0.0234375 0.049479166666666664
1 0.55078125 0.5924479166666666 0.028645833333333332 0.044270833333333336
1 0.5494791666666666 0.5247395833333334 0.033854166666666664 0.0390625
1 0.5703125 0.4817708333333333 0.026041666666666668 0.026041666666666668
1 0.5325520833333334 0.4947916666666667 0.020833333333333332 0.033854166666666664
1 0.62109375 0.31640625 0.036458333333333336 0.036458333333333336
1 0.4947916666666667 0.6002604166666666 0.026041666666666668 0.046875
1 0.64453125 0.5638020833333334 0.036458333333333336 0.044270833333333336
1 0.4986979166666667 0.5625 0.033854166666666664 0.049479166666666664
1 0.515625 0.5442708333333334 0.020833333333333332 0.044270833333333336
1 0.4453125 0.453125 0.036458333333333336 0.020833333333333332
1 0.3372395833333333 0.4518229166666667 0.028645833333333332 0.020833333333333332
1 0.2682291666666667 0.52734375 0.020833333333333332 0.0234375
1 0.3346354166666667 0.3958333333333333 0.0234375 0.033854166666666664
1 0.50390625 0.5533854166666666 0.0234375 0.044270833333333336
1 0.6809895833333334 0.5247395833333334 0.026041666666666668 0.049479166666666664
1 0.6653645833333334 0.83203125 0.033854166666666664 0.0625
1 0.640625 0.4231770833333333 0.033854166666666664 0.033854166666666664
1 0.59765625 0.3177083333333333 0.03125 0.03125
1 0.52734375 0.4609375 0.026041666666666668 0.033854166666666664
1 0.55078125 0.4375 0.026041666666666668 0.0390625
1 0.5638020833333334 0.40625 0.028645833333333332 0.0390625
1 0.421875 0.5520833333333334 0.0390625 0.0234375
1 0.6028645833333334 0.2864583333333333 0.033854166666666664 0.0234375
1 0.5546875 0.55078125 0.028645833333333332 0.0390625
1 0.6276041666666666 0.3997395833333333 0.0234375 0.049479166666666664
1 0.6783854166666666 0.68359375 0.0390625 0.0390625
1 0.4791666666666667 0.5221354166666666 0.0234375 0.020833333333333332
1 0.4947916666666667 0.5169270833333334 0.028645833333333332 0.033854166666666664
1 0.6236979166666666 0.29296875 0.03125 0.026041666666666668
1 0.4375 0.4466145833333333 0.033854166666666664 0.018229166666666668
1 0.39453125 0.5572916666666666 0.026041666666666668 0.03125
1 0.4427083333333333 0.46875 0.020833333333333332 0.036458333333333336
1 0.3580729166666667 0.56640625 0.036458333333333336 0.028645833333333332
1 0.4921875 0.34765625 0.026041666666666668 0.041666666666666664
1 0.4479166666666667 0.37109375 0.036458333333333336 0.036458333333333336
1 0.3567708333333333 0.6393229166666666 0.044270833333333336 0.0390625