1 0.5638020833333334 0.47265625 0.03125 0.033854166666666664
1 0.56640625 0.37109375 0.0234375 0.036458333333333336
1 0.4557291666666667 0.2734375 0.026041666666666668 0.018229166666666668
1 0.3528645833333333 0.4544270833333333 0.0234375 0.0390625
1 0.6080729166666666 0.45703125 0.026041666666666668 0.036458333333333336
1 0.484375 0.4075520833333333 0.033854166666666664 0.0390625
1 0.5390625 0.24479166666666666 0.0234375 0.028645833333333332
1 0.8072916666666666 0.4778645833333333 0.028645833333333332 0.020833333333333332
1 0.7408854166666666 0.4609375 0.03125 0.0234375
1 0.41015625 0.45703125 0.03125 0.028645833333333332
1 0.4700520833333333 0.3177083333333333 0.026041666666666668 0.028645833333333332
1 0.2604166666666667 0.3997395833333333 0.0390625 0.028645833333333332
1 0.7083333333333334 0.5065104166666666 0.018229166666666668 0.044270833333333336
1 0.6171875 0.6028645833333334 0.020833333333333332 0.0234375
1 0.3763020833333333 0.46484375 0.028645833333333332 0.020833333333333332
1 0.4713541666666667 0.2786458333333333 0.018229166666666668 0.033854166666666664
1 0.6901041666666666 0.5247395833333334 0.028645833333333332 0.018229166666666668
1 0.3138020833333333 0.4361979166666667 0.026041666666666668 0.020833333333333332
1 0.46875 0.3580729166666667 0.013020833333333334 0.036458333333333336
1 0.48046875 0.3619791666666667 0.018229166666666668 0.03125
1 0.5455729166666666 0.3489583333333333 0.015625 0.033854166666666664
1 0.4947916666666667 0.3203125 0.026041666666666668 0.026041666666666668
1 0.7747395833333334 0.4674479166666667 0.03125 0.0234375
1 0.69921875 0.4583333333333333 0.03125 0.020833333333333332
1 0.5494791666666666 0.3854166666666667 0.015625 0.0390625
1 0.62109375 0.5221354166666666 0.0234375 0.036458333333333336
1 0.4466145833333333 0.33984375 0.028645833333333332 0.0390625
1 0.55078125 0.45703125 0.028645833333333332 0.028645833333333332
1 0.8151041666666666 0.4166666666666667 0.03125 0.020833333333333332
1 0.4322916666666667 0.34375 0.015625 0.036458333333333336
1 0.6979166666666666 0.4752604166666667 0.028645833333333332 0.020833333333333332
1 0.6432291666666666 0.66015625 0.026041666666666668 0.03125
1 0.5338541666666666 0.32421875 0.0234375 0.026041666666666668
1 0.4908854166666667 0.4270833333333333 0.028645833333333332 0.033854166666666664
1 0.2721354166666667 0.4244791666666667 0.026041666666666668 0.033854166666666664
1 0.5611979166666666 0.3333333333333333 0.026041666666666668 0.0234375
1 0.3203125 0.3893229166666667 0.03125 0.026041666666666668
1 0.4973958333333333 0.3697916666666667 0.03125 0.033854166666666664
1 0.3111979166666667 0.4856770833333333 0.044270833333333336 0.03125
1 0.7799479166666666 0.4544270833333333 0.036458333333333336 0.018229166666666668
1 0.7591145833333334 0.5559895833333334 0.03125 0.028645833333333332
1 0.5338541666666666 0.3763020833333333 0.013020833333333334 0.036458333333333336
1 0.5221354166666666 0.38671875 0.015625 0.036458333333333336
1 0.8059895833333334 0.4583333333333333 0.033854166666666664 0.026041666666666668
1 0.4622395833333333 0.3489583333333333 0.013020833333333334 0.0390625
1 0.5872395833333334 0.2734375 0.026041666666666668 0.028645833333333332
1 0.4700520833333333 0.24609375 0.018229166666666668 0.0390625
1 0.6119791666666666 0.5455729166666666 0.018229166666666668 0.036458333333333336
1 0.54296875 0.4166666666666667 0.020833333333333332 0.0234375
1 0.61328125 0.56640625 0.028645833333333332 0.036458333333333336
1 0.55859375 0.3567708333333333 0.015625 0.036458333333333336
1 0.57421875 0.2994791666666667 0.0234375 0.028645833333333332
1 0.62890625 0.6458333333333334 0.0234375 0.020833333333333332
1 0.6861979166666666 0.4518229166666667 0.026041666666666668 0.028645833333333332
1 0.31640625 0.4127604166666667 0.036458333333333336 0.028645833333333332
1 0.3346354166666667 0.44140625 0.0234375 0.0390625
1 0.5208333333333334 0.2708333333333333 0.033854166666666664 0.020833333333333332
1 0.4856770833333333 0.33203125 0.018229166666666668 0.0390625
1 0.6015625 0.5729166666666666 0.013020833333333334 0.0234375
1 0.2760416666666667 0.4505208333333333 0.049479166666666664 0.026041666666666668
1 0.8033854166666666 0.4192708333333333 0.03125 0.041666666666666664
1 0.7513020833333334 0.4752604166666667 0.03125 0.018229166666666668
1 0.2591145833333333 0.4453125 0.036458333333333336 0.020833333333333332
1 0.47265625 0.33984375 0.0234375 0.03125
1 0.2630208333333333 0.4283854166666667 0.0234375 0.0390625
1 0.5364583333333334 0.2526041666666667 0.018229166666666668 0.015625
1 0.4895833333333333 0.3606770833333333 0.026041666666666668 0.028645833333333332
1 0.3776041666666667 0.4544270833333333 0.018229166666666668 0.026041666666666668
1 0.7122395833333334 0.4817708333333333 0.028645833333333332 0.028645833333333332
1 0.7578125 0.4518229166666667 0.020833333333333332 0.03125