1 0.7799479166666666 0.3932291666666667 0.059895833333333336 0.03125
1 0.6041666666666666 0.52734375 0.049479166666666664 0.06770833333333333
1 0.7838541666666666 0.23697916666666666 0.052083333333333336 0.078125
1 0.2526041666666667 0.4010416666666667 0.06510416666666667 0.046875
1 0.60546875 0.640625 0.07291666666666667 0.036458333333333336
1 0.4192708333333333 0.4453125 0.052083333333333336 0.041666666666666664
1 0.78515625 0.22916666666666666 0.020833333333333332 0.08854166666666667
1 0.5598958333333334 0.7057291666666666 0.020833333333333332 0.041666666666666664
1 0.8411458333333334 0.33984375 0.052083333333333336 0.0546875
1 0.5182291666666666 0.703125 0.052083333333333336 0.033854166666666664
1 0.21875 0.4049479166666667 0.046875 0.07291666666666667
1 0.4674479166666667 0.3216145833333333 0.052083333333333336 0.049479166666666664
1 0.8776041666666666 0.38671875 0.057291666666666664 0.06510416666666667
1 0.8424479166666666 0.6705729166666666 0.057291666666666664 0.0625
1 0.3763020833333333 0.58203125 0.03125 0.052083333333333336
1 0.6953125 0.5416666666666666 0.0390625 0.0625
1 0.7486979166666666 0.4817708333333333 0.026041666666666668 0.07552083333333333
1 0.5885416666666666 0.3802083333333333 0.046875 0.06770833333333333
1 0.2565104166666667 0.2838541666666667 0.036458333333333336 0.07552083333333333
1 0.3020833333333333 0.4921875 0.0625 0.059895833333333336
1 0.4309895833333333 0.2734375 0.046875 0.06770833333333333
1 0.4778645833333333 0.5651041666666666 0.0625 0.057291666666666664
1 0.4583333333333333 0.6783854166666666 0.036458333333333336 0.06510416666666667