1 0.049479166666666664 0.6692708333333334 0.07552083333333333 0.10677083333333333
1 0.22005208333333334 0.5182291666666666 0.052083333333333336 0.10677083333333333
1 0.028645833333333332 0.7252604166666666 0.057291666666666664 0.13802083333333334
1 0.5546875 0.66796875 0.078125 0.06510416666666667
1 0.3776041666666667 0.609375 0.09375 0.10416666666666667
1 0.14192708333333334 0.5481770833333334 0.06770833333333333 0.0703125
1 0.17578125 0.4817708333333333 0.09114583333333333 0.09375
1 0.2565104166666667 0.4153645833333333 0.09635416666666667 0.15625
1 0.037760416666666664 0.5924479166666666 0.07291666666666667 0.08072916666666667
1 0.052083333333333336 0.54296875 0.059895833333333336 0.09114583333333333
1 0.18098958333333334 0.3763020833333333 0.08333333333333333 0.13802083333333334
1 0.06510416666666667 0.4518229166666667 0.07552083333333333 0.0703125