1 0.5833333333333334 0.6770833333333334 0.0390625 0.046875
1 0.3815104166666667 0.4544270833333333 0.049479166666666664 0.033854166666666664
1 0.4934895833333333 0.3802083333333333 0.036458333333333336 0.06770833333333333
1 0.49609375 0.5026041666666666 0.052083333333333336 0.049479166666666664
1 0.7213541666666666 0.52734375 0.026041666666666668 0.06510416666666667
1 0.7408854166666666 0.3645833333333333 0.044270833333333336 0.033854166666666664
1 0.5924479166666666 0.6197916666666666 0.026041666666666668 0.0625
1 0.6497395833333334 0.3138020833333333 0.036458333333333336 0.052083333333333336
1 0.64453125 0.6927083333333334 0.046875 0.0546875
1 0.48046875 0.6080729166666666 0.033854166666666664 0.057291666666666664
1 0.7109375 0.328125 0.049479166666666664 0.049479166666666664
1 0.6770833333333334 0.2604166666666667 0.026041666666666668 0.059895833333333336
1 0.62109375 0.63671875 0.0234375 0.028645833333333332
1 0.4830729166666667 0.4622395833333333 0.0703125 0.0390625
1 0.6888020833333334 0.6510416666666666 0.046875 0.06510416666666667
1 0.56640625 0.58984375 0.041666666666666664 0.028645833333333332
1 0.6236979166666666 0.3151041666666667 0.0390625 0.0546875
1 0.47265625 0.5338541666666666 0.049479166666666664 0.044270833333333336
1 0.54296875 0.4895833333333333 0.0546875 0.049479166666666664
1 0.5872395833333334 0.5416666666666666 0.03125 0.044270833333333336
1 0.6145833333333334 0.3971354166666667 0.036458333333333336 0.033854166666666664
1 0.6315104166666666 0.2890625 0.041666666666666664 0.033854166666666664
1 0.5013020833333334 0.421875 0.018229166666666668 0.0390625
1 0.6770833333333334 0.4986979166666667 0.049479166666666664 0.06510416666666667
1 0.67578125 0.55078125 0.0546875 0.052083333333333336
1 0.4674479166666667 0.3893229166666667 0.026041666666666668 0.059895833333333336
1 0.6171875 0.7018229166666666 0.03125 0.049479166666666664
1 0.6432291666666666 0.3776041666666667 0.041666666666666664 0.0546875
1 0.6197916666666666 0.4609375 0.044270833333333336 0.057291666666666664
1 0.6458333333333334 0.5377604166666666 0.033854166666666664 0.052083333333333336
1 0.6731770833333334 0.32421875 0.028645833333333332 0.052083333333333336
1 0.5911458333333334 0.4856770833333333 0.052083333333333336 0.049479166666666664
1 0.45703125 0.3463541666666667 0.036458333333333336 0.059895833333333336
1 0.5013020833333334 0.3515625 0.049479166666666664 0.0703125
1 0.55078125 0.41796875 0.0390625 0.06770833333333333
1 0.6875 0.4375 0.020833333333333332 0.026041666666666668
1 0.4440104166666667 0.3815104166666667 0.036458333333333336 0.052083333333333336
1 0.54296875 0.640625 0.033854166666666664 0.0390625
1 0.73828125 0.3216145833333333 0.033854166666666664 0.052083333333333336
1 0.6940104166666666 0.609375 0.044270833333333336 0.028645833333333332
1 0.33203125 0.4661458333333333 0.0390625 0.046875
1 0.7109375 0.2864583333333333 0.046875 0.036458333333333336
1 0.76171875 0.32421875 0.044270833333333336 0.06770833333333333
1 0.5872395833333334 0.3098958333333333 0.049479166666666664 0.041666666666666664
1 0.45703125 0.6276041666666666 0.036458333333333336 0.078125
1 0.3177083333333333 0.48046875 0.046875 0.033854166666666664
1 0.6953125 0.5611979166666666 0.028645833333333332 0.0625
1 0.5481770833333334 0.6783854166666666 0.036458333333333336 0.036458333333333336
1 0.6796875 0.3854166666666667 0.033854166666666664 0.044270833333333336
1 0.6731770833333334 0.2994791666666667 0.041666666666666664 0.049479166666666664
1 0.4908854166666667 0.4856770833333333 0.046875 0.033854166666666664
1 0.5143229166666666 0.6184895833333334 0.033854166666666664 0.059895833333333336
1 0.6354166666666666 0.5885416666666666 0.026041666666666668 0.052083333333333336
1 0.41796875 0.3841145833333333 0.033854166666666664 0.078125
1 0.65625 0.41796875 0.044270833333333336 0.049479166666666664
1 0.6184895833333334 0.6080729166666666 0.0234375 0.028645833333333332
1 0.6315104166666666 0.5169270833333334 0.033854166666666664 0.052083333333333336
1 0.4244791666666667 0.3268229166666667 0.03125 0.057291666666666664
1 0.4479166666666667 0.4127604166666667 0.036458333333333336 0.049479166666666664
1 0.515625 0.671875 0.026041666666666668 0.0234375
1 0.4075520833333333 0.4401041666666667 0.0390625 0.0546875
1 0.3815104166666667 0.4205729166666667 0.046875 0.044270833333333336
1 0.6861979166666666 0.4557291666666667 0.033854166666666664 0.041666666666666664
1 0.5807291666666666 0.6393229166666666 0.0390625 0.049479166666666664
1 0.5455729166666666 0.5390625 0.044270833333333336 0.0390625
1 0.6028645833333334 0.5768229166666666 0.03125 0.0390625
1 0.6640625 0.6588541666666666 0.046875 0.0390625
1 0.5455729166666666 0.66015625 0.0390625 0.036458333333333336
1 0.3697916666666667 0.4817708333333333 0.046875 0.0390625
1 0.5208333333333334 0.5078125 0.049479166666666664 0.041666666666666664
1 0.4361979166666667 0.4505208333333333 0.049479166666666664 0.03125
1 0.5885416666666666 0.41796875 0.0546875 0.0390625
1 0.70703125 0.40625 0.026041666666666668 0.0546875
1 0.5169270833333334 0.5546875 0.0234375 0.049479166666666664
1 0.4361979166666667 0.3411458333333333 0.033854166666666664 0.049479166666666664
1 0.4986979166666667 0.6770833333333334 0.044270833333333336 0.0546875
1 0.4557291666666667 0.4973958333333333 0.028645833333333332 0.06510416666666667
1 0.76171875 0.6158854166666666 0.03125 0.059895833333333336
1 0.41015625 0.46484375 0.044270833333333336 0.036458333333333336
1 0.3971354166666667 0.3658854166666667 0.033854166666666664 0.0703125