1 0.4622395833333333 0.016927083333333332 0.033854166666666664 0.033854166666666664
1 0.3541666666666667 0.16536458333333334 0.0390625 0.041666666666666664
1 0.5286458333333334 0.23307291666666666 0.028645833333333332 0.046875
1 0.6171875 0.15364583333333334 0.033854166666666664 0.057291666666666664
1 0.734375 0.16536458333333334 0.033854166666666664 0.036458333333333336
1 0.7200520833333334 0.23828125 0.041666666666666664 0.033854166666666664
1 0.7604166666666666 0.3020833333333333 0.033854166666666664 0.0546875
1 0.50390625 0.359375 0.044270833333333336 0.052083333333333336
1 0.5611979166666666 0.4713541666666667 0.03125 0.0390625
1 0.55078125 0.49609375 0.044270833333333336 0.044270833333333336
1 0.5065104166666666 0.58984375 0.036458333333333336 0.052083333333333336
1 0.5989583333333334 0.5403645833333334 0.0390625 0.036458333333333336
1 0.7486979166666666 0.6692708333333334 0.036458333333333336 0.044270833333333336
1 0.4921875 0.18619791666666666 0.036458333333333336 0.026041666666666668
1 0.5846354166666666 0.16927083333333334 0.046875 0.052083333333333336
1 0.82421875 0.296875 0.028645833333333332 0.046875
1 0.6809895833333334 0.265625 0.036458333333333336 0.044270833333333336
1 0.4817708333333333 0.3515625 0.03125 0.028645833333333332
1 0.5221354166666666 0.3658854166666667 0.0234375 0.0390625
1 0.609375 0.44921875 0.0390625 0.0390625
1 0.4661458333333333 0.8385416666666666 0.0546875 0.0546875
1 0.4752604166666667 0.234375 0.044270833333333336 0.046875
1 0.6106770833333334 0.20442708333333334 0.026041666666666668 0.028645833333333332
1 0.7174479166666666 0.26171875 0.036458333333333336 0.036458333333333336
1 0.7122395833333334 0.3893229166666667 0.036458333333333336 0.0390625
1 0.734375 0.5455729166666666 0.028645833333333332 0.046875
1 0.4934895833333333 0.4583333333333333 0.03125 0.026041666666666668
1 0.6640625 0.5598958333333334 0.0390625 0.049479166666666664
1 0.4856770833333333 0.15625 0.03125 0.044270833333333336
1 0.6119791666666666 0.234375 0.033854166666666664 0.03125
1 0.73046875 0.22395833333333334 0.0390625 0.03125
1 0.8346354166666666 0.28125 0.033854166666666664 0.049479166666666664
1 0.7447916666666666 0.38671875 0.026041666666666668 0.033854166666666664
1 0.4739583333333333 0.5494791666666666 0.0390625 0.0390625
1 0.61328125 0.58203125 0.044270833333333336 0.036458333333333336
1 0.515625 0.18098958333333334 0.0390625 0.052083333333333336
1 0.43359375 0.045572916666666664 0.0390625 0.057291666666666664
1 0.6028645833333334 0.1875 0.033854166666666664 0.0390625
1 0.7057291666666666 0.10026041666666667 0.044270833333333336 0.052083333333333336
1 0.61328125 0.2903645833333333 0.026041666666666668 0.0390625
1 0.6302083333333334 0.3098958333333333 0.033854166666666664 0.044270833333333336
1 0.73046875 0.3893229166666667 0.020833333333333332 0.0234375
1 0.46484375 0.3203125 0.033854166666666664 0.044270833333333336
1 0.7955729166666666 0.4283854166666667 0.036458333333333336 0.036458333333333336
1 0.4700520833333333 0.4622395833333333 0.03125 0.026041666666666668
1 0.3932291666666667 0.484375 0.041666666666666664 0.041666666666666664
1 0.51171875 0.5182291666666666 0.028645833333333332 0.03125
1 0.5026041666666666 0.16145833333333334 0.03125 0.049479166666666664
1 0.4986979166666667 0.20963541666666666 0.041666666666666664 0.041666666666666664
1 0.4283854166666667 0.21484375 0.044270833333333336 0.06770833333333333
1 0.8098958333333334 0.21744791666666666 0.0546875 0.052083333333333336
1 0.6940104166666666 0.3385416666666667 0.033854166666666664 0.033854166666666664
1 0.6875 0.3528645833333333 0.03125 0.049479166666666664
1 0.7734375 0.3697916666666667 0.036458333333333336 0.0390625
1 0.51953125 0.4010416666666667 0.041666666666666664 0.041666666666666664
1 0.5442708333333334 0.4166666666666667 0.0390625 0.036458333333333336
1 0.51171875 0.4375 0.028645833333333332 0.041666666666666664
1 0.57421875 0.48046875 0.026041666666666668 0.026041666666666668
1 0.6744791666666666 0.5091145833333334 0.03125 0.046875
1 0.5768229166666666 0.5494791666666666 0.026041666666666668 0.041666666666666664
1 0.5455729166666666 0.6354166666666666 0.041666666666666664 0.041666666666666664
1 0.4739583333333333 0.2109375 0.041666666666666664 0.0390625
1 0.4947916666666667 0.2890625 0.036458333333333336 0.044270833333333336
1 0.62890625 0.3723958333333333 0.036458333333333336 0.044270833333333336
1 0.5234375 0.4661458333333333 0.0390625 0.0546875
1 0.5182291666666666 0.546875 0.03125 0.041666666666666664
1 0.8463541666666666 0.19401041666666666 0.041666666666666664 0.049479166666666664
1 0.53125 0.3736979166666667 0.033854166666666664 0.0546875
1 0.5768229166666666 0.3841145833333333 0.0390625 0.046875
1 0.62890625 0.4856770833333333 0.044270833333333336 0.052083333333333336
1 0.4583333333333333 0.4765625 0.0234375 0.026041666666666668
1 0.4921875 0.7174479166666666 0.041666666666666664 0.0625