1 0.5260416666666666 0.23046875 0.044270833333333336 0.08333333333333333
1 0.4427083333333333 0.057291666666666664 0.06770833333333333 0.09114583333333333
1 0.7252604166666666 0.90625 0.078125 0.10677083333333333
1 0.7369791666666666 0.19791666666666666 0.049479166666666664 0.0859375
1 0.2578125 0.6419270833333334 0.06770833333333333 0.09635416666666667
1 0.06640625 0.7513020833333334 0.059895833333333336 0.07291666666666667
1 0.5377604166666666 0.7174479166666666 0.078125 0.09635416666666667
1 0.3828125 0.75390625 0.049479166666666664 0.09375
1 0.4388020833333333 0.6393229166666666 0.0703125 0.0703125
1 0.90234375 0.7799479166666666 0.0625 0.049479166666666664
1 0.6119791666666666 0.9231770833333334 0.06510416666666667 0.0625
1 0.6197916666666666 0.48046875 0.078125 0.0625
1 0.5390625 0.9127604166666666 0.0703125 0.08854166666666667
1 0.9908854166666666 0.2604166666666667 0.018229166666666668 0.06770833333333333
1 0.8971354166666666 0.7161458333333334 0.044270833333333336 0.0859375
1 0.7682291666666666 0.8776041666666666 0.06510416666666667 0.078125
1 0.95703125 0.18489583333333334 0.0390625 0.0703125
1 0.51953125 0.3723958333333333 0.078125 0.07291666666666667
1 0.30859375 0.3932291666666667 0.07291666666666667 0.0546875
1 0.578125 0.9544270833333334 0.06770833333333333 0.08072916666666667
1 0.48046875 0.11848958333333333 0.046875 0.08854166666666667
1 0.5768229166666666 0.5338541666666666 0.0390625 0.0703125
1 0.3919270833333333 0.8893229166666666 0.07291666666666667 0.0703125
1 0.4296875 0.109375 0.049479166666666664 0.06510416666666667
1 0.80078125 0.78515625 0.052083333333333336 0.07552083333333333
1 0.5859375 0.83984375 0.07291666666666667 0.049479166666666664
1 0.44921875 0.453125 0.059895833333333336 0.044270833333333336
1 0.4752604166666667 0.020833333333333332 0.07552083333333333 0.041666666666666664
1 0.9583333333333334 0.5481770833333334 0.0703125 0.0546875
1 0.85546875 0.7291666666666666 0.0625 0.07552083333333333
1 0.2981770833333333 0.6901041666666666 0.057291666666666664 0.046875
1 0.09895833333333333 0.3046875 0.078125 0.057291666666666664
1 0.8307291666666666 0.8463541666666666 0.049479166666666664 0.08333333333333333
1 0.8411458333333334 0.7942708333333334 0.07291666666666667 0.0703125
1 0.15625 0.34765625 0.08333333333333333 0.052083333333333336
1 0.4609375 0.19401041666666666 0.057291666666666664 0.049479166666666664
1 0.6627604166666666 0.9283854166666666 0.049479166666666664 0.1015625
1 0.49609375 0.2721354166666667 0.028645833333333332 0.052083333333333336
1 0.4479166666666667 0.53515625 0.046875 0.09114583333333333
1 0.18489583333333334 0.578125 0.08072916666666667 0.09375
1 0.8958333333333334 0.37890625 0.057291666666666664 0.052083333333333336
1 0.8020833333333334 0.32421875 0.046875 0.09114583333333333
1 0.9869791666666666 0.4010416666666667 0.026041666666666668 0.09375
1 0.048177083333333336 0.6315104166666666 0.036458333333333336 0.0390625
1 0.8489583333333334 0.18359375 0.028645833333333332 0.07291666666666667
1 0.7760416666666666 0.7447916666666666 0.041666666666666664 0.06510416666666667
1 0.8072916666666666 0.7122395833333334 0.057291666666666664 0.044270833333333336
1 0.8736979166666666 0.7174479166666666 0.06770833333333333 0.09635416666666667
1 0.3424479166666667 0.8255208333333334 0.0546875 0.0703125
1 0.0234375 0.5598958333333334 0.046875 0.10416666666666667
1 0.40625 0.033854166666666664 0.041666666666666664 0.06770833333333333
1 0.5364583333333334 0.5716145833333334 0.0625 0.0546875