1 0.3385416666666667 0.4036458333333333 0.033854166666666664 0.052083333333333336
1 0.3098958333333333 0.4427083333333333 0.020833333333333332 0.06770833333333333
1 0.4817708333333333 0.25 0.033854166666666664 0.036458333333333336
1 0.57421875 0.171875 0.0234375 0.0625
1 0.6328125 0.3450520833333333 0.0234375 0.057291666666666664
1 0.5833333333333334 0.390625 0.026041666666666668 0.052083333333333336
1 0.64453125 0.6171875 0.033854166666666664 0.0390625
1 0.5364583333333334 0.76171875 0.026041666666666668 0.06510416666666667
1 0.60546875 0.26953125 0.020833333333333332 0.0625
1 0.47265625 0.19270833333333334 0.026041666666666668 0.052083333333333336
1 0.4869791666666667 0.1328125 0.03125 0.0703125
1 0.625 0.23307291666666666 0.0234375 0.057291666666666664
1 0.6966145833333334 0.63671875 0.0390625 0.041666666666666664
1 0.5494791666666666 0.6692708333333334 0.036458333333333336 0.0390625
1 0.6002604166666666 0.17708333333333334 0.020833333333333332 0.046875
1 0.5442708333333334 0.3763020833333333 0.0234375 0.049479166666666664
1 0.3984375 0.5703125 0.03125 0.033854166666666664
1 0.4622395833333333 0.6393229166666666 0.033854166666666664 0.059895833333333336
1 0.4036458333333333 0.609375 0.03125 0.052083333333333336
1 0.5065104166666666 0.6510416666666666 0.033854166666666664 0.03125
1 0.36328125 0.4934895833333333 0.036458333333333336 0.06510416666666667
1 0.609375 0.3580729166666667 0.018229166666666668 0.052083333333333336
1 0.3502604166666667 0.4153645833333333 0.041666666666666664 0.036458333333333336
1 0.4361979166666667 0.5716145833333334 0.036458333333333336 0.052083333333333336
1 0.6901041666666666 0.4505208333333333 0.03125 0.044270833333333336
1 0.6106770833333334 0.5833333333333334 0.044270833333333336 0.0390625
1 0.4674479166666667 0.3541666666666667 0.028645833333333332 0.06770833333333333
1 0.5221354166666666 0.16796875 0.036458333333333336 0.052083333333333336
1 0.4765625 0.15234375 0.03125 0.044270833333333336
1 0.4453125 0.22526041666666666 0.0390625 0.049479166666666664
1 0.4947916666666667 0.6341145833333334 0.03125 0.033854166666666664
1 0.39453125 0.40234375 0.033854166666666664 0.033854166666666664
1 0.3619791666666667 0.2708333333333333 0.020833333333333332 0.059895833333333336
1 0.6419270833333334 0.20442708333333334 0.026041666666666668 0.046875
1 0.6276041666666666 0.4309895833333333 0.033854166666666664 0.028645833333333332
1 0.3515625 0.5338541666666666 0.026041666666666668 0.052083333333333336
1 0.62109375 0.3489583333333333 0.018229166666666668 0.057291666666666664
1 0.59765625 0.3138020833333333 0.03125 0.046875
1 0.6783854166666666 0.7317708333333334 0.0234375 0.059895833333333336
1 0.42578125 0.17578125 0.03125 0.049479166666666664
1 0.5859375 0.24088541666666666 0.03125 0.052083333333333336
1 0.3463541666666667 0.29296875 0.026041666666666668 0.052083333333333336
1 0.3489583333333333 0.4466145833333333 0.036458333333333336 0.044270833333333336
1 0.3502604166666667 0.3359375 0.028645833333333332 0.044270833333333336
1 0.4505208333333333 0.3359375 0.03125 0.046875
1 0.546875 0.2591145833333333 0.028645833333333332 0.0625
1 0.61328125 0.22786458333333334 0.018229166666666668 0.052083333333333336
1 0.6927083333333334 0.73828125 0.0234375 0.059895833333333336
1 0.5520833333333334 0.6901041666666666 0.03125 0.044270833333333336
1 0.6328125 0.3854166666666667 0.028645833333333332 0.033854166666666664
1 0.5885416666666666 0.20052083333333334 0.036458333333333336 0.0390625
1 0.55859375 0.18619791666666666 0.0234375 0.049479166666666664
1 0.63671875 0.29296875 0.026041666666666668 0.028645833333333332
1 0.66015625 0.7213541666666666 0.03125 0.0625
1 0.6393229166666666 0.7135416666666666 0.03125 0.049479166666666664
1 0.6067708333333334 0.39453125 0.03125 0.036458333333333336
1 0.6223958333333334 0.1875 0.026041666666666668 0.049479166666666664
1 0.4609375 0.5677083333333334 0.028645833333333332 0.052083333333333336
1 0.4544270833333333 0.18880208333333334 0.0390625 0.0390625
1 0.5833333333333334 0.6953125 0.0234375 0.06510416666666667
1 0.6783854166666666 0.6927083333333334 0.026041666666666668 0.044270833333333336
1 0.5859375 0.4309895833333333 0.033854166666666664 0.033854166666666664
1 0.7135416666666666 0.6692708333333334 0.03125 0.052083333333333336
1 0.60546875 0.6393229166666666 0.03125 0.041666666666666664
1 0.4283854166666667 0.19921875 0.028645833333333332 0.06510416666666667
1 0.37890625 0.2981770833333333 0.026041666666666668 0.057291666666666664
1 0.6067708333333334 0.20442708333333334 0.036458333333333336 0.033854166666666664
1 0.60546875 0.16145833333333334 0.028645833333333332 0.046875
1 0.7161458333333334 0.7122395833333334 0.036458333333333336 0.041666666666666664
1 0.5260416666666666 0.6614583333333334 0.03125 0.046875
1 0.3776041666666667 0.5859375 0.018229166666666668 0.044270833333333336
1 0.6458333333333334 0.2526041666666667 0.033854166666666664 0.03125
1 0.5520833333333334 0.3854166666666667 0.028645833333333332 0.03125
1 0.6796875 0.6510416666666666 0.033854166666666664 0.03125
1 0.4049479166666667 0.4947916666666667 0.028645833333333332 0.0625
1 0.29296875 0.45703125 0.028645833333333332 0.06510416666666667
1 0.3190104166666667 0.4544270833333333 0.026041666666666668 0.0625
1 0.4713541666666667 0.2994791666666667 0.03125 0.052083333333333336
1 0.3736979166666667 0.32421875 0.036458333333333336 0.046875
1 0.5677083333333334 0.1875 0.018229166666666668 0.044270833333333336
1 0.6666666666666666 0.3841145833333333 0.028645833333333332 0.044270833333333336
1 0.60546875 0.7291666666666666 0.03125 0.052083333333333336
1 0.6067708333333334 0.671875 0.026041666666666668 0.0546875
1 0.49609375 0.18098958333333334 0.026041666666666668 0.06510416666666667
1 0.4505208333333333 0.15364583333333334 0.0390625 0.049479166666666664
1 0.640625 0.2265625 0.03125 0.046875
1 0.4986979166666667 0.09895833333333333 0.036458333333333336 0.06510416666666667
1 0.59375 0.3411458333333333 0.03125 0.033854166666666664
1 0.5716145833333334 0.72265625 0.033854166666666664 0.052083333333333336
1 0.36328125 0.3763020833333333 0.033854166666666664 0.057291666666666664
1 0.49609375 0.21614583333333334 0.033854166666666664 0.057291666666666664
1 0.7408854166666666 0.4283854166666667 0.026041666666666668 0.06770833333333333