1 0.6171875 0.3541666666666667 0.044270833333333336 0.0625
1 0.4375 0.5182291666666666 0.052083333333333336 0.07552083333333333
1 0.28125 0.5546875 0.052083333333333336 0.046875
1 0.515625 0.7604166666666666 0.0390625 0.0625
1 0.703125 0.7434895833333334 0.036458333333333336 0.0546875
1 0.19010416666666666 0.2877604166666667 0.046875 0.0625
1 0.171875 0.81640625 0.044270833333333336 0.06510416666666667
1 0.4661458333333333 0.7877604166666666 0.0390625 0.078125
1 0.33203125 0.3567708333333333 0.0390625 0.0625
1 0.7747395833333334 0.3346354166666667 0.033854166666666664 0.0546875
1 0.80078125 0.23697916666666666 0.046875 0.057291666666666664
1 0.6119791666666666 0.20572916666666666 0.046875 0.057291666666666664
1 0.578125 0.4908854166666667 0.052083333333333336 0.036458333333333336
1 0.1015625 0.4791666666666667 0.057291666666666664 0.052083333333333336
1 0.578125 0.4296875 0.049479166666666664 0.046875
1 0.26171875 0.7421875 0.057291666666666664 0.049479166666666664
1 0.24739583333333334 0.5481770833333334 0.046875 0.057291666666666664
1 0.6744791666666666 0.25390625 0.041666666666666664 0.06510416666666667
1 0.4401041666666667 0.234375 0.046875 0.0625
1 0.34765625 0.7799479166666666 0.052083333333333336 0.052083333333333336
1 0.6888020833333334 0.6497395833333334 0.052083333333333336 0.057291666666666664
1 0.640625 0.5052083333333334 0.036458333333333336 0.06510416666666667
1 0.9752604166666666 0.4505208333333333 0.03125 0.052083333333333336
1 0.6666666666666666 0.4049479166666667 0.036458333333333336 0.0625
1 0.4973958333333333 0.3541666666666667 0.0546875 0.044270833333333336
1 0.7252604166666666 0.6979166666666666 0.0390625 0.046875
1 0.67578125 0.3424479166666667 0.052083333333333336 0.044270833333333336
1 0.24479166666666666 0.5768229166666666 0.046875 0.0390625