0 0.5625 0.54296875 0.1171875 0.16927083333333334
0 0.8372395833333334 0.7669270833333334 0.15625 0.16927083333333334
0 0.8463541666666666 0.5481770833333334 0.11979166666666667 0.19270833333333334
0 0.3958333333333333 0.2916666666666667 0.15885416666666666 0.19270833333333334
0 0.4088541666666667 0.7018229166666666 0.11458333333333333 0.171875
0 0.4348958333333333 0.515625 0.14583333333333334 0.17447916666666666
0 0.5911458333333334 0.78515625 0.15625 0.23697916666666666
0 0.2994791666666667 0.53125 0.15364583333333334 0.20833333333333334
0 0.4361979166666667 0.8151041666666666 0.14322916666666666 0.1875
0 0.7252604166666666 0.3385416666666667 0.11197916666666667 0.18229166666666666
0 0.16666666666666666 0.5455729166666666 0.15885416666666666 0.15625
0 0.5690104166666666 0.2721354166666667 0.11197916666666667 0.17708333333333334