1 0.640625 0.6458333333333334 0.041666666666666664 0.06770833333333333
1 0.3958333333333333 0.5520833333333334 0.041666666666666664 0.049479166666666664
1 0.4830729166666667 0.8854166666666666 0.06510416666666667 0.08854166666666667
1 0.5533854166666666 0.3059895833333333 0.057291666666666664 0.0703125
1 0.5052083333333334 0.265625 0.057291666666666664 0.0859375
1 0.3268229166666667 0.1796875 0.059895833333333336 0.08333333333333333
1 0.8815104166666666 0.3841145833333333 0.052083333333333336 0.08072916666666667
1 0.3541666666666667 0.14713541666666666 0.057291666666666664 0.08072916666666667
1 0.4296875 0.6953125 0.052083333333333336 0.052083333333333336
1 0.33203125 0.5442708333333334 0.057291666666666664 0.052083333333333336
1 0.3854166666666667 0.4270833333333333 0.052083333333333336 0.046875
1 0.5755208333333334 0.3776041666666667 0.044270833333333336 0.07291666666666667
1 0.3919270833333333 0.4010416666666667 0.052083333333333336 0.052083333333333336
1 0.2786458333333333 0.3111979166666667 0.046875 0.0703125
1 0.55859375 0.828125 0.0546875 0.06770833333333333
1 0.4127604166666667 0.5598958333333334 0.052083333333333336 0.057291666666666664
1 0.33984375 0.3033854166666667 0.057291666666666664 0.0625
1 0.7447916666666666 0.4830729166666667 0.057291666666666664 0.07552083333333333
1 0.26171875 0.5611979166666666 0.057291666666666664 0.049479166666666664
1 0.7421875 0.15494791666666666 0.052083333333333336 0.052083333333333336