1 0.5546875 0.016927083333333332 0.03125 0.033854166666666664
1 0.6575520833333334 0.17057291666666666 0.0390625 0.041666666666666664
1 0.4817708333333333 0.23177083333333334 0.028645833333333332 0.046875
1 0.3958333333333333 0.14973958333333334 0.033854166666666664 0.057291666666666664
1 0.27734375 0.15755208333333334 0.03125 0.036458333333333336
1 0.2890625 0.23177083333333334 0.0390625 0.03125
1 0.24739583333333334 0.29296875 0.033854166666666664 0.0546875
1 0.5013020833333334 0.3580729166666667 0.044270833333333336 0.052083333333333336
1 0.4401041666666667 0.46875 0.03125 0.0390625
1 0.44921875 0.4947916666666667 0.044270833333333336 0.044270833333333336
1 0.4908854166666667 0.58984375 0.033854166666666664 0.052083333333333336
1 0.3997395833333333 0.5364583333333334 0.036458333333333336 0.033854166666666664
1 0.24609375 0.6614583333333334 0.036458333333333336 0.044270833333333336
1 0.5182291666666666 0.1875 0.033854166666666664 0.026041666666666668
1 0.4270833333333333 0.16536458333333334 0.046875 0.052083333333333336
1 0.18229166666666666 0.2864583333333333 0.026041666666666668 0.046875
1 0.3268229166666667 0.2604166666666667 0.033854166666666664 0.044270833333333336
1 0.5221354166666666 0.3528645833333333 0.03125 0.026041666666666668
1 0.4830729166666667 0.3658854166666667 0.020833333333333332 0.0390625
1 0.3919270833333333 0.4453125 0.0390625 0.0390625
1 0.5221354166666666 0.8385416666666666 0.052083333333333336 0.052083333333333336
1 0.5338541666666666 0.23567708333333334 0.044270833333333336 0.046875
1 0.3997395833333333 0.20052083333333334 0.0234375 0.028645833333333332
1 0.2916666666666667 0.25390625 0.033854166666666664 0.036458333333333336
1 0.2916666666666667 0.3828125 0.033854166666666664 0.036458333333333336
1 0.2643229166666667 0.5377604166666666 0.028645833333333332 0.046875
1 0.5078125 0.4583333333333333 0.03125 0.026041666666666668
1 0.3346354166666667 0.5546875 0.036458333333333336 0.049479166666666664
1 0.5260416666666666 0.15625 0.028645833333333332 0.044270833333333336
1 0.3971354166666667 0.23046875 0.033854166666666664 0.03125
1 0.2786458333333333 0.21614583333333334 0.036458333333333336 0.03125
1 0.17317708333333334 0.26953125 0.033854166666666664 0.049479166666666664
1 0.2591145833333333 0.3776041666666667 0.026041666666666668 0.033854166666666664
1 0.5234375 0.5494791666666666 0.0390625 0.036458333333333336
1 0.3841145833333333 0.578125 0.044270833333333336 0.036458333333333336
1 0.4947916666666667 0.18098958333333334 0.036458333333333336 0.052083333333333336
1 0.58203125 0.048177083333333336 0.036458333333333336 0.057291666666666664
1 0.4075520833333333 0.18359375 0.033854166666666664 0.0390625
1 0.30859375 0.09244791666666667 0.041666666666666664 0.052083333333333336
1 0.39453125 0.2864583333333333 0.0234375 0.0390625
1 0.3763020833333333 0.3046875 0.03125 0.044270833333333336
1 0.2734375 0.3815104166666667 0.020833333333333332 0.0234375
1 0.5403645833333334 0.3216145833333333 0.033854166666666664 0.041666666666666664
1 0.20703125 0.41796875 0.036458333333333336 0.036458333333333336
1 0.53125 0.4635416666666667 0.03125 0.026041666666666668
1 0.6080729166666666 0.48828125 0.041666666666666664 0.041666666666666664
1 0.48828125 0.5182291666666666 0.028645833333333332 0.03125
1 0.5091145833333334 0.16145833333333334 0.028645833333333332 0.049479166666666664
1 0.51171875 0.20963541666666666 0.0390625 0.0390625
1 0.58203125 0.21744791666666666 0.044270833333333336 0.06510416666666667
1 0.20052083333333334 0.20703125 0.0546875 0.049479166666666664
1 0.3125 0.33203125 0.033854166666666664 0.033854166666666664
1 0.3177083333333333 0.3463541666666667 0.03125 0.049479166666666664
1 0.23046875 0.3606770833333333 0.033854166666666664 0.0390625
1 0.4830729166666667 0.4010416666666667 0.041666666666666664 0.041666666666666664
1 0.4583333333333333 0.4153645833333333 0.0390625 0.033854166666666664
1 0.4908854166666667 0.4375 0.026041666666666668 0.041666666666666664
1 0.42578125 0.4778645833333333 0.026041666666666668 0.026041666666666668
1 0.3255208333333333 0.5026041666666666 0.03125 0.044270833333333336
1 0.421875 0.546875 0.026041666666666668 0.041666666666666664
1 0.4505208333333333 0.6341145833333334 0.041666666666666664 0.041666666666666664
1 0.5364583333333334 0.21223958333333334 0.0390625 0.0390625
1 0.5130208333333334 0.2890625 0.036458333333333336 0.044270833333333336
1 0.375 0.3671875 0.036458333333333336 0.044270833333333336
1 0.4778645833333333 0.4661458333333333 0.036458333333333336 0.0546875
1 0.48046875 0.5455729166666666 0.028645833333333332 0.041666666666666664
1 0.16536458333333334 0.18098958333333334 0.041666666666666664 0.049479166666666664
1 0.47265625 0.3723958333333333 0.03125 0.0546875
1 0.4270833333333333 0.3815104166666667 0.0390625 0.046875
1 0.37109375 0.4817708333333333 0.041666666666666664 0.052083333333333336
1 0.54296875 0.4778645833333333 0.020833333333333332 0.0234375
1 0.5 0.7174479166666666 0.0390625 0.0625