1 0.64453125 0.8359375 0.044270833333333336 0.028645833333333332
1 0.3255208333333333 0.69140625 0.0625 0.028645833333333332
1 0.5794270833333334 0.5651041666666666 0.049479166666666664 0.03125
1 0.6484375 0.8723958333333334 0.049479166666666664 0.020833333333333332
1 0.703125 0.5234375 0.059895833333333336 0.028645833333333332
1 0.7981770833333334 0.5989583333333334 0.049479166666666664 0.0234375
1 0.4661458333333333 0.3268229166666667 0.044270833333333336 0.0390625
1 0.22395833333333334 0.5078125 0.049479166666666664 0.0234375
1 0.6614583333333334 0.8203125 0.03125 0.046875
1 0.6875 0.8216145833333334 0.0390625 0.026041666666666668
1 0.5768229166666666 0.8268229166666666 0.033854166666666664 0.041666666666666664
1 0.8424479166666666 0.5716145833333334 0.044270833333333336 0.0234375
1 0.6979166666666666 0.47265625 0.028645833333333332 0.0390625
1 0.3541666666666667 0.4388020833333333 0.0390625 0.046875
1 0.3463541666666667 0.234375 0.033854166666666664 0.046875
1 0.2109375 0.5846354166666666 0.059895833333333336 0.028645833333333332
1 0.6940104166666666 0.87109375 0.046875 0.026041666666666668
1 0.30078125 0.6809895833333334 0.033854166666666664 0.041666666666666664
1 0.4375 0.3997395833333333 0.033854166666666664 0.036458333333333336
1 0.3619791666666667 0.7356770833333334 0.0234375 0.041666666666666664
1 0.6354166666666666 0.5690104166666666 0.041666666666666664 0.036458333333333336
1 0.3606770833333333 0.22265625 0.028645833333333332 0.041666666666666664
1 0.7356770833333334 0.7408854166666666 0.052083333333333336 0.03125
0 0.26953125 0.12890625 0.13541666666666666 0.06510416666666667