1 0.54296875 0.328125 0.033854166666666664 0.026041666666666668
1 0.55078125 0.65625 0.033854166666666664 0.041666666666666664
1 0.5533854166666666 0.5638020833333334 0.044270833333333336 0.041666666666666664
1 0.5768229166666666 0.54296875 0.03125 0.0390625
1 0.55859375 0.5390625 0.0234375 0.036458333333333336
1 0.5299479166666666 0.5377604166666666 0.020833333333333332 0.033854166666666664
1 0.5885416666666666 0.4427083333333333 0.036458333333333336 0.0390625
1 0.5494791666666666 0.4388020833333333 0.028645833333333332 0.041666666666666664
1 0.5716145833333334 0.421875 0.033854166666666664 0.0390625
1 0.5755208333333334 0.52734375 0.046875 0.044270833333333336
1 0.5455729166666666 0.5364583333333334 0.026041666666666668 0.036458333333333336
1 0.5143229166666666 0.4309895833333333 0.0546875 0.044270833333333336
1 0.5247395833333334 0.37109375 0.036458333333333336 0.033854166666666664
1 0.5651041666666666 0.3359375 0.0390625 0.041666666666666664
1 0.55859375 0.6223958333333334 0.049479166666666664 0.036458333333333336
1 0.5677083333333334 0.5572916666666666 0.0390625 0.03125
1 0.5286458333333334 0.51171875 0.028645833333333332 0.0390625
1 0.5325520833333334 0.4856770833333333 0.0546875 0.03125
1 0.5520833333333334 0.41015625 0.028645833333333332 0.036458333333333336
1 0.5598958333333334 0.38671875 0.0390625 0.033854166666666664
1 0.72265625 0.6940104166666666 0.041666666666666664 0.044270833333333336
1 0.55859375 0.68359375 0.036458333333333336 0.046875
1 0.5234375 0.6783854166666666 0.03125 0.041666666666666664
1 0.5833333333333334 0.6028645833333334 0.041666666666666664 0.041666666666666664
1 0.5065104166666666 0.6197916666666666 0.046875 0.03125
1 0.5286458333333334 0.45703125 0.0390625 0.044270833333333336
1 0.5286458333333334 0.3502604166666667 0.041666666666666664 0.018229166666666668
1 0.5546875 0.609375 0.06510416666666667 0.03125
1 0.5546875 0.5794270833333334 0.033854166666666664 0.041666666666666664
1 0.5598958333333334 0.4934895833333333 0.036458333333333336 0.041666666666666664
1 0.5377604166666666 0.5065104166666666 0.03125 0.0390625
1 0.5234375 0.4036458333333333 0.052083333333333336 0.041666666666666664
1 0.5260416666666666 0.33203125 0.0390625 0.036458333333333336
1 0.5872395833333334 0.5651041666666666 0.059895833333333336 0.041666666666666664
1 0.5234375 0.6028645833333334 0.046875 0.026041666666666668
1 0.5911458333333334 0.4869791666666667 0.059895833333333336 0.03125
1 0.5963541666666666 0.4583333333333333 0.033854166666666664 0.0390625
1 0.55078125 0.4596354166666667 0.03125 0.044270833333333336
1 0.5026041666666666 0.40625 0.046875 0.033854166666666664
1 0.5611979166666666 0.3528645833333333 0.044270833333333336 0.036458333333333336
1 0.5442708333333334 0.3098958333333333 0.041666666666666664 0.028645833333333332
1 0.5703125 0.24609375 0.052083333333333336 0.03125
1 0.5690104166666666 0.22005208333333334 0.0390625 0.0546875
1 0.5885416666666666 0.3723958333333333 0.020833333333333332 0.049479166666666664
1 0.5364583333333334 0.6705729166666666 0.026041666666666668 0.052083333333333336
1 0.5768229166666666 0.640625 0.041666666666666664 0.033854166666666664
1 0.5911458333333334 0.6158854166666666 0.041666666666666664 0.028645833333333332
1 0.54296875 0.5807291666666666 0.033854166666666664 0.041666666666666664
1 0.5716145833333334 0.44140625 0.036458333333333336 0.036458333333333336
1 0.5455729166666666 0.37109375 0.046875 0.026041666666666668
1 0.5950520833333334 0.5768229166666666 0.041666666666666664 0.033854166666666664
1 0.5234375 0.6393229166666666 0.052083333333333336 0.036458333333333336
1 0.5729166666666666 0.515625 0.041666666666666664 0.0390625
1 0.578125 0.4674479166666667 0.0234375 0.033854166666666664
1 0.5729166666666666 0.3971354166666667 0.03125 0.0390625
1 0.5755208333333334 0.3815104166666667 0.03125 0.036458333333333336
1 0.5703125 0.3190104166666667 0.044270833333333336 0.036458333333333336