1 0.20442708333333334 0.44921875 0.06510416666666667 0.044270833333333336
1 0.40234375 0.546875 0.0625 0.07552083333333333
1 0.17057291666666666 0.2955729166666667 0.06510416666666667 0.0859375
1 0.7239583333333334 0.35546875 0.07291666666666667 0.057291666666666664
1 0.4231770833333333 0.6575520833333334 0.078125 0.049479166666666664
1 0.5690104166666666 0.4309895833333333 0.059895833333333336 0.052083333333333336
1 0.16796875 0.2890625 0.036458333333333336 0.08854166666666667
1 0.48046875 0.7135416666666666 0.028645833333333332 0.044270833333333336
1 0.13411458333333334 0.4075520833333333 0.0625 0.06510416666666667
1 0.5208333333333334 0.703125 0.057291666666666664 0.044270833333333336
1 0.7578125 0.3528645833333333 0.059895833333333336 0.08072916666666667
1 0.4973958333333333 0.3190104166666667 0.0625 0.059895833333333336
1 0.10807291666666667 0.4609375 0.0703125 0.07552083333333333
1 0.19661458333333334 0.7330729166666666 0.06770833333333333 0.07291666666666667
1 0.63671875 0.5572916666666666 0.041666666666666664 0.057291666666666664
1 0.31640625 0.578125 0.049479166666666664 0.06770833333333333
1 0.2526041666666667 0.5299479166666666 0.041666666666666664 0.078125
1 0.390625 0.3997395833333333 0.059895833333333336 0.07552083333333333
1 0.6979166666666666 0.24088541666666666 0.052083333333333336 0.08072916666666667
1 0.6927083333333334 0.4544270833333333 0.07291666666666667 0.0703125
1 0.5247395833333334 0.2643229166666667 0.059895833333333336 0.078125
1 0.5338541666666666 0.5598958333333334 0.0703125 0.0703125
1 0.5755208333333334 0.6666666666666666 0.049479166666666664 0.0703125