1 0.6067708333333334 0.3528645833333333 0.07291666666666667 0.0625
1 0.2864583333333333 0.5091145833333334 0.052083333333333336 0.0546875
1 0.3841145833333333 0.5104166666666666 0.0703125 0.0625
1 0.5703125 0.6276041666666666 0.057291666666666664 0.059895833333333336
1 0.4700520833333333 0.3203125 0.07291666666666667 0.059895833333333336
1 0.5325520833333334 0.5260416666666666 0.06510416666666667 0.059895833333333336
1 0.029947916666666668 0.8893229166666666 0.041666666666666664 0.07552083333333333
1 0.57421875 0.5390625 0.033854166666666664 0.07552083333333333
1 0.4453125 0.62890625 0.041666666666666664 0.07552083333333333
1 0.5 0.4296875 0.049479166666666664 0.0703125
1 0.5416666666666666 0.33984375 0.07291666666666667 0.046875
1 0.5377604166666666 0.4817708333333333 0.046875 0.046875
1 0.6002604166666666 0.4869791666666667 0.0546875 0.046875
1 0.22135416666666666 0.4934895833333333 0.07291666666666667 0.0546875
1 0.5716145833333334 0.4244791666666667 0.033854166666666664 0.07552083333333333
1 0.6666666666666666 0.4036458333333333 0.059895833333333336 0.052083333333333336
1 0.6770833333333334 0.4661458333333333 0.041666666666666664 0.08072916666666667
1 0.3190104166666667 0.9270833333333334 0.0703125 0.052083333333333336
1 0.4791666666666667 0.5872395833333334 0.059895833333333336 0.07291666666666667
1 0.6692708333333334 0.5520833333333334 0.046875 0.06510416666666667
1 0.55078125 0.4127604166666667 0.0234375 0.07291666666666667
1 0.6302083333333334 0.6328125 0.0703125 0.057291666666666664
1 0.6276041666666666 0.5520833333333334 0.07291666666666667 0.06510416666666667
1 0.5455729166666666 0.3893229166666667 0.046875 0.036458333333333336