1 0.5299479166666666 0.4817708333333333 0.12239583333333333 0.1171875
1 0.4778645833333333 0.3072916666666667 0.14583333333333334 0.09635416666666667
1 0.6666666666666666 0.5143229166666666 0.109375 0.1015625
1 0.5338541666666666 0.5833333333333334 0.12239583333333333 0.07552083333333333
1 0.6471354166666666 0.7434895833333334 0.12239583333333333 0.14583333333333334
1 0.22135416666666666 0.5690104166666666 0.1328125 0.1171875
1 0.359375 0.3932291666666667 0.13802083333333334 0.09635416666666667
1 0.4856770833333333 0.4479166666666667 0.13020833333333334 0.10416666666666667
1 0.37109375 0.5963541666666666 0.13020833333333334 0.09635416666666667
1 0.4869791666666667 0.5403645833333334 0.08854166666666667 0.09635416666666667
1 0.6731770833333334 0.7083333333333334 0.109375 0.08854166666666667
1 0.7265625 0.515625 0.12760416666666666 0.09895833333333333
1 0.625 0.5338541666666666 0.11979166666666667 0.08854166666666667
1 0.83203125 0.4361979166666667 0.15885416666666666 0.09635416666666667
1 0.5690104166666666 0.5481770833333334 0.13541666666666666 0.06510416666666667
1 0.4075520833333333 0.53515625 0.1484375 0.08854166666666667
1 0.3802083333333333 0.26171875 0.06770833333333333 0.09114583333333333
1 0.3424479166666667 0.2552083333333333 0.09375 0.11458333333333333
1 0.484375 0.10677083333333333 0.14583333333333334 0.1171875