1 0.47265625 0.8645833333333334 0.03125 0.049479166666666664
1 0.6067708333333334 0.3372395833333333 0.028645833333333332 0.03125
1 0.5377604166666666 0.3671875 0.033854166666666664 0.052083333333333336
1 0.5729166666666666 0.21223958333333334 0.041666666666666664 0.03125
1 0.6783854166666666 0.5885416666666666 0.036458333333333336 0.059895833333333336
1 0.6861979166666666 0.48828125 0.0234375 0.044270833333333336
1 0.5338541666666666 0.6953125 0.03125 0.041666666666666664
1 0.6002604166666666 0.4557291666666667 0.028645833333333332 0.0546875
1 0.5208333333333334 0.5533854166666666 0.026041666666666668 0.049479166666666664
1 0.4908854166666667 0.4166666666666667 0.036458333333333336 0.028645833333333332
1 0.7018229166666666 0.6041666666666666 0.036458333333333336 0.049479166666666664
1 0.5442708333333334 0.6848958333333334 0.028645833333333332 0.033854166666666664
1 0.6002604166666666 0.58203125 0.028645833333333332 0.057291666666666664
1 0.6002604166666666 0.5065104166666666 0.028645833333333332 0.041666666666666664
1 0.4700520833333333 0.49609375 0.026041666666666668 0.057291666666666664
1 0.5690104166666666 0.16536458333333334 0.036458333333333336 0.0546875
1 0.6158854166666666 0.5130208333333334 0.033854166666666664 0.06510416666666667
1 0.5638020833333334 0.4869791666666667 0.036458333333333336 0.049479166666666664
1 0.6341145833333334 0.59375 0.036458333333333336 0.0703125
1 0.5729166666666666 0.65625 0.0234375 0.041666666666666664
1 0.5325520833333334 0.7513020833333334 0.0234375 0.033854166666666664
1 0.4244791666666667 0.5989583333333334 0.026041666666666668 0.0546875
1 0.6692708333333334 0.5 0.028645833333333332 0.0625
1 0.5260416666666666 0.73828125 0.03125 0.036458333333333336
1 0.6640625 0.47265625 0.036458333333333336 0.052083333333333336
1 0.5247395833333334 0.5169270833333334 0.03125 0.0625
1 0.6510416666666666 0.44921875 0.036458333333333336 0.0859375
1 0.5494791666666666 0.5234375 0.033854166666666664 0.0546875
1 0.4427083333333333 0.74609375 0.036458333333333336 0.033854166666666664
1 0.50390625 0.9036458333333334 0.015625 0.036458333333333336
1 0.4778645833333333 0.5963541666666666 0.033854166666666664 0.052083333333333336
1 0.50390625 0.7083333333333334 0.03125 0.0390625