1 0.3125 0.4947916666666667 0.015625 0.010416666666666666
1 0.5520833333333334 0.4088541666666667 0.010416666666666666 0.028645833333333332
1 0.5559895833333334 0.4466145833333333 0.013020833333333334 0.028645833333333332
1 0.515625 0.42578125 0.015625 0.03125
1 0.5377604166666666 0.5390625 0.018229166666666668 0.026041666666666668
1 0.4635416666666667 0.4388020833333333 0.015625 0.026041666666666668
1 0.5690104166666666 0.3489583333333333 0.020833333333333332 0.026041666666666668
1 0.56640625 0.4635416666666667 0.020833333333333332 0.015625
1 0.56640625 0.7200520833333334 0.013020833333333334 0.028645833333333332
1 0.5182291666666666 0.4934895833333333 0.018229166666666668 0.03125
1 0.5911458333333334 0.5091145833333334 0.028645833333333332 0.0234375
1 0.5013020833333334 0.4739583333333333 0.0234375 0.013020833333333334
1 0.5481770833333334 0.4622395833333333 0.013020833333333334 0.028645833333333332
1 0.4908854166666667 0.5091145833333334 0.020833333333333332 0.015625
1 0.5325520833333334 0.44921875 0.018229166666666668 0.013020833333333334
1 0.5130208333333334 0.484375 0.015625 0.03125
1 0.46875 0.5026041666666666 0.020833333333333332 0.0234375
1 0.55859375 0.30859375 0.033854166666666664 0.020833333333333332
1 0.44921875 0.5807291666666666 0.020833333333333332 0.026041666666666668
1 0.6770833333333334 0.5247395833333334 0.015625 0.033854166666666664
1 0.5859375 0.4127604166666667 0.018229166666666668 0.020833333333333332
1 0.55078125 0.3763020833333333 0.0234375 0.010416666666666666
1 0.4596354166666667 0.515625 0.015625 0.026041666666666668
1 0.4609375 0.55859375 0.0234375 0.018229166666666668
1 0.5755208333333334 0.3854166666666667 0.020833333333333332 0.0234375
1 0.5299479166666666 0.4127604166666667 0.026041666666666668 0.020833333333333332
1 0.5911458333333334 0.7317708333333334 0.0234375 0.015625
1 0.5572916666666666 0.4231770833333333 0.018229166666666668 0.020833333333333332
1 0.32421875 0.53125 0.018229166666666668 0.013020833333333334
1 0.6979166666666666 0.6197916666666666 0.020833333333333332 0.03125
1 0.5390625 0.5182291666666666 0.020833333333333332 0.013020833333333334
1 0.5260416666666666 0.4322916666666667 0.010416666666666666 0.03125
1 0.5130208333333334 0.5338541666666666 0.015625 0.028645833333333332
1 0.5846354166666666 0.859375 0.0234375 0.018229166666666668
1 0.57421875 0.7174479166666666 0.013020833333333334 0.03125
1 0.50390625 0.4921875 0.010416666666666666 0.03125
1 0.5325520833333334 0.4622395833333333 0.0234375 0.0234375
1 0.5338541666666666 0.4244791666666667 0.018229166666666668 0.026041666666666668
1 0.546875 0.40234375 0.0234375 0.026041666666666668
1 0.4973958333333333 0.4869791666666667 0.018229166666666668 0.020833333333333332
1 0.4817708333333333 0.4817708333333333 0.015625 0.0390625
1 0.5494791666666666 0.38671875 0.020833333333333332 0.013020833333333334
1 0.55859375 0.6848958333333334 0.026041666666666668 0.018229166666666668
1 0.6106770833333334 0.3463541666666667 0.0234375 0.020833333333333332
1 0.4322916666666667 0.43359375 0.020833333333333332 0.020833333333333332
1 0.546875 0.4401041666666667 0.026041666666666668 0.015625
1 0.4830729166666667 0.4635416666666667 0.020833333333333332 0.018229166666666668
1 0.5481770833333334 0.3697916666666667 0.026041666666666668 0.015625
1 0.5911458333333334 0.4973958333333333 0.03125 0.0234375
1 0.6106770833333334 0.734375 0.018229166666666668 0.020833333333333332
1 0.53125 0.5299479166666666 0.020833333333333332 0.013020833333333334
1 0.5885416666666666 0.390625 0.015625 0.028645833333333332
1 0.6966145833333334 0.66796875 0.0234375 0.015625
1 0.4544270833333333 0.46875 0.013020833333333334 0.015625
1 0.56640625 0.4127604166666667 0.020833333333333332 0.026041666666666668
1 0.5182291666666666 0.3971354166666667 0.015625 0.020833333333333332
1 0.5299479166666666 0.6484375 0.015625 0.028645833333333332
1 0.5677083333333334 0.3984375 0.028645833333333332 0.015625
1 0.46484375 0.65625 0.013020833333333334 0.03125
1 0.5572916666666666 0.7096354166666666 0.013020833333333334 0.033854166666666664
1 0.5104166666666666 0.5169270833333334 0.03125 0.0234375
1 0.4934895833333333 0.4856770833333333 0.010416666666666666 0.010416666666666666
1 0.5703125 0.44140625 0.026041666666666668 0.026041666666666668