1 0.4453125 0.58203125 0.059895833333333336 0.0703125
1 0.58984375 0.78125 0.08333333333333333 0.06770833333333333
1 0.4947916666666667 0.7786458333333334 0.046875 0.0625
1 0.5026041666666666 0.5247395833333334 0.078125 0.044270833333333336
1 0.51171875 0.6666666666666666 0.0625 0.0625
1 0.52734375 0.6901041666666666 0.049479166666666664 0.044270833333333336
1 0.50390625 0.5651041666666666 0.0703125 0.059895833333333336
1 0.5442708333333334 0.8177083333333334 0.08854166666666667 0.06770833333333333
1 0.5598958333333334 0.7005208333333334 0.0546875 0.026041666666666668
1 0.54296875 0.71484375 0.0625 0.0390625
1 0.4934895833333333 0.7239583333333334 0.0546875 0.0625
1 0.4153645833333333 0.7408854166666666 0.08333333333333333 0.049479166666666664