1 0.4270833333333333 0.16276041666666666 0.09895833333333333 0.11458333333333333
1 0.796875 0.359375 0.0859375 0.1484375
1 0.53515625 0.34375 0.10677083333333333 0.11458333333333333
1 0.5598958333333334 0.5703125 0.08854166666666667 0.12239583333333333
1 0.43359375 0.2513020833333333 0.07552083333333333 0.09375
1 0.515625 0.2760416666666667 0.09895833333333333 0.059895833333333336
1 0.63671875 0.5169270833333334 0.10677083333333333 0.140625
1 0.6979166666666666 0.5364583333333334 0.1328125 0.15364583333333334
1 0.4348958333333333 0.42578125 0.08333333333333333 0.078125
1 0.7265625 0.3541666666666667 0.08854166666666667 0.10677083333333333
1 0.421875 0.4752604166666667 0.1015625 0.06510416666666667
1 0.46484375 0.2721354166666667 0.059895833333333336 0.11458333333333333
1 0.5247395833333334 0.5729166666666666 0.078125 0.125
1 0.5885416666666666 0.3098958333333333 0.08854166666666667 0.09895833333333333
1 0.4856770833333333 0.4583333333333333 0.0703125 0.125