1 0.56640625 0.5729166666666666 0.0703125 0.078125
1 0.4505208333333333 0.7903645833333334 0.09114583333333333 0.078125
1 0.5442708333333334 0.7747395833333334 0.0546875 0.06770833333333333
1 0.5 0.5247395833333334 0.08333333333333333 0.0546875
1 0.51171875 0.6666666666666666 0.0703125 0.0703125
1 0.5 0.69140625 0.0546875 0.049479166666666664
1 0.5052083333333334 0.5651041666666666 0.078125 0.0703125
1 0.5 0.8216145833333334 0.09635416666666667 0.078125
1 0.46875 0.70703125 0.057291666666666664 0.033854166666666664
1 0.4869791666666667 0.71875 0.06770833333333333 0.046875
1 0.5377604166666666 0.7213541666666666 0.0625 0.06770833333333333
1 0.6184895833333334 0.7265625 0.08854166666666667 0.059895833333333336