1 0.6171875 0.953125 0.057291666666666664 0.09375
1 0.62109375 0.8932291666666666 0.078125 0.09895833333333333
1 0.6471354166666666 0.703125 0.09114583333333333 0.10677083333333333
1 0.515625 0.5572916666666666 0.08854166666666667 0.052083333333333336
1 0.4388020833333333 0.4049479166666667 0.09375 0.09635416666666667
1 0.48828125 0.5078125 0.06770833333333333 0.06770833333333333
1 0.46484375 0.5911458333333334 0.078125 0.125
1 0.54296875 0.6119791666666666 0.0859375 0.09635416666666667
1 0.6653645833333334 0.91796875 0.0703125 0.10677083333333333
1 0.625 0.4427083333333333 0.049479166666666664 0.10677083333333333
1 0.7291666666666666 0.8125 0.0703125 0.10677083333333333
1 0.6979166666666666 0.6953125 0.07552083333333333 0.057291666666666664
1 0.4348958333333333 0.46875 0.06510416666666667 0.1171875
1 0.5833333333333334 0.4947916666666667 0.0546875 0.12239583333333333
1 0.5963541666666666 0.7526041666666666 0.08333333333333333 0.09114583333333333
1 0.4934895833333333 0.73828125 0.109375 0.0625
1 0.5130208333333334 0.68359375 0.10416666666666667 0.0703125
1 0.5104166666666666 0.8736979166666666 0.06510416666666667 0.09375
1 0.7291666666666666 0.7591145833333334 0.09635416666666667 0.08854166666666667
1 0.6796875 0.7864583333333334 0.0546875 0.10416666666666667
1 0.5533854166666666 0.4908854166666667 0.0546875 0.09895833333333333
1 0.5286458333333334 0.5052083333333334 0.078125 0.052083333333333336
1 0.6263020833333334 0.5911458333333334 0.1171875 0.11197916666666667
1 0.5768229166666666 0.8828125 0.06510416666666667 0.11458333333333333
1 0.4205729166666667 0.60546875 0.09375 0.1484375
1 0.3932291666666667 0.46875 0.0546875 0.0546875
1 0.59375 0.69140625 0.0859375 0.07291666666666667
1 0.3776041666666667 0.76953125 0.10677083333333333 0.09895833333333333
1 0.5325520833333334 0.7252604166666666 0.0859375 0.0546875
1 0.6223958333333334 0.79296875 0.052083333333333336 0.09635416666666667
1 0.7239583333333334 0.71875 0.08333333333333333 0.049479166666666664
1 0.5768229166666666 0.38671875 0.10677083333333333 0.07552083333333333
1 0.4934895833333333 0.4283854166666667 0.08072916666666667 0.0625
1 0.51953125 0.4348958333333333 0.07291666666666667 0.10416666666666667
1 0.4661458333333333 0.4973958333333333 0.09114583333333333 0.10416666666666667
1 0.4283854166666667 0.7174479166666666 0.07291666666666667 0.08072916666666667