1 0.23958333333333334 0.2682291666666667 0.0703125 0.078125
1 0.3671875 0.6848958333333334 0.052083333333333336 0.0859375
1 0.2890625 0.5859375 0.09375 0.08072916666666667
1 0.3502604166666667 0.23697916666666666 0.041666666666666664 0.06510416666666667
1 0.10807291666666667 0.26171875 0.08072916666666667 0.08072916666666667
1 0.2565104166666667 0.54296875 0.1015625 0.11458333333333333
1 0.20442708333333334 0.5234375 0.07291666666666667 0.0859375
1 0.48828125 0.5221354166666666 0.06770833333333333 0.10416666666666667
1 0.19401041666666666 0.4231770833333333 0.0625 0.07552083333333333
1 0.5104166666666666 0.3307291666666667 0.0859375 0.109375
1 0.3203125 0.46484375 0.07552083333333333 0.078125
1 0.2760416666666667 0.22395833333333334 0.0703125 0.078125
1 0.3919270833333333 0.6666666666666666 0.041666666666666664 0.07552083333333333
1 0.453125 0.5208333333333334 0.06510416666666667 0.09114583333333333
1 0.4309895833333333 0.7135416666666666 0.1015625 0.1171875
1 0.3541666666666667 0.2916666666666667 0.0625 0.052083333333333336
1 0.20963541666666666 0.4856770833333333 0.06770833333333333 0.0703125
1 0.42578125 0.625 0.06510416666666667 0.10677083333333333
1 0.3854166666666667 0.52734375 0.0859375 0.08072916666666667
1 0.27734375 0.41015625 0.057291666666666664 0.07552083333333333
1 0.4934895833333333 0.23828125 0.08333333333333333 0.057291666666666664
1 0.3619791666666667 0.4140625 0.06510416666666667 0.059895833333333336
1 0.4388020833333333 0.4010416666666667 0.0625 0.0703125
1 0.3190104166666667 0.5143229166666666 0.044270833333333336 0.046875
1 0.1484375 0.2721354166666667 0.0859375 0.08072916666666667
1 0.3411458333333333 0.5455729166666666 0.059895833333333336 0.07291666666666667
1 0.1640625 0.3151041666666667 0.10677083333333333 0.11197916666666667
1 0.4427083333333333 0.4440104166666667 0.08072916666666667 0.09114583333333333
1 0.41796875 0.3893229166666667 0.059895833333333336 0.049479166666666664
1 0.23307291666666666 0.2265625 0.07291666666666667 0.078125
1 0.29296875 0.4908854166666667 0.0703125 0.0546875
1 0.41015625 0.4765625 0.046875 0.044270833333333336
1 0.19270833333333334 0.5520833333333334 0.06510416666666667 0.049479166666666664
1 0.40625 0.34765625 0.059895833333333336 0.052083333333333336
1 0.47265625 0.3984375 0.08072916666666667 0.1640625
1 0.3111979166666667 0.19140625 0.044270833333333336 0.08333333333333333
1 0.38671875 0.6041666666666666 0.0625 0.09114583333333333
1 0.3359375 0.19921875 0.052083333333333336 0.07291666666666667
1 0.3619791666666667 0.6171875 0.028645833333333332 0.0625
1 0.3606770833333333 0.69140625 0.049479166666666664 0.0390625
1 0.2916666666666667 0.2630208333333333 0.07291666666666667 0.0703125
1 0.3541666666666667 0.62109375 0.046875 0.09114583333333333
1 0.4583333333333333 0.3268229166666667 0.044270833333333336 0.0703125
1 0.24088541666666666 0.4010416666666667 0.0390625 0.046875
1 0.4153645833333333 0.5598958333333334 0.059895833333333336 0.0546875
1 0.32421875 0.24609375 0.0390625 0.07291666666666667
1 0.48828125 0.3450520833333333 0.0546875 0.0546875
1 0.4309895833333333 0.5104166666666666 0.08854166666666667 0.08854166666666667
1 0.33984375 0.14973958333333334 0.059895833333333336 0.049479166666666664
1 0.26953125 0.453125 0.0703125 0.07291666666666667
1 0.3763020833333333 0.453125 0.041666666666666664 0.0625
1 0.36328125 0.4947916666666667 0.0703125 0.052083333333333336
1 0.4817708333333333 0.3919270833333333 0.09114583333333333 0.08854166666666667