1 0.5651041666666666 0.7604166666666666 0.03125 0.020833333333333332
1 0.6627604166666666 0.5390625 0.026041666666666668 0.028645833333333332
1 0.6627604166666666 0.5130208333333334 0.0390625 0.0234375
1 0.2265625 0.4557291666666667 0.033854166666666664 0.0234375
1 0.54296875 0.6979166666666666 0.033854166666666664 0.028645833333333332
1 0.2591145833333333 0.4244791666666667 0.036458333333333336 0.028645833333333332
1 0.19401041666666666 0.58203125 0.046875 0.026041666666666668
1 0.3307291666666667 0.66015625 0.0390625 0.026041666666666668
1 0.58203125 0.7122395833333334 0.028645833333333332 0.028645833333333332
1 0.21875 0.3190104166666667 0.0390625 0.0234375
1 0.2526041666666667 0.6510416666666666 0.028645833333333332 0.03125
1 0.39453125 0.4231770833333333 0.015625 0.026041666666666668
1 0.2864583333333333 0.5286458333333334 0.03125 0.026041666666666668
1 0.26171875 0.5130208333333334 0.026041666666666668 0.026041666666666668
1 0.8255208333333334 0.7447916666666666 0.0390625 0.020833333333333332
1 0.8111979166666666 0.6510416666666666 0.0234375 0.03125
1 0.7669270833333334 0.5625 0.03125 0.033854166666666664
1 0.5026041666666666 0.4205729166666667 0.03125 0.026041666666666668
1 0.328125 0.71875 0.036458333333333336 0.028645833333333332
1 0.5625 0.6432291666666666 0.036458333333333336 0.0234375
1 0.13802083333333334 0.5143229166666666 0.028645833333333332 0.018229166666666668
1 0.2734375 0.3385416666666667 0.0390625 0.03125
1 0.49609375 0.3893229166666667 0.036458333333333336 0.020833333333333332
1 0.43359375 0.4479166666666667 0.0234375 0.0234375
1 0.7682291666666666 0.5364583333333334 0.0234375 0.03125
1 0.66015625 0.5013020833333334 0.018229166666666668 0.020833333333333332
1 0.04296875 0.6067708333333334 0.046875 0.036458333333333336
1 0.4791666666666667 0.42578125 0.018229166666666668 0.0234375
1 0.12369791666666667 0.5208333333333334 0.041666666666666664 0.026041666666666668
1 0.3046875 0.3697916666666667 0.044270833333333336 0.0234375
1 0.08463541666666667 0.5169270833333334 0.036458333333333336 0.036458333333333336
1 0.27734375 0.6158854166666666 0.026041666666666668 0.026041666666666668
1 0.2916666666666667 0.4908854166666667 0.028645833333333332 0.020833333333333332
1 0.56640625 0.73046875 0.018229166666666668 0.026041666666666668
1 0.71875 0.5520833333333334 0.03125 0.026041666666666668
1 0.5078125 0.7018229166666666 0.041666666666666664 0.028645833333333332
1 0.6171875 0.546875 0.0234375 0.026041666666666668
1 0.24739583333333334 0.4609375 0.03125 0.018229166666666668
1 0.4401041666666667 0.43359375 0.020833333333333332 0.020833333333333332
1 0.57421875 0.4309895833333333 0.0234375 0.028645833333333332
1 0.15364583333333334 0.5078125 0.028645833333333332 0.028645833333333332
1 0.5078125 0.4661458333333333 0.028645833333333332 0.026041666666666668
1 0.20572916666666666 0.6666666666666666 0.033854166666666664 0.0234375
1 0.50390625 0.44921875 0.026041666666666668 0.018229166666666668
1 0.20052083333333334 0.4518229166666667 0.041666666666666664 0.020833333333333332
1 0.35546875 0.4635416666666667 0.036458333333333336 0.0234375
1 0.6901041666666666 0.5247395833333334 0.046875 0.028645833333333332
1 0.4518229166666667 0.4934895833333333 0.0234375 0.018229166666666668
1 0.40234375 0.4205729166666667 0.018229166666666668 0.0234375
1 0.4856770833333333 0.5299479166666666 0.020833333333333332 0.0234375
1 0.24479166666666666 0.5963541666666666 0.020833333333333332 0.026041666666666668
1 0.15625 0.6315104166666666 0.0234375 0.03125
1 0.3606770833333333 0.5729166666666666 0.033854166666666664 0.026041666666666668
1 0.22526041666666666 0.6315104166666666 0.033854166666666664 0.0234375
1 0.7552083333333334 0.5911458333333334 0.020833333333333332 0.026041666666666668
1 0.44140625 0.5442708333333334 0.0234375 0.03125
1 0.4192708333333333 0.6458333333333334 0.026041666666666668 0.026041666666666668
1 0.6614583333333334 0.6223958333333334 0.026041666666666668 0.026041666666666668
1 0.6822916666666666 0.6471354166666666 0.0234375 0.028645833333333332
1 0.44140625 0.3971354166666667 0.03125 0.033854166666666664
1 0.5455729166666666 0.4596354166666667 0.028645833333333332 0.0234375
1 0.3828125 0.6549479166666666 0.0234375 0.028645833333333332
1 0.4361979166666667 0.6848958333333334 0.020833333333333332 0.03125
1 0.26953125 0.3984375 0.044270833333333336 0.0234375
1 0.10807291666666667 0.65625 0.03125 0.03125
1 0.2552083333333333 0.453125 0.0234375 0.020833333333333332
1 0.4427083333333333 0.4153645833333333 0.0390625 0.018229166666666668
1 0.5859375 0.5481770833333334 0.0390625 0.033854166666666664
1 0.2760416666666667 0.3841145833333333 0.052083333333333336 0.028645833333333332
1 0.5677083333333334 0.6705729166666666 0.03125 0.026041666666666668
1 0.16796875 0.4622395833333333 0.026041666666666668 0.033854166666666664
1 0.27734375 0.3515625 0.041666666666666664 0.026041666666666668
1 0.15885416666666666 0.5013020833333334 0.0390625 0.028645833333333332
1 0.18880208333333334 0.5989583333333334 0.026041666666666668 0.028645833333333332
1 0.44921875 0.6171875 0.0390625 0.026041666666666668
1 0.26953125 0.6354166666666666 0.033854166666666664 0.020833333333333332
1 0.3932291666666667 0.5533854166666666 0.028645833333333332 0.026041666666666668
1 0.2643229166666667 0.49609375 0.028645833333333332 0.033854166666666664
1 0.5950520833333334 0.82421875 0.0390625 0.026041666666666668
1 0.6927083333333334 0.6393229166666666 0.036458333333333336 0.020833333333333332
1 0.5716145833333334 0.4127604166666667 0.026041666666666668 0.026041666666666668
1 0.52734375 0.3997395833333333 0.036458333333333336 0.020833333333333332
1 0.5442708333333334 0.7109375 0.033854166666666664 0.026041666666666668
1 0.2877604166666667 0.4388020833333333 0.015625 0.0234375
1 0.2513020833333333 0.6783854166666666 0.036458333333333336 0.026041666666666668
1 0.5260416666666666 0.7174479166666666 0.036458333333333336 0.020833333333333332
1 0.4596354166666667 0.4036458333333333 0.033854166666666664 0.028645833333333332
1 0.3828125 0.44140625 0.018229166666666668 0.0234375
1 0.296875 0.4518229166666667 0.033854166666666664 0.0234375
1 0.3489583333333333 0.37890625 0.026041666666666668 0.028645833333333332
1 0.42578125 0.3828125 0.03125 0.03125
1 0.23828125 0.4153645833333333 0.0234375 0.028645833333333332
1 0.11328125 0.6380208333333334 0.026041666666666668 0.028645833333333332
1 0.5182291666666666 0.53125 0.033854166666666664 0.026041666666666668
1 0.58203125 0.5989583333333334 0.033854166666666664 0.0234375
1 0.421875 0.5260416666666666 0.033854166666666664 0.03125
1 0.3619791666666667 0.5416666666666666 0.044270833333333336 0.0234375
1 0.3424479166666667 0.62890625 0.03125 0.020833333333333332
1 0.3151041666666667 0.5442708333333334 0.0390625 0.020833333333333332
1 0.5247395833333334 0.5651041666666666 0.028645833333333332 0.03125
1 0.3697916666666667 0.5026041666666666 0.03125 0.015625
1 0.4453125 0.5052083333333334 0.020833333333333332 0.0234375
1 0.20703125 0.5143229166666666 0.0390625 0.020833333333333332
1 0.4778645833333333 0.6653645833333334 0.028645833333333332 0.015625
1 0.6822916666666666 0.7747395833333334 0.03125 0.033854166666666664
1 0.7890625 0.6575520833333334 0.028645833333333332 0.026041666666666668
1 0.6276041666666666 0.6106770833333334 0.049479166666666664 0.0234375
1 0.8359375 0.5872395833333334 0.0234375 0.033854166666666664
1 0.8229166666666666 0.578125 0.03125 0.028645833333333332
1 0.20572916666666666 0.6979166666666666 0.0234375 0.03125
1 0.3736979166666667 0.6692708333333334 0.036458333333333336 0.028645833333333332
1 0.5625 0.7005208333333334 0.026041666666666668 0.0234375
1 0.6380208333333334 0.4661458333333333 0.0234375 0.03125
1 0.3033854166666667 0.4049479166666667 0.03125 0.026041666666666668
1 0.5247395833333334 0.453125 0.028645833333333332 0.028645833333333332
1 0.3893229166666667 0.4127604166666667 0.020833333333333332 0.026041666666666668
1 0.5 0.5234375 0.026041666666666668 0.028645833333333332
1 0.2942708333333333 0.6549479166666666 0.026041666666666668 0.028645833333333332
1 0.2591145833333333 0.5989583333333334 0.028645833333333332 0.028645833333333332
1 0.19401041666666666 0.6354166666666666 0.026041666666666668 0.0234375
1 0.3971354166666667 0.4518229166666667 0.03125 0.018229166666666668
1 0.4596354166666667 0.7578125 0.026041666666666668 0.0234375
1 0.63671875 0.58203125 0.0234375 0.028645833333333332
1 0.052083333333333336 0.5690104166666666 0.033854166666666664 0.03125
1 0.6614583333333334 0.48046875 0.028645833333333332 0.028645833333333332
1 0.31640625 0.4440104166666667 0.028645833333333332 0.018229166666666668
1 0.09765625 0.5091145833333334 0.036458333333333336 0.033854166666666664
1 0.55078125 0.4296875 0.03125 0.020833333333333332
1 0.3203125 0.3880208333333333 0.033854166666666664 0.033854166666666664
1 0.18359375 0.4830729166666667 0.036458333333333336 0.028645833333333332
1 0.5455729166666666 0.6744791666666666 0.020833333333333332 0.0234375
1 0.3697916666666667 0.38671875 0.036458333333333336 0.026041666666666668
1 0.6809895833333334 0.5416666666666666 0.033854166666666664 0.03125
1 0.30078125 0.4283854166666667 0.020833333333333332 0.026041666666666668
1 0.052083333333333336 0.6223958333333334 0.036458333333333336 0.026041666666666668
1 0.59375 0.4466145833333333 0.041666666666666664 0.0234375
1 0.19140625 0.4596354166666667 0.044270833333333336 0.0234375
1 0.3385416666666667 0.6875 0.036458333333333336 0.028645833333333332
1 0.5807291666666666 0.4557291666666667 0.0390625 0.0234375
1 0.5911458333333334 0.59375 0.03125 0.018229166666666668
1 0.22005208333333334 0.4361979166666667 0.03125 0.018229166666666668
1 0.4765625 0.69921875 0.03125 0.028645833333333332
1 0.8190104166666666 0.8697916666666666 0.0390625 0.036458333333333336
1 0.5755208333333334 0.77734375 0.033854166666666664 0.0234375
1 0.5794270833333334 0.6223958333333334 0.0234375 0.028645833333333332
1 0.13151041666666666 0.4921875 0.041666666666666664 0.041666666666666664
1 0.4309895833333333 0.4856770833333333 0.020833333333333332 0.028645833333333332
1 0.60546875 0.5364583333333334 0.0234375 0.028645833333333332
1 0.16015625 0.4830729166666667 0.0234375 0.026041666666666668
1 0.16015625 0.59375 0.046875 0.03125
1 0.4114583333333333 0.3971354166666667 0.028645833333333332 0.028645833333333332
1 0.6471354166666666 0.48828125 0.0234375 0.03125
1 0.24609375 0.3567708333333333 0.033854166666666664 0.033854166666666664
1 0.3893229166666667 0.51953125 0.020833333333333332 0.020833333333333332
1 0.2109375 0.6458333333333334 0.026041666666666668 0.018229166666666668
1 0.8736979166666666 0.7447916666666666 0.0390625 0.033854166666666664
1 0.2994791666666667 0.4661458333333333 0.046875 0.026041666666666668
1 0.42578125 0.41015625 0.020833333333333332 0.028645833333333332
1 0.3541666666666667 0.39453125 0.03125 0.026041666666666668
1 0.5442708333333334 0.4505208333333333 0.026041666666666668 0.0234375
1 0.5182291666666666 0.64453125 0.0390625 0.020833333333333332
1 0.6119791666666666 0.46484375 0.0390625 0.036458333333333336
1 0.3997395833333333 0.5390625 0.0546875 0.03125
1 0.453125 0.7369791666666666 0.033854166666666664 0.028645833333333332
1 0.5520833333333334 0.65625 0.018229166666666668 0.0234375
1 0.22916666666666666 0.6588541666666666 0.041666666666666664 0.026041666666666668
1 0.5559895833333334 0.4518229166666667 0.028645833333333332 0.028645833333333332
1 0.3580729166666667 0.6809895833333334 0.033854166666666664 0.026041666666666668
1 0.3020833333333333 0.640625 0.033854166666666664 0.044270833333333336
1 0.3541666666666667 0.5794270833333334 0.028645833333333332 0.018229166666666668
1 0.7447916666666666 0.69140625 0.018229166666666668 0.0234375
1 0.2864583333333333 0.5455729166666666 0.033854166666666664 0.0234375
1 0.3919270833333333 0.5768229166666666 0.078125 0.0234375
1 0.8359375 0.6653645833333334 0.044270833333333336 0.041666666666666664
1 0.5833333333333334 0.6380208333333334 0.036458333333333336 0.020833333333333332
1 0.3502604166666667 0.60546875 0.015625 0.026041666666666668
1 0.2643229166666667 0.6640625 0.036458333333333336 0.033854166666666664
1 0.5546875 0.5182291666666666 0.033854166666666664 0.020833333333333332
1 0.484375 0.69140625 0.026041666666666668 0.03125
1 0.18880208333333334 0.5651041666666666 0.033854166666666664 0.028645833333333332
1 0.7122395833333334 0.6770833333333334 0.0234375 0.018229166666666668
1 0.5794270833333334 0.5807291666666666 0.036458333333333336 0.015625