1 0.8997395833333334 0.42578125 0.036458333333333336 0.057291666666666664
1 0.5703125 0.23958333333333334 0.036458333333333336 0.059895833333333336
1 0.5833333333333334 0.21484375 0.046875 0.052083333333333336
1 0.5611979166666666 0.17578125 0.044270833333333336 0.059895833333333336
1 0.4908854166666667 0.5559895833333334 0.049479166666666664 0.041666666666666664
1 0.3684895833333333 0.2682291666666667 0.044270833333333336 0.041666666666666664
1 0.14453125 0.5325520833333334 0.036458333333333336 0.0546875
1 0.4401041666666667 0.7903645833333334 0.046875 0.0625
1 0.6184895833333334 0.6028645833333334 0.052083333333333336 0.052083333333333336
1 0.8411458333333334 0.5690104166666666 0.046875 0.06510416666666667
1 0.7799479166666666 0.5611979166666666 0.041666666666666664 0.059895833333333336
1 0.78515625 0.5091145833333334 0.049479166666666664 0.044270833333333336
1 0.62890625 0.22005208333333334 0.044270833333333336 0.046875
1 0.203125 0.4440104166666667 0.036458333333333336 0.057291666666666664
1 0.2864583333333333 0.65625 0.044270833333333336 0.041666666666666664
1 0.6419270833333334 0.5598958333333334 0.0390625 0.052083333333333336
1 0.34765625 0.5299479166666666 0.033854166666666664 0.0546875
1 0.23307291666666666 0.49609375 0.044270833333333336 0.041666666666666664
1 0.8125 0.6302083333333334 0.049479166666666664 0.049479166666666664
1 0.8268229166666666 0.5872395833333334 0.052083333333333336 0.0625
1 0.7135416666666666 0.2565104166666667 0.049479166666666664 0.0390625
1 0.5638020833333334 0.4869791666666667 0.041666666666666664 0.059895833333333336
1 0.46875 0.5208333333333334 0.044270833333333336 0.046875
1 0.5559895833333334 0.5625 0.046875 0.0546875
1 0.3125 0.33203125 0.041666666666666664 0.0546875
1 0.4817708333333333 0.78515625 0.03125 0.052083333333333336
1 0.5611979166666666 0.8294270833333334 0.046875 0.0625
1 0.3098958333333333 0.55078125 0.041666666666666664 0.046875
1 0.7591145833333334 0.3828125 0.0546875 0.0625
1 0.7161458333333334 0.22786458333333334 0.049479166666666664 0.0546875
1 0.62890625 0.2565104166666667 0.041666666666666664 0.033854166666666664
1 0.5885416666666666 0.35546875 0.041666666666666664 0.057291666666666664
1 0.17578125 0.8736979166666666 0.036458333333333336 0.044270833333333336
1 0.6966145833333334 0.6197916666666666 0.0390625 0.033854166666666664
1 0.47265625 0.3502604166666667 0.0546875 0.059895833333333336
1 0.6315104166666666 0.6875 0.052083333333333336 0.06770833333333333
1 0.375 0.5338541666666666 0.041666666666666664 0.06770833333333333
1 0.90234375 0.3033854166666667 0.033854166666666664 0.059895833333333336
1 0.4765625 0.3307291666666667 0.046875 0.059895833333333336
1 0.3763020833333333 0.12239583333333333 0.041666666666666664 0.052083333333333336
1 0.2565104166666667 0.3723958333333333 0.049479166666666664 0.046875
1 0.08072916666666667 0.5885416666666666 0.036458333333333336 0.052083333333333336
1 0.6276041666666666 0.578125 0.049479166666666664 0.0546875
1 0.3815104166666667 0.5638020833333334 0.041666666666666664 0.059895833333333336
1 0.8385416666666666 0.640625 0.041666666666666664 0.0546875
1 0.90625 0.4921875 0.052083333333333336 0.0625
1 0.5768229166666666 0.3333333333333333 0.041666666666666664 0.06770833333333333
1 0.4166666666666667 0.3502604166666667 0.033854166666666664 0.06510416666666667
1 0.3528645833333333 0.14583333333333334 0.03125 0.0546875
1 0.5104166666666666 0.84375 0.049479166666666664 0.049479166666666664
1 0.3072916666666667 0.4596354166666667 0.041666666666666664 0.041666666666666664
1 0.7669270833333334 0.8255208333333334 0.0390625 0.0625
1 0.2513020833333333 0.33984375 0.044270833333333336 0.057291666666666664
1 0.17317708333333334 0.34765625 0.052083333333333336 0.0390625