1 0.12760416666666666 0.1796875 0.028645833333333332 0.028645833333333332
1 0.14713541666666666 0.12890625 0.026041666666666668 0.049479166666666664
1 0.6197916666666666 0.109375 0.020833333333333332 0.0546875
1 0.38671875 0.2513020833333333 0.0234375 0.028645833333333332
1 0.37890625 0.24609375 0.028645833333333332 0.036458333333333336
1 0.39453125 0.2747395833333333 0.026041666666666668 0.028645833333333332
1 0.4231770833333333 0.2890625 0.028645833333333332 0.033854166666666664
1 0.4140625 0.21744791666666666 0.028645833333333332 0.049479166666666664
1 0.44140625 0.1484375 0.028645833333333332 0.036458333333333336
1 0.5247395833333334 0.3880208333333333 0.015625 0.033854166666666664
1 0.5338541666666666 0.3346354166666667 0.028645833333333332 0.036458333333333336
1 0.5325520833333334 0.3645833333333333 0.03125 0.0234375
1 0.5559895833333334 0.30078125 0.028645833333333332 0.052083333333333336
1 0.5677083333333334 0.3203125 0.0234375 0.041666666666666664
1 0.5872395833333334 0.3385416666666667 0.015625 0.046875
1 0.3072916666666667 0.515625 0.026041666666666668 0.020833333333333332
1 0.3411458333333333 0.5325520833333334 0.020833333333333332 0.036458333333333336
1 0.3932291666666667 0.5208333333333334 0.03125 0.020833333333333332
1 0.3880208333333333 0.5013020833333334 0.03125 0.020833333333333332
1 0.8229166666666666 0.52734375 0.0234375 0.026041666666666668
1 0.8307291666666666 0.51171875 0.03125 0.0234375
1 0.78125 0.5130208333333334 0.028645833333333332 0.0390625
1 0.9466145833333334 0.4427083333333333 0.028645833333333332 0.044270833333333336