1 0.5221354166666666 0.6263020833333334 0.028645833333333332 0.059895833333333336
1 0.2864583333333333 0.5729166666666666 0.03125 0.0625
1 0.5989583333333334 0.453125 0.033854166666666664 0.049479166666666664
1 0.5091145833333334 0.4830729166666667 0.033854166666666664 0.049479166666666664
1 0.31640625 0.7369791666666666 0.036458333333333336 0.0703125
1 0.3880208333333333 0.7643229166666666 0.033854166666666664 0.052083333333333336
1 0.3841145833333333 0.7161458333333334 0.03125 0.057291666666666664
1 0.3776041666666667 0.6510416666666666 0.03125 0.052083333333333336
1 0.375 0.6653645833333334 0.044270833333333336 0.049479166666666664
1 0.3307291666666667 0.7864583333333334 0.028645833333333332 0.059895833333333336
1 0.2903645833333333 0.65625 0.0390625 0.06770833333333333
1 0.3125 0.5143229166666666 0.028645833333333332 0.057291666666666664
1 0.37890625 0.4856770833333333 0.0390625 0.059895833333333336
1 0.3359375 0.3502604166666667 0.0234375 0.036458333333333336
1 0.3645833333333333 0.7317708333333334 0.03125 0.0546875
1 0.3411458333333333 0.78515625 0.0234375 0.0546875
1 0.2825520833333333 0.6380208333333334 0.03125 0.06510416666666667
1 0.4010416666666667 0.4348958333333333 0.036458333333333336 0.06510416666666667
1 0.4986979166666667 0.59765625 0.0390625 0.0546875
1 0.4713541666666667 0.3190104166666667 0.046875 0.06770833333333333
1 0.3333333333333333 0.8528645833333334 0.036458333333333336 0.07552083333333333
1 0.2799479166666667 0.48046875 0.0234375 0.044270833333333336
1 0.5104166666666666 0.70703125 0.03125 0.057291666666666664
1 0.5325520833333334 0.5208333333333334 0.0390625 0.0546875
1 0.48046875 0.4869791666666667 0.0390625 0.0390625
1 0.4270833333333333 0.7135416666666666 0.028645833333333332 0.046875
1 0.28515625 0.8098958333333334 0.033854166666666664 0.046875
1 0.3255208333333333 0.6953125 0.036458333333333336 0.03125
1 0.3111979166666667 0.6041666666666666 0.041666666666666664 0.0625
1 0.3216145833333333 0.5208333333333334 0.033854166666666664 0.06770833333333333
1 0.4270833333333333 0.3854166666666667 0.033854166666666664 0.044270833333333336
1 0.36328125 0.390625 0.03125 0.049479166666666664
1 0.5651041666666666 0.4856770833333333 0.033854166666666664 0.052083333333333336
1 0.5598958333333334 0.54296875 0.036458333333333336 0.057291666666666664
1 0.5416666666666666 0.6158854166666666 0.036458333333333336 0.044270833333333336
1 0.5546875 0.5859375 0.0390625 0.052083333333333336
1 0.5390625 0.48828125 0.0390625 0.046875
1 0.4596354166666667 0.6080729166666666 0.03125 0.044270833333333336
1 0.48828125 0.625 0.036458333333333336 0.0390625
1 0.359375 0.67578125 0.033854166666666664 0.041666666666666664
1 0.3098958333333333 0.6497395833333334 0.03125 0.057291666666666664
1 0.2708333333333333 0.6380208333333334 0.044270833333333336 0.057291666666666664
1 0.3815104166666667 0.3736979166666667 0.033854166666666664 0.078125
1 0.3919270833333333 0.49609375 0.03125 0.052083333333333336
1 0.2786458333333333 0.5390625 0.033854166666666664 0.052083333333333336
1 0.47265625 0.5859375 0.0390625 0.033854166666666664
1 0.4713541666666667 0.7057291666666666 0.046875 0.044270833333333336
1 0.5794270833333334 0.5182291666666666 0.028645833333333332 0.044270833333333336
1 0.47265625 0.4661458333333333 0.041666666666666664 0.046875
1 0.3619791666666667 0.7721354166666666 0.0390625 0.046875
1 0.3138020833333333 0.8033854166666666 0.041666666666666664 0.052083333333333336
1 0.421875 0.4635416666666667 0.0390625 0.044270833333333336
1 0.3606770833333333 0.4765625 0.036458333333333336 0.049479166666666664
1 0.3333333333333333 0.4361979166666667 0.028645833333333332 0.0390625
1 0.3645833333333333 0.3645833333333333 0.03125 0.03125
1 0.3216145833333333 0.6575520833333334 0.026041666666666668 0.03125
1 0.3645833333333333 0.41796875 0.03125 0.0390625
1 0.5208333333333334 0.41015625 0.049479166666666664 0.06510416666666667
1 0.3268229166666667 0.5546875 0.033854166666666664 0.0625
1 0.3203125 0.4752604166666667 0.036458333333333336 0.057291666666666664
1 0.58984375 0.4765625 0.036458333333333336 0.044270833333333336
1 0.4895833333333333 0.4309895833333333 0.0390625 0.041666666666666664
1 0.4830729166666667 0.6484375 0.044270833333333336 0.036458333333333336
1 0.4296875 0.6458333333333334 0.036458333333333336 0.059895833333333336
1 0.2799479166666667 0.7317708333333334 0.03125 0.06510416666666667
1 0.3958333333333333 0.78515625 0.0390625 0.049479166666666664
1 0.3580729166666667 0.7981770833333334 0.033854166666666664 0.046875
1 0.3932291666666667 0.6861979166666666 0.041666666666666664 0.059895833333333336
1 0.3489583333333333 0.7239583333333334 0.036458333333333336 0.07291666666666667
1 0.3203125 0.6770833333333334 0.03125 0.026041666666666668
1 0.3828125 0.4322916666666667 0.026041666666666668 0.057291666666666664
1 0.36328125 0.4453125 0.028645833333333332 0.0546875
1 0.33203125 0.3958333333333333 0.044270833333333336 0.07552083333333333
1 0.34765625 0.4518229166666667 0.033854166666666664 0.06510416666666667
1 0.5364583333333334 0.4557291666666667 0.028645833333333332 0.033854166666666664
1 0.3229166666666667 0.36328125 0.036458333333333336 0.049479166666666664
1 0.4075520833333333 0.83203125 0.033854166666666664 0.0390625
1 0.3958333333333333 0.5533854166666666 0.036458333333333336 0.052083333333333336
1 0.4010416666666667 0.3567708333333333 0.036458333333333336 0.049479166666666664
1 0.4635416666666667 0.4205729166666667 0.036458333333333336 0.059895833333333336
1 0.5325520833333334 0.5677083333333334 0.0390625 0.057291666666666664
1 0.484375 0.6822916666666666 0.028645833333333332 0.049479166666666664
1 0.41796875 0.6848958333333334 0.041666666666666664 0.044270833333333336
1 0.2578125 0.6145833333333334 0.03125 0.06770833333333333
1 0.2604166666666667 0.5755208333333334 0.0390625 0.052083333333333336
1 0.4322916666666667 0.4036458333333333 0.026041666666666668 0.052083333333333336
1 0.4427083333333333 0.4401041666666667 0.036458333333333336 0.041666666666666664
1 0.3802083333333333 0.5052083333333334 0.03125 0.052083333333333336
1 0.3059895833333333 0.7799479166666666 0.033854166666666664 0.033854166666666664
1 0.4140625 0.3815104166666667 0.026041666666666668 0.028645833333333332
1 0.54296875 0.3736979166666667 0.0390625 0.049479166666666664
1 0.4049479166666667 0.17708333333333334 0.036458333333333336 0.0703125
1 0.53515625 0.7096354166666666 0.033854166666666664 0.052083333333333336
1 0.5169270833333334 0.7291666666666666 0.041666666666666664 0.06770833333333333
1 0.6015625 0.48046875 0.03125 0.041666666666666664
1 0.5729166666666666 0.5611979166666666 0.036458333333333336 0.052083333333333336
1 0.5703125 0.5950520833333334 0.033854166666666664 0.06770833333333333
1 0.4440104166666667 0.6484375 0.036458333333333336 0.0703125
1 0.4544270833333333 0.6731770833333334 0.033854166666666664 0.06510416666666667
1 0.3489583333333333 0.64453125 0.033854166666666664 0.049479166666666664
1 0.2981770833333333 0.46484375 0.041666666666666664 0.052083333333333336
1 0.421875 0.4440104166666667 0.0390625 0.052083333333333336
1 0.3528645833333333 0.3424479166666667 0.03125 0.0546875
1 0.4270833333333333 0.7356770833333334 0.028645833333333332 0.049479166666666664
1 0.3463541666666667 0.3971354166666667 0.0234375 0.044270833333333336