1 0.4127604166666667 0.49609375 0.03125 0.052083333333333336
1 0.4283854166666667 0.5625 0.044270833333333336 0.057291666666666664
1 0.3893229166666667 0.5755208333333334 0.041666666666666664 0.049479166666666664
1 0.3971354166666667 0.5026041666666666 0.033854166666666664 0.0546875
1 0.5481770833333334 0.57421875 0.033854166666666664 0.052083333333333336
1 0.59375 0.5104166666666666 0.03125 0.044270833333333336
1 0.5807291666666666 0.4205729166666667 0.033854166666666664 0.052083333333333336
1 0.50390625 0.4388020833333333 0.026041666666666668 0.041666666666666664
1 0.56640625 0.4817708333333333 0.036458333333333336 0.044270833333333336
1 0.5859375 0.47265625 0.03125 0.0390625
1 0.3919270833333333 0.3997395833333333 0.044270833333333336 0.041666666666666664
1 0.5377604166666666 0.5377604166666666 0.0390625 0.028645833333333332
1 0.5260416666666666 0.5481770833333334 0.052083333333333336 0.041666666666666664
1 0.4752604166666667 0.5416666666666666 0.046875 0.044270833333333336
1 0.4505208333333333 0.4505208333333333 0.036458333333333336 0.036458333333333336
1 0.44140625 0.4921875 0.036458333333333336 0.0546875
1 0.4622395833333333 0.58984375 0.044270833333333336 0.0546875
1 0.55859375 0.59375 0.041666666666666664 0.044270833333333336
1 0.54296875 0.3528645833333333 0.028645833333333332 0.052083333333333336
1 0.4869791666666667 0.484375 0.036458333333333336 0.052083333333333336
1 0.3098958333333333 0.4622395833333333 0.028645833333333332 0.046875
1 0.3997395833333333 0.5403645833333334 0.0390625 0.049479166666666664
1 0.4765625 0.4609375 0.0390625 0.036458333333333336
1 0.5299479166666666 0.6119791666666666 0.028645833333333332 0.049479166666666664
1 0.62109375 0.5169270833333334 0.044270833333333336 0.0390625
1 0.60546875 0.4765625 0.0390625 0.044270833333333336
1 0.52734375 0.5924479166666666 0.026041666666666668 0.041666666666666664
1 0.4791666666666667 0.51171875 0.033854166666666664 0.041666666666666664
1 0.41796875 0.44921875 0.036458333333333336 0.049479166666666664
1 0.4674479166666667 0.47265625 0.036458333333333336 0.03125