1 0.3828125 0.3802083333333333 0.044270833333333336 0.059895833333333336
1 0.19401041666666666 0.5221354166666666 0.044270833333333336 0.041666666666666664
1 0.14192708333333334 0.5182291666666666 0.046875 0.0390625
1 0.62890625 0.2838541666666667 0.052083333333333336 0.049479166666666664
1 0.4700520833333333 0.4856770833333333 0.036458333333333336 0.046875
1 0.08984375 0.62890625 0.044270833333333336 0.049479166666666664
1 0.6341145833333334 0.3763020833333333 0.06510416666666667 0.0390625
1 0.4778645833333333 0.32421875 0.059895833333333336 0.044270833333333336
1 0.3385416666666667 0.44921875 0.06770833333333333 0.041666666666666664
1 0.5260416666666666 0.5703125 0.0625 0.036458333333333336
1 0.7096354166666666 0.5690104166666666 0.059895833333333336 0.033854166666666664
1 0.6471354166666666 0.4401041666666667 0.046875 0.052083333333333336
1 0.2591145833333333 0.4088541666666667 0.06770833333333333 0.0390625
1 0.4895833333333333 0.5416666666666666 0.049479166666666664 0.049479166666666664
1 0.6341145833333334 0.66015625 0.044270833333333336 0.041666666666666664