1 0.17057291666666666 0.16536458333333334 0.06510416666666667 0.09635416666666667
1 0.19791666666666666 0.22005208333333334 0.0859375 0.1015625
1 0.2708333333333333 0.3984375 0.09895833333333333 0.109375
1 0.45703125 0.45703125 0.08854166666666667 0.059895833333333336
1 0.6002604166666666 0.5520833333333334 0.09895833333333333 0.10416666666666667
1 0.5052083333333334 0.4869791666666667 0.07291666666666667 0.0703125
1 0.0625 0.13932291666666666 0.052083333333333336 0.052083333333333336
1 0.4856770833333333 0.4036458333333333 0.08854166666666667 0.12760416666666666
1 0.4075520833333333 0.4244791666666667 0.09375 0.1015625
1 0.14713541666666666 0.22005208333333334 0.08072916666666667 0.109375
1 0.4205729166666667 0.6119791666666666 0.059895833333333336 0.10677083333333333
1 0.14583333333333334 0.34375 0.078125 0.109375
1 0.23046875 0.4296875 0.078125 0.06510416666666667
1 0.5716145833333334 0.4947916666666667 0.07552083333333333 0.11979166666666667
1 0.4296875 0.5455729166666666 0.06510416666666667 0.12239583333333333
1 0.2903645833333333 0.3294270833333333 0.09114583333333333 0.09635416666666667
1 0.38671875 0.2903645833333333 0.109375 0.07291666666666667
1 0.3971354166666667 0.34765625 0.10677083333333333 0.078125
1 0.3046875 0.18098958333333334 0.07291666666666667 0.09635416666666667
1 0.171875 0.390625 0.1015625 0.09635416666666667
1 0.20052083333333334 0.3424479166666667 0.0625 0.10677083333333333
1 0.4583333333333333 0.5338541666666666 0.0625 0.09895833333333333
1 0.47265625 0.5104166666666666 0.08072916666666667 0.057291666666666664
1 0.3463541666666667 0.484375 0.12239583333333333 0.11979166666666667
1 0.2421875 0.20703125 0.07291666666666667 0.11458333333333333
1 0.515625 0.3684895833333333 0.10677083333333333 0.15104166666666666
1 0.6080729166666666 0.47265625 0.057291666666666664 0.059895833333333336
1 0.3229166666666667 0.3815104166666667 0.09114583333333333 0.078125
1 0.4713541666666667 0.20572916666666666 0.11197916666666667 0.10677083333333333
1 0.359375 0.3216145833333333 0.08854166666666667 0.059895833333333336
1 0.24739583333333334 0.30859375 0.0625 0.09635416666666667
1 0.19661458333333334 0.421875 0.0859375 0.057291666666666664
1 0.4895833333333333 0.63671875 0.109375 0.08333333333333333
1 0.5416666666666666 0.55859375 0.08333333333333333 0.0703125
1 0.515625 0.56640625 0.08072916666666667 0.10677083333333333
1 0.53125 0.4856770833333333 0.09895833333333333 0.109375
1 0.453125 0.2760416666666667 0.08072916666666667 0.08333333333333333