1 0.3658854166666667 0.40234375 0.0703125 0.049479166666666664
1 0.6223958333333334 0.5481770833333334 0.033854166666666664 0.06770833333333333
1 0.6927083333333334 0.4895833333333333 0.046875 0.057291666666666664
1 0.6302083333333334 0.07421875 0.0546875 0.0625
1 0.69921875 0.7447916666666666 0.026041666666666668 0.049479166666666664
1 0.5455729166666666 0.171875 0.041666666666666664 0.06770833333333333
1 0.3111979166666667 0.2864583333333333 0.059895833333333336 0.0546875
1 0.58203125 0.3932291666666667 0.044270833333333336 0.041666666666666664
1 0.578125 0.18098958333333334 0.0390625 0.0625
1 0.6549479166666666 0.5807291666666666 0.044270833333333336 0.0546875
1 0.4075520833333333 0.16927083333333334 0.041666666666666664 0.06770833333333333
1 0.3372395833333333 0.3294270833333333 0.041666666666666664 0.06770833333333333
1 0.38671875 0.3307291666666667 0.0625 0.046875
1 0.57421875 0.7513020833333334 0.046875 0.059895833333333336
1 0.5638020833333334 0.22395833333333334 0.044270833333333336 0.06510416666666667
1 0.6497395833333334 0.5247395833333334 0.036458333333333336 0.0625
1 0.6861979166666666 0.734375 0.036458333333333336 0.06770833333333333
1 0.5911458333333334 0.7005208333333334 0.03125 0.06510416666666667
1 0.2981770833333333 0.5481770833333334 0.049479166666666664 0.06770833333333333
1 0.3450520833333333 0.5924479166666666 0.049479166666666664 0.06510416666666667
1 0.4661458333333333 0.64453125 0.0390625 0.06510416666666667
1 0.2838541666666667 0.3411458333333333 0.033854166666666664 0.07291666666666667
1 0.5546875 0.671875 0.041666666666666664 0.059895833333333336
1 0.3671875 0.3606770833333333 0.059895833333333336 0.0546875
1 0.4270833333333333 0.2421875 0.044270833333333336 0.03125
1 0.43359375 0.20442708333333334 0.044270833333333336 0.057291666666666664
1 0.734375 0.40625 0.046875 0.0390625
1 0.7552083333333334 0.3802083333333333 0.046875 0.033854166666666664
1 0.6927083333333334 0.6471354166666666 0.041666666666666664 0.044270833333333336
1 0.6315104166666666 0.13802083333333334 0.046875 0.0390625
1 0.5520833333333334 0.046875 0.0546875 0.046875
1 0.4908854166666667 0.19270833333333334 0.059895833333333336 0.057291666666666664
1 0.6848958333333334 0.390625 0.03125 0.052083333333333336
1 0.55078125 0.11197916666666667 0.036458333333333336 0.03125
1 0.75 0.6614583333333334 0.044270833333333336 0.044270833333333336
1 0.4895833333333333 0.5299479166666666 0.03125 0.0625
1 0.46484375 0.359375 0.049479166666666664 0.046875
1 0.3033854166666667 0.3723958333333333 0.052083333333333336 0.0546875
1 0.2864583333333333 0.2630208333333333 0.044270833333333336 0.049479166666666664
1 0.2994791666666667 0.640625 0.036458333333333336 0.0703125
1 0.4947916666666667 0.3723958333333333 0.041666666666666664 0.07552083333333333
1 0.3763020833333333 0.4908854166666667 0.06510416666666667 0.057291666666666664
1 0.5729166666666666 0.3723958333333333 0.057291666666666664 0.036458333333333336
1 0.5247395833333334 0.44921875 0.049479166666666664 0.052083333333333336
1 0.3802083333333333 0.7604166666666666 0.057291666666666664 0.036458333333333336
1 0.6354166666666666 0.5768229166666666 0.041666666666666664 0.049479166666666664
1 0.61328125 0.375 0.057291666666666664 0.046875
1 0.37890625 0.6276041666666666 0.052083333333333336 0.046875
1 0.734375 0.4609375 0.049479166666666664 0.033854166666666664
1 0.66796875 0.4296875 0.046875 0.057291666666666664
1 0.6067708333333334 0.7044270833333334 0.0390625 0.06770833333333333
1 0.6796875 0.7096354166666666 0.036458333333333336 0.057291666666666664
1 0.5651041666666666 0.5208333333333334 0.0390625 0.052083333333333336
1 0.4348958333333333 0.6341145833333334 0.049479166666666664 0.059895833333333336
1 0.4466145833333333 0.48046875 0.033854166666666664 0.059895833333333336
1 0.2942708333333333 0.78125 0.049479166666666664 0.06770833333333333
1 0.6302083333333334 0.7330729166666666 0.033854166666666664 0.057291666666666664
1 0.2591145833333333 0.6223958333333334 0.044270833333333336 0.07291666666666667
1 0.3841145833333333 0.2630208333333333 0.057291666666666664 0.052083333333333336
1 0.7096354166666666 0.5520833333333334 0.044270833333333336 0.052083333333333336
1 0.5286458333333334 0.23177083333333334 0.049479166666666664 0.041666666666666664
1 0.6302083333333334 0.6927083333333334 0.0546875 0.08854166666666667
1 0.5286458333333334 0.15104166666666666 0.028645833333333332 0.059895833333333336
1 0.5846354166666666 0.5143229166666666 0.046875 0.044270833333333336
1 0.3411458333333333 0.6432291666666666 0.057291666666666664 0.049479166666666664
1 0.25390625 0.8645833333333334 0.046875 0.08072916666666667
1 0.47265625 0.2669270833333333 0.057291666666666664 0.041666666666666664
1 0.5286458333333334 0.3828125 0.044270833333333336 0.0703125
1 0.5091145833333334 0.13411458333333334 0.044270833333333336 0.07552083333333333
1 0.484375 0.4361979166666667 0.044270833333333336 0.052083333333333336
1 0.3216145833333333 0.4036458333333333 0.044270833333333336 0.0703125
1 0.44140625 0.390625 0.044270833333333336 0.052083333333333336
1 0.3984375 0.30078125 0.0625 0.049479166666666664
1 0.4635416666666667 0.5299479166666666 0.036458333333333336 0.06770833333333333
1 0.3424479166666667 0.53515625 0.041666666666666664 0.07552083333333333
1 0.6901041666666666 0.7838541666666666 0.049479166666666664 0.0390625
1 0.71484375 0.6041666666666666 0.046875 0.0546875
1 0.7200520833333334 0.7083333333333334 0.0546875 0.059895833333333336