1 0.4075520833333333 0.6653645833333334 0.020833333333333332 0.059895833333333336
1 0.453125 0.3528645833333333 0.0234375 0.026041666666666668
1 0.3736979166666667 0.5807291666666666 0.018229166666666668 0.041666666666666664
1 0.3932291666666667 0.4817708333333333 0.020833333333333332 0.044270833333333336
1 0.4388020833333333 0.65234375 0.026041666666666668 0.026041666666666668
1 0.4296875 0.6731770833333334 0.026041666666666668 0.03125
1 0.37109375 0.6536458333333334 0.026041666666666668 0.028645833333333332
1 0.59765625 0.5286458333333334 0.026041666666666668 0.036458333333333336
1 0.6041666666666666 0.4765625 0.026041666666666668 0.049479166666666664
1 0.6575520833333334 0.3854166666666667 0.028645833333333332 0.028645833333333332
1 0.6067708333333334 0.4010416666666667 0.028645833333333332 0.0234375
1 0.3190104166666667 0.2955729166666667 0.03125 0.033854166666666664
1 0.3059895833333333 0.5494791666666666 0.0234375 0.041666666666666664
1 0.41796875 0.48046875 0.0234375 0.03125
1 0.3971354166666667 0.5208333333333334 0.015625 0.041666666666666664
1 0.33984375 0.43359375 0.015625 0.049479166666666664
1 0.5690104166666666 0.5455729166666666 0.036458333333333336 0.0234375
1 0.5494791666666666 0.11979166666666667 0.0234375 0.041666666666666664
1 0.4674479166666667 0.3606770833333333 0.028645833333333332 0.033854166666666664
1 0.3567708333333333 0.3854166666666667 0.028645833333333332 0.033854166666666664
1 0.37890625 0.4817708333333333 0.018229166666666668 0.0390625
1 0.3802083333333333 0.5338541666666666 0.020833333333333332 0.036458333333333336
1 0.3606770833333333 0.5091145833333334 0.020833333333333332 0.044270833333333336
1 0.2786458333333333 0.453125 0.028645833333333332 0.033854166666666664
1 0.3854166666666667 0.4427083333333333 0.018229166666666668 0.0546875
1 0.40625 0.8450520833333334 0.028645833333333332 0.0390625
1 0.5104166666666666 0.3489583333333333 0.026041666666666668 0.028645833333333332
1 0.5611979166666666 0.4388020833333333 0.0234375 0.033854166666666664
1 0.3424479166666667 0.3515625 0.03125 0.033854166666666664
1 0.3541666666666667 0.4791666666666667 0.020833333333333332 0.044270833333333336
1 0.5859375 0.3815104166666667 0.0234375 0.041666666666666664
1 0.3346354166666667 0.4010416666666667 0.018229166666666668 0.028645833333333332
1 0.4440104166666667 0.5052083333333334 0.0234375 0.041666666666666664
1 0.3802083333333333 0.5559895833333334 0.026041666666666668 0.018229166666666668
1 0.5130208333333334 0.5299479166666666 0.0234375 0.03125
1 0.5338541666666666 0.5234375 0.0234375 0.041666666666666664
1 0.5364583333333334 0.3776041666666667 0.015625 0.052083333333333336
1 0.5104166666666666 0.3984375 0.018229166666666668 0.0390625
1 0.5559895833333334 0.4635416666666667 0.028645833333333332 0.033854166666666664
1 0.5013020833333334 0.5598958333333334 0.028645833333333332 0.036458333333333336
1 0.5807291666666666 0.5677083333333334 0.03125 0.044270833333333336
1 0.53515625 0.3515625 0.0234375 0.052083333333333336
1 0.4309895833333333 0.38671875 0.026041666666666668 0.041666666666666664
1 0.3515625 0.4283854166666667 0.0234375 0.03125
1 0.4231770833333333 0.5247395833333334 0.020833333333333332 0.028645833333333332