1 0.4765625 0.50390625 0.0546875 0.044270833333333336
1 0.4700520833333333 0.5989583333333334 0.059895833333333336 0.06510416666666667
1 0.4309895833333333 0.6875 0.044270833333333336 0.044270833333333336
1 0.4622395833333333 0.7135416666666666 0.03125 0.03125
1 0.5078125 0.7864583333333334 0.052083333333333336 0.036458333333333336
1 0.4752604166666667 0.5768229166666666 0.041666666666666664 0.049479166666666664
1 0.3658854166666667 0.6588541666666666 0.041666666666666664 0.06510416666666667
1 0.4140625 0.66015625 0.044270833333333336 0.03125
1 0.5611979166666666 0.78125 0.0546875 0.046875
1 0.5013020833333334 0.7265625 0.0390625 0.028645833333333332
1 0.796875 0.6145833333333334 0.0625 0.07552083333333333
1 0.51171875 0.4869791666666667 0.044270833333333336 0.0625
1 0.51171875 0.7604166666666666 0.044270833333333336 0.052083333333333336
1 0.6705729166666666 0.7083333333333334 0.046875 0.06510416666666667
1 0.3489583333333333 0.5091145833333334 0.052083333333333336 0.041666666666666664
1 0.3723958333333333 0.4921875 0.036458333333333336 0.057291666666666664
1 0.4166666666666667 0.4140625 0.036458333333333336 0.052083333333333336
1 0.3932291666666667 0.6067708333333334 0.06510416666666667 0.052083333333333336
1 0.3932291666666667 0.6744791666666666 0.041666666666666664 0.0546875
1 0.5286458333333334 0.7578125 0.044270833333333336 0.07552083333333333
1 0.66015625 0.6588541666666666 0.0625 0.0546875
1 0.5169270833333334 0.3854166666666667 0.0546875 0.044270833333333336
1 0.3567708333333333 0.5572916666666666 0.049479166666666664 0.052083333333333336
1 0.46875 0.4036458333333333 0.0546875 0.07552083333333333
1 0.4869791666666667 0.4361979166666667 0.036458333333333336 0.06770833333333333
1 0.4322916666666667 0.50390625 0.052083333333333336 0.041666666666666664
1 0.4479166666666667 0.58984375 0.046875 0.052083333333333336
1 0.6419270833333334 0.7395833333333334 0.036458333333333336 0.036458333333333336
1 0.6666666666666666 0.7395833333333334 0.06770833333333333 0.059895833333333336
1 0.6653645833333334 0.6432291666666666 0.0390625 0.0625
1 0.28515625 0.4869791666666667 0.08072916666666667 0.07552083333333333
1 0.3177083333333333 0.5572916666666666 0.057291666666666664 0.052083333333333336
1 0.36328125 0.4479166666666667 0.049479166666666664 0.041666666666666664
1 0.41796875 0.4752604166666667 0.041666666666666664 0.052083333333333336
1 0.3919270833333333 0.640625 0.046875 0.057291666666666664
1 0.4869791666666667 0.7604166666666666 0.044270833333333336 0.0546875
1 0.58203125 0.66015625 0.07552083333333333 0.06510416666666667
1 0.4479166666666667 0.4895833333333333 0.046875 0.052083333333333336
1 0.4322916666666667 0.7018229166666666 0.03125 0.049479166666666664
1 0.48046875 0.7356770833333334 0.0390625 0.041666666666666664
1 0.3268229166666667 0.5247395833333334 0.041666666666666664 0.03125
1 0.3216145833333333 0.5442708333333334 0.046875 0.033854166666666664