1 0.4895833333333333 0.4622395833333333 0.078125 0.057291666666666664
1 0.4557291666666667 0.4895833333333333 0.0390625 0.078125
1 0.2421875 0.48828125 0.08072916666666667 0.049479166666666664
1 0.2981770833333333 0.6927083333333334 0.07552083333333333 0.07291666666666667
1 0.6119791666666666 0.55078125 0.0625 0.059895833333333336
1 0.19921875 0.6888020833333334 0.07291666666666667 0.0546875
1 0.5013020833333334 0.7122395833333334 0.0390625 0.109375
1 0.91015625 0.63671875 0.08072916666666667 0.09375
1 0.46875 0.5559895833333334 0.057291666666666664 0.06510416666666667
1 0.5169270833333334 0.5130208333333334 0.0859375 0.06510416666666667
1 0.4283854166666667 0.421875 0.041666666666666664 0.049479166666666664
1 0.5481770833333334 0.55859375 0.08072916666666667 0.057291666666666664
1 0.6380208333333334 0.6015625 0.06770833333333333 0.036458333333333336
1 0.28125 0.6015625 0.08854166666666667 0.07291666666666667
1 0.4231770833333333 0.5221354166666666 0.08072916666666667 0.06770833333333333
1 0.5768229166666666 0.37109375 0.08333333333333333 0.078125
1 0.6184895833333334 0.4010416666666667 0.052083333333333336 0.07291666666666667
1 0.6848958333333334 0.6770833333333334 0.036458333333333336 0.08333333333333333
1 0.6588541666666666 0.6692708333333334 0.036458333333333336 0.08854166666666667
1 0.3111979166666667 0.5690104166666666 0.08333333333333333 0.049479166666666664
1 0.3671875 0.5768229166666666 0.09375 0.057291666666666664
1 0.3606770833333333 0.4505208333333333 0.0625 0.09114583333333333
1 0.5520833333333334 0.50390625 0.06770833333333333 0.052083333333333336
1 0.3541666666666667 0.3619791666666667 0.07291666666666667 0.09375
1 0.21484375 0.7734375 0.041666666666666664 0.09375
1 0.6744791666666666 0.8697916666666666 0.0625 0.059895833333333336
1 0.71875 0.8020833333333334 0.06770833333333333 0.044270833333333336
1 0.9752604166666666 0.5911458333333334 0.049479166666666664 0.0625
1 0.3424479166666667 0.72265625 0.08333333333333333 0.0625
1 0.4153645833333333 0.6419270833333334 0.08333333333333333 0.08072916666666667
1 0.3411458333333333 0.6614583333333334 0.0546875 0.07291666666666667
1 0.5703125 0.4401041666666667 0.049479166666666664 0.08854166666666667
1 0.17447916666666666 0.6536458333333334 0.07552083333333333 0.049479166666666664
1 0.2981770833333333 0.5104166666666666 0.09114583333333333 0.06770833333333333
1 0.5169270833333334 0.4075520833333333 0.0625 0.0859375
1 0.6953125 0.5338541666666666 0.08072916666666667 0.0703125
1 0.4192708333333333 0.6966145833333334 0.06510416666666667 0.046875
1 0.5989583333333334 0.49609375 0.057291666666666664 0.052083333333333336
1 0.6028645833333334 0.4322916666666667 0.052083333333333336 0.06770833333333333
1 0.4635416666666667 0.37890625 0.09635416666666667 0.052083333333333336
1 0.19921875 0.6197916666666666 0.07291666666666667 0.0546875
1 0.6875 0.8424479166666666 0.049479166666666664 0.0625
1 0.6744791666666666 0.453125 0.09375 0.057291666666666664
1 0.2630208333333333 0.6497395833333334 0.0859375 0.049479166666666664
1 0.6354166666666666 0.546875 0.0625 0.0625