1 0.35546875 0.7526041666666666 0.026041666666666668 0.049479166666666664
1 0.3828125 0.6497395833333334 0.044270833333333336 0.0625
1 0.4309895833333333 0.7083333333333334 0.059895833333333336 0.03125
1 0.3580729166666667 0.859375 0.036458333333333336 0.059895833333333336
1 0.5546875 0.3841145833333333 0.0625 0.046875
1 0.3567708333333333 0.6822916666666666 0.049479166666666664 0.044270833333333336
1 0.3333333333333333 0.5013020833333334 0.033854166666666664 0.06510416666666667
1 0.36328125 0.48046875 0.033854166666666664 0.0546875
1 0.421875 0.5130208333333334 0.033854166666666664 0.046875
1 0.4361979166666667 0.8763020833333334 0.028645833333333332 0.059895833333333336
1 0.82421875 0.7591145833333334 0.052083333333333336 0.078125
1 0.4817708333333333 0.7447916666666666 0.041666666666666664 0.033854166666666664
1 0.4895833333333333 0.8020833333333334 0.03125 0.06770833333333333
1 0.4348958333333333 0.6536458333333334 0.0546875 0.078125
1 0.4088541666666667 0.5078125 0.03125 0.041666666666666664
1 0.2708333333333333 0.48828125 0.03125 0.03125
1 0.4348958333333333 0.3098958333333333 0.041666666666666664 0.0703125
1 0.3971354166666667 0.22005208333333334 0.06510416666666667 0.046875
1 0.296875 0.45703125 0.028645833333333332 0.057291666666666664
1 0.3502604166666667 0.18880208333333334 0.0390625 0.06770833333333333
1 0.5286458333333334 0.006510416666666667 0.041666666666666664 0.013020833333333334
1 0.5221354166666666 0.049479166666666664 0.03125 0.0234375
1 0.6966145833333334 0.3046875 0.044270833333333336 0.0859375
1 0.5091145833333334 0.4114583333333333 0.0546875 0.07552083333333333
1 0.6809895833333334 0.609375 0.033854166666666664 0.059895833333333336
1 0.6158854166666666 0.8059895833333334 0.046875 0.046875
1 0.55859375 0.9296875 0.041666666666666664 0.0625
1 0.3776041666666667 0.4869791666666667 0.041666666666666664 0.0546875
1 0.55859375 0.4375 0.049479166666666664 0.052083333333333336
1 0.4791666666666667 0.7200520833333334 0.0546875 0.0390625
1 0.3815104166666667 0.5950520833333334 0.0390625 0.041666666666666664
1 0.46875 0.3190104166666667 0.036458333333333336 0.0703125
1 0.6640625 0.3502604166666667 0.06770833333333333 0.0546875
1 0.34765625 0.41015625 0.03125 0.059895833333333336
1 0.28515625 0.15104166666666666 0.057291666666666664 0.06510416666666667
1 0.6875 0.2916666666666667 0.06770833333333333 0.041666666666666664
1 0.6223958333333334 0.3502604166666667 0.036458333333333336 0.0703125
1 0.5625 0.037760416666666664 0.059895833333333336 0.057291666666666664
1 0.3619791666666667 0.5494791666666666 0.049479166666666664 0.044270833333333336
1 0.5546875 0.6888020833333334 0.036458333333333336 0.046875
1 0.5885416666666666 0.7057291666666666 0.0546875 0.059895833333333336
1 0.7916666666666666 0.90234375 0.06770833333333333 0.06510416666666667
1 0.6197916666666666 0.58984375 0.0390625 0.0703125
1 0.3372395833333333 0.8177083333333334 0.046875 0.03125
1 0.4401041666666667 0.7486979166666666 0.049479166666666664 0.0390625
1 0.7005208333333334 0.80078125 0.0390625 0.0546875
1 0.42578125 0.4609375 0.046875 0.049479166666666664
1 0.2942708333333333 0.24479166666666666 0.0390625 0.057291666666666664
1 0.25390625 0.2994791666666667 0.041666666666666664 0.059895833333333336
1 0.31640625 0.21614583333333334 0.046875 0.07552083333333333
1 0.5104166666666666 0.10026041666666667 0.052083333333333336 0.036458333333333336
1 0.484375 0.17838541666666666 0.06510416666666667 0.057291666666666664
1 0.578125 0.6744791666666666 0.059895833333333336 0.0859375
1 0.2643229166666667 0.78125 0.049479166666666664 0.046875
1 0.453125 0.69140625 0.049479166666666664 0.036458333333333336
1 0.40234375 0.5846354166666666 0.041666666666666664 0.0546875
1 0.37890625 0.5611979166666666 0.057291666666666664 0.046875
1 0.8411458333333334 0.6783854166666666 0.0390625 0.0625
1 0.4401041666666667 0.51953125 0.049479166666666664 0.052083333333333336
1 0.3919270833333333 0.4596354166666667 0.033854166666666664 0.044270833333333336
1 0.3463541666666667 0.4934895833333333 0.028645833333333332 0.057291666666666664
1 0.5716145833333334 0.62109375 0.028645833333333332 0.049479166666666664
1 0.3671875 0.41796875 0.028645833333333332 0.059895833333333336
1 0.3984375 0.029947916666666668 0.033854166666666664 0.044270833333333336
1 0.37890625 0.3346354166666667 0.036458333333333336 0.078125
1 0.3125 0.34765625 0.057291666666666664 0.0546875
1 0.4609375 0.020833333333333332 0.0625 0.041666666666666664
1 0.46875 0.3893229166666667 0.052083333333333336 0.078125
1 0.4583333333333333 0.4557291666666667 0.0390625 0.059895833333333336
1 0.4231770833333333 0.39453125 0.041666666666666664 0.059895833333333336
1 0.515625 0.07291666666666667 0.0546875 0.0390625
1 0.2669270833333333 0.2760416666666667 0.0546875 0.0625
1 0.5611979166666666 0.08723958333333333 0.0546875 0.057291666666666664
1 0.7096354166666666 0.7122395833333334 0.052083333333333336 0.07291666666666667
1 0.6419270833333334 0.8359375 0.06770833333333333 0.033854166666666664
1 0.5104166666666666 0.94921875 0.059895833333333336 0.06510416666666667
1 0.5611979166666666 0.7591145833333334 0.0546875 0.049479166666666664
1 0.3541666666666667 0.8359375 0.049479166666666664 0.06510416666666667
1 0.60546875 0.8671875 0.041666666666666664 0.046875
1 0.6002604166666666 0.4791666666666667 0.041666666666666664 0.049479166666666664
1 0.5221354166666666 0.6796875 0.044270833333333336 0.036458333333333336
1 0.3046875 0.6731770833333334 0.041666666666666664 0.08072916666666667
1 0.6927083333333334 0.55078125 0.057291666666666664 0.044270833333333336
1 0.3971354166666667 0.49609375 0.033854166666666664 0.057291666666666664
1 0.6510416666666666 0.52734375 0.044270833333333336 0.049479166666666664
1 0.4140625 0.6015625 0.049479166666666664 0.06510416666666667
1 0.6575520833333334 0.60546875 0.046875 0.07291666666666667
1 0.4661458333333333 0.88671875 0.0390625 0.0625
1 0.3255208333333333 0.4375 0.028645833333333332 0.06770833333333333
1 0.2708333333333333 0.3528645833333333 0.036458333333333336 0.057291666666666664
1 0.3033854166666667 0.2955729166666667 0.028645833333333332 0.049479166666666664
1 0.234375 0.3333333333333333 0.044270833333333336 0.07552083333333333
1 0.28515625 0.4739583333333333 0.026041666666666668 0.059895833333333336
1 0.4973958333333333 0.059895833333333336 0.0546875 0.052083333333333336
1 0.46875 0.4661458333333333 0.033854166666666664 0.057291666666666664
1 0.4466145833333333 0.3893229166666667 0.0390625 0.08333333333333333
1 0.5794270833333334 0.9153645833333334 0.049479166666666664 0.0859375
1 0.6731770833333334 0.6848958333333334 0.041666666666666664 0.09375
1 0.3880208333333333 0.9752604166666666 0.046875 0.049479166666666664
1 0.5182291666666666 0.6432291666666666 0.0546875 0.049479166666666664
1 0.34765625 0.7903645833333334 0.03125 0.03125
1 0.37890625 0.5182291666666666 0.036458333333333336 0.036458333333333336
1 0.5026041666666666 0.98828125 0.046875 0.0234375
1 0.52734375 0.71484375 0.0546875 0.052083333333333336
1 0.4752604166666667 0.8072916666666666 0.033854166666666664 0.0625
1 0.6223958333333334 0.8723958333333334 0.052083333333333336 0.0546875
1 0.5143229166666666 0.8411458333333334 0.046875 0.0390625
1 0.8723958333333334 0.7018229166666666 0.06770833333333333 0.07552083333333333
1 0.515625 0.7734375 0.0390625 0.036458333333333336
1 0.3203125 0.2916666666666667 0.028645833333333332 0.06770833333333333
1 0.3294270833333333 0.40625 0.03125 0.052083333333333336
1 0.2877604166666667 0.5221354166666666 0.0546875 0.0546875
1 0.5325520833333334 0.11588541666666667 0.06770833333333333 0.0546875
1 0.3111979166666667 0.09505208333333333 0.036458333333333336 0.06510416666666667
1 0.3098958333333333 0.5052083333333334 0.028645833333333332 0.046875
1 0.3997395833333333 0.29296875 0.0390625 0.07552083333333333
1 0.234375 0.4869791666666667 0.0625 0.0546875
1 0.4140625 0.546875 0.026041666666666668 0.036458333333333336
1 0.4401041666666667 0.7877604166666666 0.08333333333333333 0.049479166666666664
1 0.4622395833333333 0.6236979166666666 0.041666666666666664 0.0859375
1 0.4947916666666667 0.7005208333333334 0.0390625 0.049479166666666664
1 0.71875 0.6953125 0.046875 0.06510416666666667
1 0.4388020833333333 0.8359375 0.059895833333333336 0.07552083333333333
1 0.7434895833333334 0.5716145833333334 0.052083333333333336 0.09895833333333333
1 0.6744791666666666 0.7955729166666666 0.049479166666666664 0.0546875
1 0.5546875 0.6510416666666666 0.036458333333333336 0.0390625
1 0.5677083333333334 0.4114583333333333 0.0625 0.041666666666666664
1 0.6119791666666666 0.4466145833333333 0.0546875 0.059895833333333336
1 0.4036458333333333 0.8671875 0.041666666666666664 0.059895833333333336
1 0.3997395833333333 0.69140625 0.0234375 0.033854166666666664
1 0.4114583333333333 0.8177083333333334 0.049479166666666664 0.0546875
1 0.6236979166666666 0.65234375 0.033854166666666664 0.0625
1 0.6419270833333334 0.12369791666666667 0.07552083333333333 0.046875
1 0.3580729166666667 0.3502604166666667 0.0390625 0.0703125
1 0.3385416666666667 0.2630208333333333 0.026041666666666668 0.041666666666666664
1 0.3424479166666667 0.30078125 0.03125 0.0625
1 0.4778645833333333 0.26171875 0.033854166666666664 0.07552083333333333
1 0.5533854166666666 0.020833333333333332 0.044270833333333336 0.041666666666666664
1 0.171875 0.3307291666666667 0.046875 0.078125
1 0.3619791666666667 0.23567708333333334 0.0546875 0.046875
1 0.60546875 0.040364583333333336 0.052083333333333336 0.046875
1 0.390625 0.4153645833333333 0.049479166666666664 0.07552083333333333
1 0.6471354166666666 0.15625 0.06510416666666667 0.044270833333333336
1 0.5247395833333334 0.7408854166666666 0.0390625 0.0234375
1 0.12109375 0.9921875 0.0703125 0.015625
1 0.3841145833333333 0.78125 0.028645833333333332 0.049479166666666664
1 0.390625 0.83203125 0.0546875 0.059895833333333336
1 0.49609375 0.3828125 0.049479166666666664 0.06770833333333333
1 0.5651041666666666 0.8229166666666666 0.057291666666666664 0.049479166666666664
1 0.3958333333333333 0.6380208333333334 0.0390625 0.059895833333333336
1 0.5755208333333334 0.5481770833333334 0.041666666666666664 0.059895833333333336
1 0.3216145833333333 0.7838541666666666 0.0546875 0.049479166666666664
1 0.3411458333333333 0.4401041666666667 0.028645833333333332 0.059895833333333336
1 0.6302083333333334 0.27734375 0.044270833333333336 0.09375
1 0.3046875 0.4466145833333333 0.041666666666666664 0.0625
1 0.5143229166666666 0.0234375 0.049479166666666664 0.046875
1 0.640625 0.37890625 0.026041666666666668 0.03125
1 0.4908854166666667 0.14453125 0.044270833333333336 0.052083333333333336
1 0.28515625 0.3138020833333333 0.033854166666666664 0.03125
1 0.3736979166666667 0.028645833333333332 0.0234375 0.028645833333333332
1 0.8190104166666666 0.6940104166666666 0.03125 0.06770833333333333
1 0.46875 0.8463541666666666 0.033854166666666664 0.0546875
1 0.4986979166666667 0.7330729166666666 0.044270833333333336 0.044270833333333336
1 0.6041666666666666 0.57421875 0.052083333333333336 0.07291666666666667
1 0.2747395833333333 0.4713541666666667 0.0234375 0.03125
1 0.46875 0.74609375 0.0390625 0.057291666666666664
1 0.51171875 0.8893229166666666 0.041666666666666664 0.059895833333333336
1 0.8020833333333334 0.7252604166666666 0.044270833333333336 0.06510416666666667
1 0.3346354166666667 0.7981770833333334 0.046875 0.03125
1 0.265625 0.7109375 0.06770833333333333 0.06510416666666667
1 0.3190104166666667 0.4778645833333333 0.018229166666666668 0.026041666666666668
1 0.3020833333333333 0.4817708333333333 0.020833333333333332 0.0390625
1 0.33984375 0.2786458333333333 0.033854166666666664 0.0546875
1 0.42578125 0.052083333333333336 0.052083333333333336 0.0625
1 0.5364583333333334 0.17447916666666666 0.0390625 0.07291666666666667
1 0.4192708333333333 0.7018229166666666 0.044270833333333336 0.052083333333333336
1 0.5546875 0.16015625 0.046875 0.07291666666666667
1 0.5208333333333334 0.4401041666666667 0.028645833333333332 0.052083333333333336
1 0.4244791666666667 0.6263020833333334 0.028645833333333332 0.0390625
1 0.44140625 0.7135416666666666 0.041666666666666664 0.026041666666666668