1 0.3932291666666667 0.4296875 0.06510416666666667 0.049479166666666664
1 0.5169270833333334 0.2630208333333333 0.026041666666666668 0.046875
1 0.3893229166666667 0.3658854166666667 0.06510416666666667 0.09635416666666667
1 0.48828125 0.25 0.057291666666666664 0.046875
1 0.4388020833333333 0.3372395833333333 0.052083333333333336 0.07552083333333333
1 0.4856770833333333 0.21744791666666666 0.06770833333333333 0.044270833333333336
1 0.45703125 0.265625 0.0546875 0.08854166666666667
1 0.4583333333333333 0.5455729166666666 0.078125 0.07552083333333333
1 0.4921875 0.4778645833333333 0.049479166666666664 0.08072916666666667
1 0.3671875 0.3359375 0.057291666666666664 0.06510416666666667
1 0.5950520833333334 0.4739583333333333 0.06510416666666667 0.033854166666666664