1 0.5416666666666666 0.6770833333333334 0.036458333333333336 0.036458333333333336
1 0.421875 0.8411458333333334 0.036458333333333336 0.036458333333333336
1 0.28125 0.7278645833333334 0.049479166666666664 0.11458333333333333
1 0.6575520833333334 0.76171875 0.0625 0.08072916666666667
1 0.12890625 0.5572916666666666 0.052083333333333336 0.11197916666666667
1 0.6640625 0.6848958333333334 0.0390625 0.03125
1 0.4986979166666667 0.5338541666666666 0.026041666666666668 0.049479166666666664
1 0.6184895833333334 0.7096354166666666 0.049479166666666664 0.03125
1 0.6796875 0.3984375 0.06770833333333333 0.10416666666666667
1 0.72265625 0.63671875 0.044270833333333336 0.044270833333333336
1 0.24479166666666666 0.3059895833333333 0.07552083333333333 0.078125
1 0.72265625 0.5924479166666666 0.07552083333333333 0.0859375
1 0.4140625 0.87109375 0.044270833333333336 0.03125
1 0.5052083333333334 0.6106770833333334 0.06770833333333333 0.125
1 0.69921875 0.6497395833333334 0.044270833333333336 0.026041666666666668
1 0.5481770833333334 0.578125 0.033854166666666664 0.057291666666666664