1 0.5 0.71875 0.052083333333333336 0.049479166666666664
1 0.3763020833333333 0.8229166666666666 0.041666666666666664 0.06510416666666667
1 0.3541666666666667 0.6731770833333334 0.046875 0.057291666666666664
1 0.28125 0.6966145833333334 0.036458333333333336 0.052083333333333336
1 0.2799479166666667 0.6692708333333334 0.046875 0.03125
1 0.2708333333333333 0.4635416666666667 0.033854166666666664 0.0546875
1 0.453125 0.5546875 0.0390625 0.041666666666666664
1 0.265625 0.2799479166666667 0.044270833333333336 0.046875
1 0.2786458333333333 0.20572916666666666 0.044270833333333336 0.057291666666666664
1 0.2877604166666667 0.3307291666666667 0.044270833333333336 0.036458333333333336
1 0.44140625 0.22265625 0.044270833333333336 0.041666666666666664
1 0.37890625 0.34375 0.044270833333333336 0.036458333333333336
1 0.2994791666666667 0.359375 0.036458333333333336 0.044270833333333336
1 0.4453125 0.3151041666666667 0.0390625 0.0390625
1 0.4791666666666667 0.34765625 0.028645833333333332 0.044270833333333336
1 0.4921875 0.33203125 0.036458333333333336 0.036458333333333336
1 0.4583333333333333 0.5416666666666666 0.041666666666666664 0.0390625
1 0.6497395833333334 0.59375 0.044270833333333336 0.036458333333333336
1 0.6028645833333334 0.5846354166666666 0.036458333333333336 0.059895833333333336
1 0.6236979166666666 0.5611979166666666 0.041666666666666664 0.036458333333333336
1 0.64453125 0.5703125 0.026041666666666668 0.041666666666666664
1 0.6549479166666666 0.5455729166666666 0.052083333333333336 0.036458333333333336
1 0.43359375 0.77734375 0.041666666666666664 0.036458333333333336
1 0.3984375 0.7708333333333334 0.036458333333333336 0.046875
1 0.5729166666666666 0.6197916666666666 0.044270833333333336 0.044270833333333336
1 0.4791666666666667 0.66015625 0.0390625 0.0546875
1 0.4661458333333333 0.62890625 0.044270833333333336 0.046875
1 0.2747395833333333 0.40625 0.041666666666666664 0.046875
1 0.20833333333333334 0.40234375 0.049479166666666664 0.036458333333333336
1 0.5950520833333334 0.6979166666666666 0.041666666666666664 0.044270833333333336
1 0.4440104166666667 0.8098958333333334 0.0390625 0.057291666666666664
1 0.3697916666666667 0.7708333333333334 0.033854166666666664 0.0546875
1 0.4505208333333333 0.7356770833333334 0.036458333333333336 0.057291666666666664
1 0.37109375 0.6263020833333334 0.033854166666666664 0.046875
1 0.4114583333333333 0.5494791666666666 0.028645833333333332 0.044270833333333336
1 0.4661458333333333 0.21484375 0.041666666666666664 0.046875
1 0.3645833333333333 0.4036458333333333 0.044270833333333336 0.041666666666666664
1 0.4114583333333333 0.37890625 0.036458333333333336 0.044270833333333336
1 0.4322916666666667 0.3802083333333333 0.033854166666666664 0.046875
1 0.5755208333333334 0.3059895833333333 0.046875 0.041666666666666664
1 0.4765625 0.2604166666666667 0.041666666666666664 0.036458333333333336
1 0.3515625 0.20572916666666666 0.033854166666666664 0.049479166666666664
1 0.6393229166666666 0.7330729166666666 0.049479166666666664 0.0390625
1 0.5494791666666666 0.20442708333333334 0.041666666666666664 0.0390625
1 0.484375 0.1953125 0.041666666666666664 0.049479166666666664
1 0.5208333333333334 0.66015625 0.033854166666666664 0.049479166666666664
1 0.4596354166666667 0.6927083333333334 0.0390625 0.059895833333333336
1 0.40625 0.72265625 0.0390625 0.036458333333333336
1 0.23697916666666666 0.60546875 0.052083333333333336 0.041666666666666664
1 0.4401041666666667 0.51171875 0.044270833333333336 0.049479166666666664
1 0.23046875 0.4596354166666667 0.052083333333333336 0.0546875
1 0.3841145833333333 0.21223958333333334 0.033854166666666664 0.049479166666666664
1 0.21484375 0.3359375 0.052083333333333336 0.049479166666666664
1 0.3489583333333333 0.28125 0.0390625 0.0390625
1 0.3190104166666667 0.6927083333333334 0.028645833333333332 0.049479166666666664
1 0.3255208333333333 0.6041666666666666 0.036458333333333336 0.057291666666666664
1 0.4505208333333333 0.58984375 0.03125 0.052083333333333336
1 0.5078125 0.4596354166666667 0.028645833333333332 0.0390625
1 0.5442708333333334 0.6783854166666666 0.03125 0.052083333333333336
1 0.20833333333333334 0.3776041666666667 0.044270833333333336 0.044270833333333336
1 0.33984375 0.4127604166666667 0.036458333333333336 0.046875
1 0.37109375 0.234375 0.036458333333333336 0.052083333333333336
1 0.6197916666666666 0.6822916666666666 0.044270833333333336 0.046875
1 0.4544270833333333 0.7916666666666666 0.036458333333333336 0.046875
1 0.5911458333333334 0.6315104166666666 0.03125 0.049479166666666664
1 0.3489583333333333 0.53515625 0.046875 0.059895833333333336
1 0.3463541666666667 0.7109375 0.046875 0.049479166666666664
1 0.3880208333333333 0.5924479166666666 0.046875 0.052083333333333336
1 0.4309895833333333 0.4296875 0.046875 0.0546875
1 0.6979166666666666 0.6848958333333334 0.046875 0.041666666666666664
1 0.22005208333333334 0.6432291666666666 0.046875 0.033854166666666664
1 0.24479166666666666 0.6549479166666666 0.041666666666666664 0.033854166666666664
1 0.41015625 0.5169270833333334 0.0390625 0.0390625
1 0.390625 0.3880208333333333 0.0390625 0.033854166666666664
1 0.50390625 0.3138020833333333 0.044270833333333336 0.044270833333333336
1 0.5520833333333334 0.5169270833333334 0.036458333333333336 0.0546875
1 0.52734375 0.5403645833333334 0.033854166666666664 0.041666666666666664
1 0.5026041666666666 0.5494791666666666 0.028645833333333332 0.044270833333333336
1 0.6770833333333334 0.51953125 0.044270833333333336 0.0390625
1 0.4752604166666667 0.421875 0.041666666666666664 0.044270833333333336
1 0.23828125 0.41015625 0.049479166666666664 0.0546875
1 0.6263020833333334 0.71484375 0.044270833333333336 0.046875
1 0.6341145833333334 0.6627604166666666 0.0390625 0.036458333333333336
1 0.6940104166666666 0.6197916666666666 0.0390625 0.0546875
1 0.640625 0.6145833333333334 0.044270833333333336 0.0390625
1 0.3098958333333333 0.6119791666666666 0.033854166666666664 0.049479166666666664
1 0.4114583333333333 0.5768229166666666 0.03125 0.052083333333333336
1 0.2981770833333333 0.5703125 0.0390625 0.0546875
1 0.5416666666666666 0.18229166666666666 0.057291666666666664 0.046875
1 0.4752604166666667 0.5260416666666666 0.036458333333333336 0.049479166666666664
1 0.5234375 0.5625 0.033854166666666664 0.052083333333333336
1 0.66796875 0.6861979166666666 0.044270833333333336 0.0546875
1 0.68359375 0.6354166666666666 0.046875 0.052083333333333336
1 0.4348958333333333 0.6953125 0.049479166666666664 0.057291666666666664
1 0.546875 0.6276041666666666 0.033854166666666664 0.049479166666666664
1 0.3997395833333333 0.69140625 0.041666666666666664 0.0546875
1 0.29296875 0.51171875 0.0390625 0.049479166666666664
1 0.2799479166666667 0.53125 0.044270833333333336 0.057291666666666664
1 0.39453125 0.74609375 0.03125 0.0546875
1 0.31640625 0.65625 0.0390625 0.049479166666666664
1 0.4114583333333333 0.4153645833333333 0.041666666666666664 0.036458333333333336
1 0.3098958333333333 0.25390625 0.036458333333333336 0.044270833333333336
1 0.3854166666666667 0.2513020833333333 0.033854166666666664 0.041666666666666664
1 0.4088541666666667 0.22526041666666666 0.033854166666666664 0.052083333333333336
1 0.4296875 0.3333333333333333 0.033854166666666664 0.0546875
1 0.4622395833333333 0.2903645833333333 0.044270833333333336 0.033854166666666664
1 0.5299479166666666 0.3828125 0.028645833333333332 0.044270833333333336
1 0.44921875 0.3645833333333333 0.036458333333333336 0.057291666666666664
1 0.5286458333333334 0.5924479166666666 0.046875 0.044270833333333336
1 0.6627604166666666 0.5065104166666666 0.041666666666666664 0.057291666666666664
1 0.6692708333333334 0.57421875 0.041666666666666664 0.044270833333333336
1 0.2955729166666667 0.6419270833333334 0.033854166666666664 0.049479166666666664
1 0.2604166666666667 0.48828125 0.03125 0.046875
1 0.4921875 0.4817708333333333 0.03125 0.041666666666666664
1 0.19661458333333334 0.30859375 0.0390625 0.036458333333333336
1 0.3098958333333333 0.38671875 0.036458333333333336 0.041666666666666664
1 0.3190104166666667 0.3619791666666667 0.044270833333333336 0.059895833333333336
1 0.4544270833333333 0.3932291666666667 0.0390625 0.036458333333333336
1 0.6080729166666666 0.2877604166666667 0.033854166666666664 0.052083333333333336
1 0.4440104166666667 0.2760416666666667 0.044270833333333336 0.036458333333333336
1 0.6197916666666666 0.4791666666666667 0.044270833333333336 0.044270833333333336
1 0.6510416666666666 0.5182291666666666 0.033854166666666664 0.0546875
1 0.64453125 0.5416666666666666 0.033854166666666664 0.028645833333333332
1 0.5768229166666666 0.7265625 0.044270833333333336 0.044270833333333336
1 0.22265625 0.4270833333333333 0.0546875 0.044270833333333336
1 0.5638020833333334 0.69921875 0.03125 0.046875
1 0.2747395833333333 0.6328125 0.041666666666666664 0.028645833333333332
1 0.359375 0.6067708333333334 0.041666666666666664 0.033854166666666664
1 0.6106770833333334 0.625 0.03125 0.052083333333333336
1 0.5546875 0.7135416666666666 0.026041666666666668 0.044270833333333336
1 0.2565104166666667 0.3776041666666667 0.041666666666666664 0.028645833333333332
1 0.4713541666666667 0.375 0.036458333333333336 0.03125