1 0.22395833333333334 0.3450520833333333 0.041666666666666664 0.0390625
1 0.65234375 0.24869791666666666 0.057291666666666664 0.033854166666666664
1 0.5416666666666666 0.28515625 0.057291666666666664 0.046875
1 0.5052083333333334 0.24088541666666666 0.057291666666666664 0.033854166666666664
1 0.4921875 0.31640625 0.044270833333333336 0.033854166666666664
1 0.3606770833333333 0.375 0.0546875 0.049479166666666664
1 0.6041666666666666 0.2721354166666667 0.059895833333333336 0.03125
1 0.20833333333333334 0.5338541666666666 0.044270833333333336 0.033854166666666664
1 0.2747395833333333 0.2825520833333333 0.041666666666666664 0.044270833333333336
1 0.3736979166666667 0.28515625 0.033854166666666664 0.041666666666666664
1 0.19401041666666666 0.62890625 0.057291666666666664 0.036458333333333336
1 0.4518229166666667 0.4231770833333333 0.046875 0.041666666666666664
1 0.4713541666666667 0.2565104166666667 0.052083333333333336 0.041666666666666664
1 0.3346354166666667 0.5052083333333334 0.03125 0.046875
1 0.2799479166666667 0.4401041666666667 0.0546875 0.044270833333333336
1 0.2994791666666667 0.3268229166666667 0.0390625 0.046875
1 0.65625 0.2786458333333333 0.06770833333333333 0.044270833333333336
1 0.6015625 0.2903645833333333 0.057291666666666664 0.03125
1 0.51171875 0.18229166666666666 0.0546875 0.041666666666666664
1 0.5950520833333334 0.22786458333333334 0.036458333333333336 0.036458333333333336
1 0.5364583333333334 0.21614583333333334 0.052083333333333336 0.049479166666666664
1 0.3177083333333333 0.7473958333333334 0.06510416666666667 0.0390625
1 0.29296875 0.7239583333333334 0.044270833333333336 0.041666666666666664
1 0.55859375 0.5989583333333334 0.052083333333333336 0.049479166666666664
1 0.4270833333333333 0.40234375 0.049479166666666664 0.03125
1 0.3294270833333333 0.2890625 0.0390625 0.044270833333333336
1 0.6809895833333334 0.22265625 0.0625 0.036458333333333336