1 0.6041666666666666 0.625 0.020833333333333332 0.010416666666666666
1 0.56640625 0.59375 0.018229166666666668 0.013020833333333334
1 0.51171875 0.6380208333333334 0.018229166666666668 0.015625
1 0.5690104166666666 0.5299479166666666 0.018229166666666668 0.010416666666666666
1 0.48828125 0.6471354166666666 0.010416666666666666 0.028645833333333332
1 0.5364583333333334 0.4544270833333333 0.018229166666666668 0.020833333333333332
1 0.5794270833333334 0.5130208333333334 0.015625 0.028645833333333332
1 0.5169270833333334 0.5494791666666666 0.013020833333333334 0.018229166666666668
1 0.4817708333333333 0.6901041666666666 0.013020833333333334 0.0234375
1 0.6015625 0.5286458333333334 0.020833333333333332 0.013020833333333334
1 0.6796875 0.6067708333333334 0.015625 0.026041666666666668
1 0.51171875 0.55859375 0.0234375 0.015625
1 0.5286458333333334 0.6510416666666666 0.010416666666666666 0.026041666666666668
1 0.56640625 0.63671875 0.015625 0.020833333333333332
1 0.6692708333333334 0.6002604166666666 0.015625 0.020833333333333332
1 0.6953125 0.5911458333333334 0.013020833333333334 0.026041666666666668
1 0.6627604166666666 0.5690104166666666 0.020833333333333332 0.015625
1 0.4895833333333333 0.66796875 0.0234375 0.013020833333333334
1 0.5325520833333334 0.6692708333333334 0.018229166666666668 0.010416666666666666
1 0.47265625 0.546875 0.018229166666666668 0.015625
1 0.4895833333333333 0.55078125 0.013020833333333334 0.020833333333333332
1 0.5572916666666666 0.5794270833333334 0.018229166666666668 0.018229166666666668
1 0.69140625 0.55078125 0.015625 0.0234375
1 0.5221354166666666 0.56640625 0.015625 0.020833333333333332
1 0.4713541666666667 0.44921875 0.018229166666666668 0.013020833333333334
1 0.4453125 0.3411458333333333 0.013020833333333334 0.026041666666666668
1 0.5208333333333334 0.6549479166666666 0.010416666666666666 0.03125
1 0.4986979166666667 0.5651041666666666 0.010416666666666666 0.018229166666666668
1 0.5546875 0.6223958333333334 0.018229166666666668 0.015625
1 0.6744791666666666 0.6119791666666666 0.010416666666666666 0.03125
1 0.5104166666666666 0.6588541666666666 0.010416666666666666 0.018229166666666668
1 0.6419270833333334 0.62890625 0.013020833333333334 0.026041666666666668
1 0.6041666666666666 0.5416666666666666 0.0078125 0.020833333333333332
1 0.44921875 0.62890625 0.018229166666666668 0.020833333333333332
1 0.39453125 0.3671875 0.018229166666666668 0.018229166666666668
1 0.6302083333333334 0.5221354166666666 0.015625 0.018229166666666668
1 0.484375 0.5572916666666666 0.015625 0.020833333333333332
1 0.5559895833333334 0.5104166666666666 0.013020833333333334 0.026041666666666668
1 0.5364583333333334 0.6393229166666666 0.018229166666666668 0.015625
1 0.6223958333333334 0.5013020833333334 0.018229166666666668 0.015625
1 0.4609375 0.6653645833333334 0.013020833333333334 0.026041666666666668
1 0.6901041666666666 0.5963541666666666 0.015625 0.03125
1 0.5390625 0.6549479166666666 0.015625 0.013020833333333334
1 0.59375 0.5377604166666666 0.018229166666666668 0.026041666666666668
1 0.65234375 0.6236979166666666 0.010416666666666666 0.028645833333333332
1 0.5 0.3802083333333333 0.015625 0.015625
1 0.5286458333333334 0.3268229166666667 0.018229166666666668 0.0234375
1 0.4856770833333333 0.4856770833333333 0.018229166666666668 0.0234375
1 0.6380208333333334 0.4947916666666667 0.015625 0.018229166666666668
1 0.5078125 0.60546875 0.020833333333333332 0.015625
1 0.5052083333333334 0.6236979166666666 0.0234375 0.015625
1 0.3919270833333333 0.5143229166666666 0.010416666666666666 0.0234375
1 0.59375 0.4752604166666667 0.020833333333333332 0.020833333333333332
1 0.5846354166666666 0.6328125 0.028645833333333332 0.013020833333333334
1 0.6692708333333334 0.5416666666666666 0.018229166666666668 0.020833333333333332
1 0.5 0.6614583333333334 0.015625 0.028645833333333332
1 0.51171875 0.6705729166666666 0.013020833333333334 0.0234375
1 0.6419270833333334 0.6106770833333334 0.013020833333333334 0.0234375
1 0.4661458333333333 0.5260416666666666 0.013020833333333334 0.0234375
1 0.4700520833333333 0.5572916666666666 0.018229166666666668 0.026041666666666668
1 0.5638020833333334 0.4700520833333333 0.020833333333333332 0.018229166666666668
1 0.5520833333333334 0.63671875 0.013020833333333334 0.026041666666666668
1 0.6328125 0.625 0.015625 0.026041666666666668
1 0.4817708333333333 0.5377604166666666 0.015625 0.018229166666666668
1 0.4973958333333333 0.5403645833333334 0.013020833333333334 0.03125
1 0.4752604166666667 0.6184895833333334 0.020833333333333332 0.015625