1 0.34765625 0.4309895833333333 0.07291666666666667 0.041666666666666664
1 0.3958333333333333 0.3424479166666667 0.046875 0.052083333333333336
1 0.4739583333333333 0.5091145833333334 0.0703125 0.052083333333333336
1 0.3854166666666667 0.56640625 0.036458333333333336 0.057291666666666664
1 0.7213541666666666 0.4518229166666667 0.057291666666666664 0.057291666666666664
1 0.1796875 0.50390625 0.059895833333333336 0.057291666666666664
1 0.7174479166666666 0.5872395833333334 0.07552083333333333 0.044270833333333336
1 0.5260416666666666 0.6171875 0.059895833333333336 0.049479166666666664
1 0.5677083333333334 0.578125 0.08333333333333333 0.0546875
1 0.59765625 0.4778645833333333 0.059895833333333336 0.036458333333333336
1 0.5520833333333334 0.3255208333333333 0.046875 0.0390625