1 0.67578125 0.2903645833333333 0.07291666666666667 0.03125
1 0.80859375 0.10546875 0.052083333333333336 0.0546875
1 0.5768229166666666 0.46875 0.06510416666666667 0.026041666666666668
1 0.61328125 0.3684895833333333 0.0703125 0.057291666666666664
1 0.6848958333333334 0.08854166666666667 0.08333333333333333 0.026041666666666668
1 0.2109375 0.8046875 0.06510416666666667 0.06510416666666667
1 0.078125 0.6184895833333334 0.052083333333333336 0.07291666666666667
1 0.62109375 0.4192708333333333 0.109375 0.036458333333333336
1 0.5299479166666666 0.3619791666666667 0.0390625 0.057291666666666664
1 0.5559895833333334 0.2916666666666667 0.059895833333333336 0.059895833333333336
1 0.2981770833333333 0.83203125 0.10416666666666667 0.0390625
1 0.34765625 0.5299479166666666 0.057291666666666664 0.06510416666666667
1 0.5078125 0.3919270833333333 0.09375 0.033854166666666664
1 0.6015625 0.3841145833333333 0.059895833333333336 0.057291666666666664
1 0.3645833333333333 0.65625 0.07291666666666667 0.046875
1 0.21223958333333334 0.8697916666666666 0.06770833333333333 0.0625
1 0.7513020833333334 0.23697916666666666 0.049479166666666664 0.057291666666666664
1 0.66796875 0.67578125 0.057291666666666664 0.057291666666666664
1 0.4283854166666667 0.6653645833333334 0.08333333333333333 0.052083333333333336
1 0.65234375 0.609375 0.0703125 0.046875