1 0.296875 0.6106770833333334 0.03125 0.046875
1 0.5885416666666666 0.4322916666666667 0.026041666666666668 0.046875
1 0.5390625 0.34765625 0.028645833333333332 0.028645833333333332
1 0.5 0.4075520833333333 0.0234375 0.0390625
1 0.4127604166666667 0.31640625 0.026041666666666668 0.044270833333333336
1 0.4596354166666667 0.5286458333333334 0.020833333333333332 0.020833333333333332
1 0.484375 0.5052083333333334 0.0234375 0.041666666666666664
1 0.43359375 0.4830729166666667 0.026041666666666668 0.0234375
1 0.28125 0.44140625 0.03125 0.03125
1 0.4713541666666667 0.53125 0.020833333333333332 0.0390625
1 0.5559895833333334 0.2994791666666667 0.03125 0.0390625
1 0.51171875 0.21875 0.026041666666666668 0.036458333333333336
1 0.48046875 0.2877604166666667 0.020833333333333332 0.041666666666666664
1 0.453125 0.5598958333333334 0.0234375 0.0234375
1 0.4557291666666667 0.5885416666666666 0.03125 0.03125
1 0.4127604166666667 0.4817708333333333 0.028645833333333332 0.033854166666666664
1 0.43359375 0.5234375 0.028645833333333332 0.036458333333333336
1 0.5208333333333334 0.4921875 0.026041666666666668 0.044270833333333336
1 0.4700520833333333 0.4739583333333333 0.026041666666666668 0.033854166666666664
1 0.38671875 0.4440104166666667 0.026041666666666668 0.0234375
1 0.5416666666666666 0.4166666666666667 0.026041666666666668 0.033854166666666664
1 0.4479166666666667 0.3020833333333333 0.026041666666666668 0.03125
1 0.4947916666666667 0.28125 0.028645833333333332 0.026041666666666668
1 0.4700520833333333 0.57421875 0.026041666666666668 0.028645833333333332
1 0.4036458333333333 0.6263020833333334 0.026041666666666668 0.044270833333333336
1 0.5078125 0.48828125 0.0234375 0.0390625
1 0.3919270833333333 0.5143229166666666 0.018229166666666668 0.0390625
1 0.5572916666666666 0.4986979166666667 0.028645833333333332 0.044270833333333336
1 0.5625 0.3684895833333333 0.0234375 0.0390625
1 0.4518229166666667 0.2825520833333333 0.020833333333333332 0.036458333333333336
1 0.4674479166666667 0.2838541666666667 0.026041666666666668 0.03125
1 0.4986979166666667 0.2669270833333333 0.026041666666666668 0.0234375
1 0.4361979166666667 0.5455729166666666 0.026041666666666668 0.0234375
1 0.4856770833333333 0.65625 0.03125 0.0546875
1 0.4609375 0.2421875 0.0234375 0.044270833333333336
1 0.46484375 0.2994791666666667 0.020833333333333332 0.03125
1 0.5026041666666666 0.5234375 0.026041666666666668 0.036458333333333336
1 0.43359375 0.5950520833333334 0.020833333333333332 0.041666666666666664
1 0.4231770833333333 0.5169270833333334 0.0234375 0.044270833333333336
1 0.5716145833333334 0.4205729166666667 0.026041666666666668 0.026041666666666668
1 0.54296875 0.3229166666666667 0.028645833333333332 0.036458333333333336
1 0.4921875 0.5338541666666666 0.026041666666666668 0.041666666666666664
1 0.4440104166666667 0.48046875 0.0234375 0.041666666666666664
1 0.45703125 0.5455729166666666 0.028645833333333332 0.026041666666666668