1 0.6744791666666666 0.4869791666666667 0.028645833333333332 0.0625
1 0.5846354166666666 0.3424479166666667 0.041666666666666664 0.0625
1 0.3177083333333333 0.3216145833333333 0.044270833333333336 0.0703125
1 0.4453125 0.7174479166666666 0.0390625 0.0625
1 0.6393229166666666 0.3828125 0.033854166666666664 0.044270833333333336
1 0.6041666666666666 0.5963541666666666 0.0390625 0.036458333333333336
1 0.5559895833333334 0.6901041666666666 0.028645833333333332 0.059895833333333336
1 0.375 0.5130208333333334 0.028645833333333332 0.046875
1 0.6106770833333334 0.73828125 0.03125 0.052083333333333336
1 0.46484375 0.22786458333333334 0.028645833333333332 0.044270833333333336
1 0.5130208333333334 0.3072916666666667 0.0234375 0.036458333333333336
1 0.4440104166666667 0.34765625 0.033854166666666664 0.044270833333333336
1 0.5078125 0.4361979166666667 0.03125 0.03125
1 0.4244791666666667 0.4934895833333333 0.03125 0.0390625
1 0.69140625 0.7200520833333334 0.044270833333333336 0.057291666666666664
1 0.6145833333333334 0.8098958333333334 0.033854166666666664 0.0625
1 0.40625 0.2955729166666667 0.03125 0.059895833333333336
1 0.3424479166666667 0.24739583333333334 0.046875 0.0625
1 0.6315104166666666 0.4036458333333333 0.03125 0.041666666666666664
1 0.7473958333333334 0.4947916666666667 0.03125 0.033854166666666664
1 0.5598958333333334 0.75390625 0.028645833333333332 0.059895833333333336
1 0.4986979166666667 0.5546875 0.028645833333333332 0.046875
1 0.5299479166666666 0.3307291666666667 0.028645833333333332 0.052083333333333336
1 0.5924479166666666 0.5052083333333334 0.028645833333333332 0.0625
1 0.4010416666666667 0.48046875 0.026041666666666668 0.052083333333333336
1 0.49609375 0.40625 0.041666666666666664 0.041666666666666664
1 0.5859375 0.7526041666666666 0.033854166666666664 0.0390625
1 0.66015625 0.6393229166666666 0.0390625 0.036458333333333336
1 0.6536458333333334 0.5169270833333334 0.026041666666666668 0.049479166666666664
1 0.5794270833333334 0.5533854166666666 0.03125 0.044270833333333336
1 0.3893229166666667 0.57421875 0.036458333333333336 0.036458333333333336
1 0.5950520833333334 0.7981770833333334 0.03125 0.059895833333333336
1 0.6302083333333334 0.7317708333333334 0.028645833333333332 0.057291666666666664
1 0.4479166666666667 0.47265625 0.028645833333333332 0.046875
1 0.4609375 0.3515625 0.0234375 0.049479166666666664
1 0.5794270833333334 0.2786458333333333 0.0390625 0.046875
1 0.6145833333333334 0.4856770833333333 0.033854166666666664 0.0625
1 0.5885416666666666 0.3958333333333333 0.036458333333333336 0.049479166666666664
1 0.7356770833333334 0.4544270833333333 0.036458333333333336 0.0390625
1 0.4322916666666667 0.5104166666666666 0.036458333333333336 0.041666666666666664
1 0.4947916666666667 0.03125 0.041666666666666664 0.041666666666666664
1 0.4661458333333333 0.28125 0.028645833333333332 0.041666666666666664
1 0.4544270833333333 0.3177083333333333 0.033854166666666664 0.046875
1 0.5390625 0.7526041666666666 0.033854166666666664 0.06510416666666667
1 0.4739583333333333 0.5104166666666666 0.036458333333333336 0.057291666666666664
1 0.5364583333333334 0.6809895833333334 0.0234375 0.033854166666666664
1 0.4739583333333333 0.3580729166666667 0.026041666666666668 0.044270833333333336
1 0.390625 0.5325520833333334 0.03125 0.049479166666666664
1 0.4934895833333333 0.66015625 0.0234375 0.044270833333333336
1 0.4622395833333333 0.6341145833333334 0.03125 0.03125
1 0.4283854166666667 0.7994791666666666 0.044270833333333336 0.052083333333333336
1 0.4361979166666667 0.6145833333333334 0.028645833333333332 0.049479166666666664
1 0.6197916666666666 0.5794270833333334 0.03125 0.03125
1 0.4361979166666667 0.3684895833333333 0.036458333333333336 0.036458333333333336
1 0.5338541666666666 0.4010416666666667 0.041666666666666664 0.046875
1 0.5755208333333334 0.5169270833333334 0.0234375 0.036458333333333336
1 0.4127604166666667 0.4440104166666667 0.0390625 0.046875
1 0.55078125 0.4505208333333333 0.028645833333333332 0.052083333333333336
1 0.5104166666666666 0.4622395833333333 0.0234375 0.046875
1 0.64453125 0.7200520833333334 0.033854166666666664 0.052083333333333336
1 0.5924479166666666 0.7122395833333334 0.033854166666666664 0.033854166666666664
1 0.5651041666666666 0.42578125 0.03125 0.0546875
1 0.4986979166666667 0.4869791666666667 0.03125 0.044270833333333336
1 0.4166666666666667 0.4661458333333333 0.033854166666666664 0.036458333333333336
1 0.578125 0.7877604166666666 0.020833333333333332 0.044270833333333336
1 0.47265625 0.4609375 0.03125 0.0390625
1 0.6549479166666666 0.5703125 0.028645833333333332 0.0546875
1 0.4908854166666667 0.2526041666666667 0.03125 0.0546875
1 0.46484375 0.6119791666666666 0.0390625 0.036458333333333336
1 0.6341145833333334 0.6197916666666666 0.03125 0.0625
1 0.5690104166666666 0.6223958333333334 0.026041666666666668 0.049479166666666664
1 0.4986979166666667 0.6315104166666666 0.026041666666666668 0.028645833333333332
1 0.546875 0.37109375 0.028645833333333332 0.052083333333333336
1 0.51953125 0.3385416666666667 0.028645833333333332 0.0390625
1 0.5989583333333334 0.4114583333333333 0.033854166666666664 0.041666666666666664
1 0.5559895833333334 0.5651041666666666 0.03125 0.03125
1 0.6354166666666666 0.55859375 0.03125 0.03125
1 0.5729166666666666 0.8684895833333334 0.046875 0.07291666666666667
1 0.3463541666666667 0.3854166666666667 0.036458333333333336 0.059895833333333336
1 0.3567708333333333 0.2942708333333333 0.0390625 0.046875
1 0.48046875 0.6588541666666666 0.028645833333333332 0.0546875
1 0.5143229166666666 0.5950520833333334 0.033854166666666664 0.044270833333333336
1 0.6145833333333334 0.6640625 0.0390625 0.044270833333333336
1 0.41015625 0.5572916666666666 0.0234375 0.0546875
1 0.5299479166666666 0.5390625 0.026041666666666668 0.046875
1 0.6380208333333334 0.6979166666666666 0.033854166666666664 0.041666666666666664
1 0.5442708333333334 0.5598958333333334 0.036458333333333336 0.0546875
1 0.5377604166666666 0.7096354166666666 0.03125 0.03125
1 0.56640625 0.7044270833333334 0.0234375 0.049479166666666664
1 0.4947916666666667 0.5963541666666666 0.033854166666666664 0.044270833333333336
1 0.4739583333333333 0.14583333333333334 0.041666666666666664 0.046875
1 0.4231770833333333 0.23567708333333334 0.0390625 0.044270833333333336
1 0.5299479166666666 0.8046875 0.036458333333333336 0.059895833333333336
1 0.7643229166666666 0.4361979166666667 0.036458333333333336 0.07552083333333333
1 0.4375 0.4427083333333333 0.028645833333333332 0.057291666666666664
1 0.6041666666666666 0.6861979166666666 0.026041666666666668 0.036458333333333336
1 0.546875 0.3333333333333333 0.0234375 0.059895833333333336
1 0.5104166666666666 0.5091145833333334 0.03125 0.041666666666666664
1 0.6302083333333334 0.5416666666666666 0.03125 0.03125
1 0.5807291666666666 0.453125 0.026041666666666668 0.052083333333333336
1 0.44921875 0.4049479166666667 0.026041666666666668 0.049479166666666664
1 0.5169270833333334 0.6666666666666666 0.036458333333333336 0.044270833333333336
1 0.5768229166666666 0.671875 0.036458333333333336 0.052083333333333336
1 0.55078125 0.4934895833333333 0.028645833333333332 0.0546875
1 0.5208333333333334 0.3697916666666667 0.036458333333333336 0.03125
1 0.5234375 0.46875 0.03125 0.036458333333333336
1 0.55859375 0.21875 0.046875 0.049479166666666664
1 0.3059895833333333 0.40234375 0.036458333333333336 0.046875
1 0.4244791666666667 0.296875 0.028645833333333332 0.059895833333333336
1 0.45703125 0.6783854166666666 0.026041666666666668 0.057291666666666664
1 0.4596354166666667 0.5768229166666666 0.041666666666666664 0.033854166666666664
1 0.4127604166666667 0.375 0.03125 0.036458333333333336
1 0.4986979166666667 0.34375 0.03125 0.0546875
1 0.4453125 0.27734375 0.026041666666666668 0.049479166666666664
1 0.63671875 0.49609375 0.033854166666666664 0.0625
1 0.46484375 0.4453125 0.033854166666666664 0.041666666666666664
1 0.6783854166666666 0.6354166666666666 0.036458333333333336 0.036458333333333336
1 0.4283854166666667 0.5768229166666666 0.03125 0.041666666666666664
1 0.4231770833333333 0.5403645833333334 0.03125 0.036458333333333336
1 0.4700520833333333 0.2513020833333333 0.03125 0.059895833333333336
1 0.5872395833333334 0.8125 0.033854166666666664 0.026041666666666668