0 0.8697916666666666 0.4244791666666667 0.24739583333333334 0.2682291666666667
1 0.01171875 0.66796875 0.0234375 0.0703125
1 0.3346354166666667 0.3216145833333333 0.07291666666666667 0.0859375
1 0.23307291666666666 0.4518229166666667 0.049479166666666664 0.11458333333333333
1 0.6145833333333334 0.3763020833333333 0.0625 0.09375
1 0.2591145833333333 0.5950520833333334 0.07291666666666667 0.0625
1 0.48828125 0.77734375 0.036458333333333336 0.10677083333333333
1 0.13802083333333334 0.4466145833333333 0.0703125 0.08072916666666667
1 0.5338541666666666 0.67578125 0.046875 0.09635416666666667
1 0.0859375 0.7083333333333334 0.09635416666666667 0.0546875
1 0.053385416666666664 0.8932291666666666 0.06770833333333333 0.08854166666666667