1 0.67578125 0.6497395833333334 0.08854166666666667 0.11197916666666667
1 0.2578125 0.59765625 0.08333333333333333 0.125
1 0.7083333333333334 0.3723958333333333 0.11197916666666667 0.078125
1 0.7369791666666666 0.2747395833333333 0.09895833333333333 0.10677083333333333
1 0.8046875 0.7760416666666666 0.078125 0.09635416666666667
1 0.2526041666666667 0.7994791666666666 0.09375 0.13541666666666666
1 0.7916666666666666 0.5625 0.09895833333333333 0.08333333333333333
1 0.14583333333333334 0.17447916666666666 0.08854166666666667 0.13802083333333334
1 0.6497395833333334 0.9010416666666666 0.11197916666666667 0.09114583333333333
1 0.4388020833333333 0.6940104166666666 0.09375 0.109375
1 0.3932291666666667 0.625 0.06510416666666667 0.12239583333333333
1 0.4609375 0.3033854166666667 0.09375 0.09114583333333333
1 0.77734375 0.51953125 0.09895833333333333 0.12760416666666666
1 0.91796875 0.5078125 0.1015625 0.08072916666666667
1 0.55078125 0.6627604166666666 0.06510416666666667 0.09895833333333333