1 0.50390625 0.421875 0.0234375 0.0546875
1 0.5299479166666666 0.3658854166666667 0.028645833333333332 0.036458333333333336
1 0.3502604166666667 0.6822916666666666 0.049479166666666664 0.07291666666666667
1 0.3463541666666667 0.63671875 0.041666666666666664 0.036458333333333336
1 0.484375 0.5 0.03125 0.059895833333333336
1 0.4778645833333333 0.4283854166666667 0.0390625 0.0390625
1 0.5234375 0.5286458333333334 0.036458333333333336 0.028645833333333332
1 0.6119791666666666 0.3880208333333333 0.052083333333333336 0.057291666666666664
1 0.3450520833333333 0.7447916666666666 0.057291666666666664 0.0390625
1 0.5169270833333334 0.4934895833333333 0.033854166666666664 0.046875
1 0.5091145833333334 0.3984375 0.03125 0.0859375
1 0.4440104166666667 0.4557291666666667 0.020833333333333332 0.06770833333333333
1 0.5260416666666666 0.4765625 0.03125 0.0234375
1 0.625 0.4765625 0.028645833333333332 0.0703125
1 0.4635416666666667 0.34375 0.018229166666666668 0.044270833333333336
1 0.3880208333333333 0.45703125 0.028645833333333332 0.0703125
1 0.5455729166666666 0.3893229166666667 0.036458333333333336 0.041666666666666664
1 0.4778645833333333 0.4075520833333333 0.041666666666666664 0.03125
1 0.4401041666666667 0.35546875 0.033854166666666664 0.044270833333333336
1 0.5221354166666666 0.4505208333333333 0.03125 0.036458333333333336
1 0.4583333333333333 0.5104166666666666 0.044270833333333336 0.0390625
1 0.4088541666666667 0.4544270833333333 0.026041666666666668 0.059895833333333336
1 0.4505208333333333 0.4192708333333333 0.03125 0.0625
1 0.5208333333333334 0.4088541666666667 0.018229166666666668 0.052083333333333336
1 0.55859375 0.43359375 0.036458333333333336 0.03125
1 0.6223958333333334 0.4153645833333333 0.0390625 0.028645833333333332
1 0.4973958333333333 0.4479166666666667 0.044270833333333336 0.06510416666666667
1 0.5078125 0.5338541666666666 0.033854166666666664 0.041666666666666664
1 0.4127604166666667 0.60546875 0.020833333333333332 0.052083333333333336
1 0.45703125 0.37890625 0.033854166666666664 0.03125
1 0.4244791666666667 0.4583333333333333 0.036458333333333336 0.06510416666666667
1 0.53125 0.24348958333333334 0.03125 0.057291666666666664
1 0.5755208333333334 0.4140625 0.03125 0.0234375
1 0.5651041666666666 0.3424479166666667 0.036458333333333336 0.028645833333333332
1 0.3828125 0.53125 0.028645833333333332 0.057291666666666664
1 0.6302083333333334 0.4375 0.046875 0.036458333333333336
1 0.6015625 0.4361979166666667 0.036458333333333336 0.041666666666666664
1 0.6119791666666666 0.4609375 0.041666666666666664 0.059895833333333336
1 0.5755208333333334 0.3932291666666667 0.0390625 0.0234375
1 0.5611979166666666 0.4765625 0.036458333333333336 0.044270833333333336
1 0.5442708333333334 0.4401041666666667 0.041666666666666664 0.07552083333333333
1 0.5130208333333334 0.3684895833333333 0.020833333333333332 0.0625
1 0.4934895833333333 0.5390625 0.049479166666666664 0.0546875
1 0.3984375 0.5403645833333334 0.026041666666666668 0.078125
1 0.5729166666666666 0.43359375 0.03125 0.033854166666666664
1 0.7317708333333334 0.4153645833333333 0.033854166666666664 0.1015625
1 0.4986979166666667 0.48828125 0.026041666666666668 0.057291666666666664
1 0.54296875 0.3528645833333333 0.03125 0.041666666666666664
1 0.5677083333333334 0.3684895833333333 0.036458333333333336 0.03125
1 0.3515625 0.6119791666666666 0.033854166666666664 0.0390625
1 0.4440104166666667 0.4973958333333333 0.041666666666666664 0.026041666666666668
1 0.46875 0.4609375 0.033854166666666664 0.0546875
1 0.5234375 0.3333333333333333 0.03125 0.052083333333333336
1 0.3671875 0.4505208333333333 0.028645833333333332 0.033854166666666664