1 0.2903645833333333 0.6848958333333334 0.0234375 0.036458333333333336
1 0.3684895833333333 0.44140625 0.018229166666666668 0.036458333333333336
1 0.2526041666666667 0.4739583333333333 0.020833333333333332 0.041666666666666664
1 0.4244791666666667 0.5611979166666666 0.028645833333333332 0.026041666666666668
1 0.3984375 0.6341145833333334 0.026041666666666668 0.020833333333333332
1 0.4049479166666667 0.7161458333333334 0.026041666666666668 0.028645833333333332
1 0.4635416666666667 0.6106770833333334 0.033854166666666664 0.041666666666666664
1 0.2760416666666667 0.6302083333333334 0.015625 0.036458333333333336
1 0.28515625 0.4739583333333333 0.03125 0.033854166666666664
1 0.23828125 0.4752604166666667 0.026041666666666668 0.044270833333333336
1 0.3802083333333333 0.7395833333333334 0.026041666666666668 0.03125
1 0.21354166666666666 0.5104166666666666 0.020833333333333332 0.03125
1 0.4401041666666667 0.6692708333333334 0.033854166666666664 0.026041666666666668
1 0.4192708333333333 0.7213541666666666 0.018229166666666668 0.028645833333333332
1 0.2578125 0.51953125 0.020833333333333332 0.018229166666666668
1 0.4075520833333333 0.7799479166666666 0.033854166666666664 0.020833333333333332
1 0.40234375 0.796875 0.026041666666666668 0.018229166666666668
1 0.3528645833333333 0.4322916666666667 0.033854166666666664 0.044270833333333336
1 0.43359375 0.484375 0.013020833333333334 0.0234375
1 0.3802083333333333 0.7682291666666666 0.03125 0.03125
1 0.37890625 0.77734375 0.026041666666666668 0.020833333333333332
1 0.4609375 0.5833333333333334 0.020833333333333332 0.018229166666666668
1 0.3919270833333333 0.5247395833333334 0.020833333333333332 0.046875
1 0.43359375 0.7643229166666666 0.0234375 0.033854166666666664
1 0.4635416666666667 0.79296875 0.03125 0.026041666666666668
1 0.3580729166666667 0.5455729166666666 0.0234375 0.0390625
1 0.4479166666666667 0.6940104166666666 0.028645833333333332 0.03125
1 0.3619791666666667 0.796875 0.036458333333333336 0.026041666666666668
1 0.4609375 0.46484375 0.028645833333333332 0.033854166666666664
1 0.265625 0.4713541666666667 0.0234375 0.0390625
1 0.4674479166666667 0.5130208333333334 0.028645833333333332 0.03125
1 0.3268229166666667 0.390625 0.033854166666666664 0.0234375
1 0.2942708333333333 0.65625 0.020833333333333332 0.028645833333333332
1 0.4921875 0.71484375 0.026041666666666668 0.033854166666666664
1 0.4583333333333333 0.6770833333333334 0.03125 0.028645833333333332
1 0.4114583333333333 0.56640625 0.03125 0.028645833333333332
1 0.453125 0.5559895833333334 0.03125 0.0234375
1 0.3580729166666667 0.6341145833333334 0.026041666666666668 0.015625
1 0.2760416666666667 0.58984375 0.026041666666666668 0.0390625
1 0.3932291666666667 0.40625 0.0234375 0.036458333333333336
1 0.3255208333333333 0.6341145833333334 0.03125 0.020833333333333332
1 0.46484375 0.3736979166666667 0.041666666666666664 0.036458333333333336
1 0.2604166666666667 0.6015625 0.028645833333333332 0.033854166666666664
1 0.4817708333333333 0.390625 0.028645833333333332 0.020833333333333332
1 0.5299479166666666 0.6497395833333334 0.0390625 0.03125
1 0.37109375 0.7825520833333334 0.03125 0.0234375
1 0.5364583333333334 0.421875 0.026041666666666668 0.028645833333333332
1 0.375 0.69140625 0.036458333333333336 0.033854166666666664
1 0.3463541666666667 0.5833333333333334 0.033854166666666664 0.036458333333333336
1 0.54296875 0.6236979166666666 0.03125 0.0390625
1 0.546875 0.5208333333333334 0.026041666666666668 0.046875
1 0.3763020833333333 0.71484375 0.03125 0.0234375
1 0.3997395833333333 0.7434895833333334 0.033854166666666664 0.026041666666666668
1 0.4231770833333333 0.4778645833333333 0.020833333333333332 0.028645833333333332
1 0.4322916666666667 0.62890625 0.026041666666666668 0.0234375
1 0.33984375 0.55078125 0.026041666666666668 0.036458333333333336
1 0.55078125 0.5286458333333334 0.0234375 0.036458333333333336
1 0.4205729166666667 0.4322916666666667 0.026041666666666668 0.033854166666666664
1 0.4401041666666667 0.33203125 0.03125 0.046875
1 0.46875 0.6393229166666666 0.028645833333333332 0.03125
1 0.33203125 0.609375 0.036458333333333336 0.033854166666666664
1 0.3072916666666667 0.6171875 0.018229166666666668 0.0390625
1 0.3619791666666667 0.5026041666666666 0.0234375 0.041666666666666664
1 0.2747395833333333 0.55859375 0.028645833333333332 0.0390625
1 0.3854166666666667 0.4427083333333333 0.028645833333333332 0.020833333333333332
1 0.5234375 0.57421875 0.0234375 0.026041666666666668
1 0.5716145833333334 0.44140625 0.036458333333333336 0.028645833333333332
1 0.21744791666666666 0.4765625 0.028645833333333332 0.03125
1 0.4153645833333333 0.61328125 0.0234375 0.015625
1 0.5026041666666666 0.7096354166666666 0.03125 0.044270833333333336
1 0.2942708333333333 0.54296875 0.0234375 0.033854166666666664
1 0.25390625 0.6458333333333334 0.0390625 0.033854166666666664
1 0.4973958333333333 0.5559895833333334 0.033854166666666664 0.033854166666666664
1 0.2838541666666667 0.5286458333333334 0.020833333333333332 0.033854166666666664
1 0.5729166666666666 0.5078125 0.033854166666666664 0.033854166666666664
1 0.4440104166666667 0.7838541666666666 0.020833333333333332 0.041666666666666664
1 0.4166666666666667 0.37890625 0.028645833333333332 0.015625
1 0.3385416666666667 0.4401041666666667 0.018229166666666668 0.036458333333333336
1 0.4388020833333333 0.546875 0.0234375 0.028645833333333332
1 0.3606770833333333 0.6028645833333334 0.028645833333333332 0.03125
1 0.4544270833333333 0.3893229166666667 0.03125 0.026041666666666668
1 0.5364583333333334 0.6119791666666666 0.028645833333333332 0.028645833333333332
1 0.4934895833333333 0.5729166666666666 0.03125 0.0234375
1 0.51953125 0.5520833333333334 0.026041666666666668 0.0234375
1 0.2877604166666667 0.5716145833333334 0.015625 0.028645833333333332
1 0.4791666666666667 0.70703125 0.013020833333333334 0.03125
1 0.4270833333333333 0.3971354166666667 0.03125 0.028645833333333332
1 0.3333333333333333 0.4895833333333333 0.020833333333333332 0.033854166666666664
1 0.4114583333333333 0.51171875 0.028645833333333332 0.03125
1 0.2578125 0.53515625 0.020833333333333332 0.028645833333333332
1 0.37890625 0.61328125 0.028645833333333332 0.026041666666666668
1 0.390625 0.7552083333333334 0.028645833333333332 0.03125
1 0.2877604166666667 0.4505208333333333 0.0234375 0.041666666666666664
1 0.5572916666666666 0.4544270833333333 0.0234375 0.020833333333333332
1 0.2265625 0.5299479166666666 0.026041666666666668 0.028645833333333332
1 0.5690104166666666 0.5377604166666666 0.020833333333333332 0.033854166666666664
1 0.3307291666666667 0.5950520833333334 0.0234375 0.033854166666666664
1 0.22265625 0.69921875 0.036458333333333336 0.028645833333333332
1 0.3307291666666667 0.4192708333333333 0.0234375 0.0390625
1 0.3684895833333333 0.4778645833333333 0.020833333333333332 0.033854166666666664
1 0.4231770833333333 0.8098958333333334 0.0234375 0.0390625
1 0.4114583333333333 0.4856770833333333 0.03125 0.036458333333333336
1 0.3450520833333333 0.7200520833333334 0.041666666666666664 0.033854166666666664
1 0.3645833333333333 0.65234375 0.028645833333333332 0.03125
1 0.2747395833333333 0.5221354166666666 0.020833333333333332 0.0234375
1 0.4505208333333333 0.58984375 0.0234375 0.015625
1 0.3528645833333333 0.62109375 0.020833333333333332 0.028645833333333332
1 0.5208333333333334 0.69140625 0.028645833333333332 0.018229166666666668
1 0.2630208333333333 0.58984375 0.020833333333333332 0.026041666666666668