1 0.3854166666666667 0.36328125 0.028645833333333332 0.036458333333333336
1 0.4557291666666667 0.33203125 0.020833333333333332 0.052083333333333336
1 0.35546875 0.3932291666666667 0.044270833333333336 0.020833333333333332
1 0.5260416666666666 0.5807291666666666 0.0234375 0.046875
1 0.3723958333333333 0.6627604166666666 0.0390625 0.03125
1 0.4934895833333333 0.66015625 0.013020833333333334 0.044270833333333336
1 0.43359375 0.3971354166666667 0.020833333333333332 0.049479166666666664
1 0.46484375 0.46875 0.020833333333333332 0.049479166666666664
1 0.3111979166666667 0.3502604166666667 0.026041666666666668 0.0234375
1 0.6341145833333334 0.4583333333333333 0.026041666666666668 0.052083333333333336
1 0.5729166666666666 0.40234375 0.020833333333333332 0.052083333333333336
1 0.3502604166666667 0.4505208333333333 0.036458333333333336 0.028645833333333332
1 0.4322916666666667 0.3463541666666667 0.0234375 0.059895833333333336
1 0.5247395833333334 0.3815104166666667 0.013020833333333334 0.041666666666666664
1 0.4088541666666667 0.6419270833333334 0.036458333333333336 0.041666666666666664
1 0.3893229166666667 0.4856770833333333 0.0390625 0.018229166666666668
1 0.4908854166666667 0.4635416666666667 0.033854166666666664 0.03125
1 0.6263020833333334 0.4283854166666667 0.020833333333333332 0.057291666666666664
1 0.3697916666666667 0.7018229166666666 0.018229166666666668 0.049479166666666664
1 0.3763020833333333 0.4635416666666667 0.033854166666666664 0.046875
1 0.3177083333333333 0.38671875 0.026041666666666668 0.046875
1 0.3776041666666667 0.34375 0.018229166666666668 0.041666666666666664
1 0.42578125 0.4544270833333333 0.03125 0.033854166666666664
1 0.421875 0.5026041666666666 0.026041666666666668 0.036458333333333336
1 0.3515625 0.4192708333333333 0.036458333333333336 0.03125
1 0.359375 0.6393229166666666 0.033854166666666664 0.0234375
1 0.3268229166666667 0.6471354166666666 0.028645833333333332 0.033854166666666664
1 0.4231770833333333 0.2955729166666667 0.020833333333333332 0.036458333333333336
1 0.54296875 0.4153645833333333 0.020833333333333332 0.057291666666666664
1 0.5677083333333334 0.3385416666666667 0.020833333333333332 0.046875
1 0.3411458333333333 0.6575520833333334 0.028645833333333332 0.0390625
1 0.4036458333333333 0.3190104166666667 0.015625 0.0546875
1 0.4166666666666667 0.3190104166666667 0.018229166666666668 0.0390625
1 0.43359375 0.7122395833333334 0.0234375 0.0546875
1 0.5325520833333334 0.5442708333333334 0.041666666666666664 0.0390625
1 0.5065104166666666 0.6510416666666666 0.015625 0.052083333333333336
1 0.5794270833333334 0.4479166666666667 0.044270833333333336 0.03125
1 0.5299479166666666 0.5052083333333334 0.020833333333333332 0.049479166666666664
1 0.3919270833333333 0.5234375 0.0234375 0.046875
1 0.390625 0.4075520833333333 0.0390625 0.020833333333333332
1 0.5169270833333334 0.6041666666666666 0.0234375 0.052083333333333336
1 0.6549479166666666 0.4296875 0.03125 0.033854166666666664
1 0.24739583333333334 0.53515625 0.026041666666666668 0.044270833333333336
1 0.4596354166666667 0.5703125 0.041666666666666664 0.03125
1 0.5078125 0.4088541666666667 0.0390625 0.026041666666666668
1 0.4479166666666667 0.3489583333333333 0.015625 0.046875
1 0.41015625 0.3671875 0.03125 0.041666666666666664
1 0.3072916666666667 0.3997395833333333 0.03125 0.052083333333333336
1 0.4270833333333333 0.4075520833333333 0.03125 0.0234375
1 0.5364583333333334 0.3489583333333333 0.0234375 0.049479166666666664
1 0.35546875 0.34765625 0.026041666666666668 0.046875
1 0.4348958333333333 0.6041666666666666 0.0390625 0.020833333333333332
1 0.3151041666666667 0.5911458333333334 0.0546875 0.0234375
1 0.3372395833333333 0.6184895833333334 0.044270833333333336 0.026041666666666668
1 0.4700520833333333 0.4309895833333333 0.033854166666666664 0.033854166666666664
1 0.3033854166666667 0.62109375 0.046875 0.028645833333333332
1 0.41796875 0.62109375 0.0390625 0.0390625
1 0.47265625 0.6549479166666666 0.0234375 0.036458333333333336
1 0.3919270833333333 0.6171875 0.020833333333333332 0.046875
1 0.4440104166666667 0.4596354166666667 0.018229166666666668 0.0546875
1 0.5338541666666666 0.3138020833333333 0.020833333333333332 0.041666666666666664
1 0.48046875 0.52734375 0.020833333333333332 0.049479166666666664
1 0.2864583333333333 0.3658854166666667 0.015625 0.0390625
1 0.3424479166666667 0.5625 0.03125 0.0234375
1 0.4635416666666667 0.609375 0.018229166666666668 0.057291666666666664
1 0.3997395833333333 0.453125 0.0390625 0.046875
1 0.5026041666666666 0.3723958333333333 0.026041666666666668 0.046875
1 0.43359375 0.6953125 0.0390625 0.041666666666666664
1 0.6692708333333334 0.4518229166666667 0.041666666666666664 0.028645833333333332
1 0.6106770833333334 0.4453125 0.018229166666666668 0.059895833333333336
1 0.3528645833333333 0.5963541666666666 0.03125 0.0390625
1 0.5403645833333334 0.6276041666666666 0.026041666666666668 0.033854166666666664
1 0.4895833333333333 0.390625 0.036458333333333336 0.0390625
1 0.5104166666666666 0.3125 0.026041666666666668 0.049479166666666664
1 0.421875 0.5533854166666666 0.041666666666666664 0.026041666666666668
1 0.515625 0.4778645833333333 0.0234375 0.052083333333333336
1 0.4375 0.5221354166666666 0.020833333333333332 0.0546875
1 0.5963541666666666 0.41796875 0.036458333333333336 0.03125
1 0.4153645833333333 0.5833333333333334 0.0234375 0.036458333333333336
1 0.484375 0.58984375 0.018229166666666668 0.0625
1 0.3932291666666667 0.734375 0.0234375 0.049479166666666664
1 0.4544270833333333 0.55078125 0.033854166666666664 0.041666666666666664