1 0.4973958333333333 0.5390625 0.07552083333333333 0.052083333333333336
1 0.4583333333333333 0.5182291666666666 0.033854166666666664 0.07552083333333333
1 0.24869791666666666 0.5559895833333334 0.078125 0.046875
1 0.2682291666666667 0.3450520833333333 0.07291666666666667 0.06770833333333333
1 0.6015625 0.4309895833333333 0.059895833333333336 0.057291666666666664
1 0.17057291666666666 0.3658854166666667 0.06770833333333333 0.052083333333333336
1 0.46484375 0.2903645833333333 0.033854166666666664 0.10677083333333333
1 0.8802083333333334 0.29296875 0.07552083333333333 0.08854166666666667
1 0.4596354166666667 0.4505208333333333 0.0546875 0.059895833333333336
1 0.5143229166666666 0.4830729166666667 0.08333333333333333 0.059895833333333336
1 0.4440104166666667 0.5885416666666666 0.0390625 0.046875
1 0.5364583333333334 0.43359375 0.078125 0.052083333333333336
1 0.6184895833333334 0.3763020833333333 0.06510416666666667 0.03125
1 0.2669270833333333 0.4375 0.08333333333333333 0.06770833333333333
1 0.4205729166666667 0.4908854166666667 0.078125 0.0625
1 0.5989583333333334 0.61328125 0.078125 0.07291666666666667
1 0.6341145833333334 0.5768229166666666 0.046875 0.0703125
1 0.6510416666666666 0.2942708333333333 0.03125 0.08333333333333333
1 0.6263020833333334 0.3059895833333333 0.03125 0.08854166666666667
1 0.3020833333333333 0.46484375 0.08072916666666667 0.044270833333333336
1 0.3567708333333333 0.4479166666666667 0.09114583333333333 0.052083333333333336
1 0.37109375 0.5729166666666666 0.057291666666666664 0.08854166666666667
1 0.55078125 0.4869791666666667 0.06510416666666667 0.046875
1 0.3802083333333333 0.6614583333333334 0.06770833333333333 0.08854166666666667
1 0.171875 0.2799479166666667 0.033854166666666664 0.09114583333333333
1 0.6067708333333334 0.10546875 0.059895833333333336 0.057291666666666664
1 0.6627604166666666 0.1640625 0.06510416666666667 0.041666666666666664
1 0.9609375 0.3255208333333333 0.0625 0.057291666666666664
1 0.3059895833333333 0.30859375 0.08072916666666667 0.057291666666666664
1 0.3919270833333333 0.375 0.078125 0.07552083333333333
1 0.31640625 0.3684895833333333 0.049479166666666664 0.0703125
1 0.5794270833333334 0.546875 0.044270833333333336 0.0859375
1 0.15234375 0.4049479166666667 0.07291666666666667 0.044270833333333336
1 0.2994791666666667 0.5247395833333334 0.08854166666666667 0.0625
1 0.5338541666666666 0.5885416666666666 0.057291666666666664 0.08333333333333333
1 0.6861979166666666 0.4322916666666667 0.078125 0.06510416666666667
1 0.38671875 0.3203125 0.0625 0.044270833333333336
1 0.5989583333333334 0.4869791666666667 0.0546875 0.049479166666666664
1 0.61328125 0.5481770833333334 0.046875 0.06510416666666667
1 0.4856770833333333 0.6263020833333334 0.09375 0.046875
1 0.18359375 0.4348958333333333 0.0703125 0.049479166666666664
1 0.625 0.13020833333333334 0.046875 0.059895833333333336
1 0.6796875 0.515625 0.09114583333333333 0.049479166666666664
1 0.23958333333333334 0.3932291666666667 0.08333333333333333 0.044270833333333336
1 0.625 0.4309895833333333 0.057291666666666664 0.059895833333333336