1 0.5703125 0.6966145833333334 0.0390625 0.028645833333333332
1 0.5078125 0.6809895833333334 0.0234375 0.036458333333333336
1 0.4440104166666667 0.6614583333333334 0.03125 0.036458333333333336
1 0.4752604166666667 0.5338541666666666 0.033854166666666664 0.036458333333333336
1 0.41015625 0.5872395833333334 0.0234375 0.057291666666666664
1 0.5234375 0.6419270833333334 0.026041666666666668 0.041666666666666664
1 0.4947916666666667 0.6393229166666666 0.036458333333333336 0.03125
1 0.4283854166666667 0.6119791666666666 0.03125 0.057291666666666664
1 0.53125 0.7278645833333334 0.03125 0.052083333333333336
1 0.58984375 0.68359375 0.0234375 0.0390625
1 0.51953125 0.58984375 0.036458333333333336 0.033854166666666664
1 0.5104166666666666 0.5638020833333334 0.049479166666666664 0.018229166666666668
1 0.4166666666666667 0.4166666666666667 0.020833333333333332 0.033854166666666664
1 0.4674479166666667 0.6588541666666666 0.013020833333333334 0.033854166666666664
1 0.4557291666666667 0.5716145833333334 0.0234375 0.06770833333333333
1 0.4661458333333333 0.6861979166666666 0.03125 0.046875
1 0.4518229166666667 0.4635416666666667 0.041666666666666664 0.046875
1 0.3684895833333333 0.5559895833333334 0.03125 0.036458333333333336
1 0.45703125 0.49609375 0.026041666666666668 0.028645833333333332
1 0.4375 0.4661458333333333 0.036458333333333336 0.041666666666666664
1 0.3932291666666667 0.45703125 0.044270833333333336 0.036458333333333336
1 0.4427083333333333 0.5546875 0.028645833333333332 0.036458333333333336
1 0.58984375 0.6380208333333334 0.0234375 0.07552083333333333
1 0.390625 0.6380208333333334 0.06770833333333333 0.052083333333333336
1 0.3971354166666667 0.5494791666666666 0.010416666666666666 0.036458333333333336
1 0.5182291666666666 0.6796875 0.0234375 0.0390625
1 0.51953125 0.4518229166666667 0.03125 0.0546875
1 0.40234375 0.4947916666666667 0.015625 0.057291666666666664
1 0.4244791666666667 0.5104166666666666 0.03125 0.046875
1 0.3567708333333333 0.4908854166666667 0.041666666666666664 0.044270833333333336
1 0.4466145833333333 0.4166666666666667 0.03125 0.0625
1 0.3802083333333333 0.5546875 0.026041666666666668 0.049479166666666664
1 0.5494791666666666 0.7734375 0.036458333333333336 0.057291666666666664
1 0.5729166666666666 0.7200520833333334 0.026041666666666668 0.033854166666666664
1 0.4934895833333333 0.70703125 0.028645833333333332 0.07552083333333333
1 0.4856770833333333 0.4348958333333333 0.033854166666666664 0.03125
1 0.4505208333333333 0.4309895833333333 0.036458333333333336 0.020833333333333332
1 0.6041666666666666 0.5364583333333334 0.033854166666666664 0.018229166666666668
1 0.5611979166666666 0.6497395833333334 0.044270833333333336 0.0390625
1 0.3528645833333333 0.5143229166666666 0.026041666666666668 0.046875
1 0.3658854166666667 0.515625 0.041666666666666664 0.052083333333333336
1 0.4895833333333333 0.6158854166666666 0.026041666666666668 0.028645833333333332
1 0.4830729166666667 0.5143229166666666 0.03125 0.036458333333333336
1 0.4244791666666667 0.4440104166666667 0.026041666666666668 0.057291666666666664
1 0.5286458333333334 0.6666666666666666 0.03125 0.052083333333333336
1 0.6184895833333334 0.6223958333333334 0.033854166666666664 0.0625
1 0.4609375 0.39453125 0.033854166666666664 0.033854166666666664
1 0.5455729166666666 0.48046875 0.028645833333333332 0.036458333333333336
1 0.40625 0.5442708333333334 0.015625 0.036458333333333336
1 0.37890625 0.6015625 0.044270833333333336 0.033854166666666664