1 0.5794270833333334 0.6705729166666666 0.041666666666666664 0.03125
1 0.33203125 0.4205729166666667 0.041666666666666664 0.015625
1 0.3736979166666667 0.4427083333333333 0.0234375 0.028645833333333332
1 0.4088541666666667 0.4518229166666667 0.044270833333333336 0.0234375
1 0.4518229166666667 0.5520833333333334 0.033854166666666664 0.026041666666666668
1 0.4309895833333333 0.5755208333333334 0.026041666666666668 0.028645833333333332
1 0.4817708333333333 0.6263020833333334 0.036458333333333336 0.028645833333333332
1 0.3307291666666667 0.5052083333333334 0.0390625 0.018229166666666668
1 0.3489583333333333 0.4453125 0.036458333333333336 0.0234375
1 0.3138020833333333 0.43359375 0.026041666666666668 0.0234375
1 0.4270833333333333 0.5026041666666666 0.03125 0.020833333333333332
1 0.30078125 0.5299479166666666 0.041666666666666664 0.018229166666666668
1 0.4036458333333333 0.5690104166666666 0.018229166666666668 0.028645833333333332
1 0.36328125 0.5481770833333334 0.03125 0.033854166666666664
1 0.3984375 0.36328125 0.0390625 0.0390625
1 0.5481770833333334 0.6302083333333334 0.028645833333333332 0.026041666666666668
1 0.3385416666666667 0.4934895833333333 0.036458333333333336 0.020833333333333332
1 0.3815104166666667 0.56640625 0.036458333333333336 0.028645833333333332
1 0.3098958333333333 0.5078125 0.028645833333333332 0.0390625
1 0.5677083333333334 0.609375 0.046875 0.028645833333333332
1 0.4153645833333333 0.58203125 0.0390625 0.046875
1 0.4140625 0.55078125 0.028645833333333332 0.03125
1 0.38671875 0.4869791666666667 0.044270833333333336 0.028645833333333332
1 0.6067708333333334 0.73046875 0.0546875 0.026041666666666668
1 0.5638020833333334 0.6640625 0.028645833333333332 0.026041666666666668
1 0.2877604166666667 0.4713541666666667 0.0390625 0.03125
1 0.5091145833333334 0.6705729166666666 0.046875 0.028645833333333332
1 0.4583333333333333 0.5833333333333334 0.041666666666666664 0.018229166666666668
1 0.48046875 0.640625 0.036458333333333336 0.0234375
1 0.3385416666666667 0.5520833333333334 0.028645833333333332 0.028645833333333332
1 0.3815104166666667 0.5130208333333334 0.0234375 0.028645833333333332
1 0.34375 0.5169270833333334 0.046875 0.0234375
1 0.5065104166666666 0.6328125 0.03125 0.03125
1 0.3229166666666667 0.3776041666666667 0.0390625 0.028645833333333332
1 0.2799479166666667 0.2669270833333333 0.03125 0.028645833333333332
1 0.5286458333333334 0.5807291666666666 0.052083333333333336 0.036458333333333336
1 0.4453125 0.6341145833333334 0.03125 0.03125
1 0.45703125 0.6184895833333334 0.036458333333333336 0.026041666666666668
1 0.41796875 0.6197916666666666 0.028645833333333332 0.03125
1 0.4596354166666667 0.6067708333333334 0.0390625 0.018229166666666668
1 0.4036458333333333 0.6158854166666666 0.033854166666666664 0.026041666666666668
1 0.3619791666666667 0.49609375 0.033854166666666664 0.018229166666666668
1 0.4622395833333333 0.5403645833333334 0.044270833333333336 0.0234375
1 0.4375 0.5065104166666666 0.044270833333333336 0.041666666666666664
1 0.3450520833333333 0.4283854166666667 0.046875 0.026041666666666668
1 0.3880208333333333 0.4752604166666667 0.036458333333333336 0.0234375
1 0.46875 0.5703125 0.0390625 0.018229166666666668
1 0.37109375 0.5169270833333334 0.026041666666666668 0.028645833333333332
1 0.4010416666666667 0.51171875 0.049479166666666664 0.0234375
1 0.4153645833333333 0.6080729166666666 0.0390625 0.03125