1 0.5963541666666666 0.734375 0.06510416666666667 0.0703125
1 0.7981770833333334 0.3463541666666667 0.044270833333333336 0.09635416666666667
1 0.4973958333333333 0.07682291666666667 0.057291666666666664 0.09895833333333333
1 0.3294270833333333 0.8072916666666666 0.049479166666666664 0.057291666666666664
1 0.64453125 0.2942708333333333 0.0859375 0.0703125
1 0.72265625 0.75390625 0.0703125 0.057291666666666664
1 0.6796875 0.3658854166666667 0.078125 0.049479166666666664
1 0.43359375 0.11588541666666667 0.044270833333333336 0.1015625
1 0.7174479166666666 0.6067708333333334 0.049479166666666664 0.0859375
1 0.6614583333333334 0.90625 0.06510416666666667 0.041666666666666664
1 0.24609375 0.73828125 0.0625 0.0625
1 0.3346354166666667 0.609375 0.0390625 0.08333333333333333
1 0.23567708333333334 0.8645833333333334 0.041666666666666664 0.078125
1 0.16666666666666666 0.3893229166666667 0.0625 0.046875
1 0.39453125 0.5677083333333334 0.059895833333333336 0.059895833333333336
1 0.546875 0.24869791666666666 0.07291666666666667 0.0546875
1 0.71875 0.6940104166666666 0.0703125 0.08333333333333333
1 0.3567708333333333 0.3828125 0.07291666666666667 0.049479166666666664
1 0.5716145833333334 0.5260416666666666 0.0546875 0.09114583333333333
1 0.3606770833333333 0.8111979166666666 0.044270833333333336 0.078125
1 0.8307291666666666 0.72265625 0.057291666666666664 0.09635416666666667
1 0.16927083333333334 0.78515625 0.0625 0.044270833333333336
1 0.75390625 0.2747395833333333 0.078125 0.0703125
1 0.2578125 0.4036458333333333 0.044270833333333336 0.0703125
1 0.41796875 0.19270833333333334 0.0625 0.078125
1 0.4427083333333333 0.03515625 0.07291666666666667 0.049479166666666664
1 0.7786458333333334 0.9205729166666666 0.059895833333333336 0.06510416666666667
1 0.6848958333333334 0.4348958333333333 0.09375 0.07291666666666667
1 0.7734375 0.7526041666666666 0.059895833333333336 0.0859375
1 0.7473958333333334 0.7916666666666666 0.078125 0.0625
1 0.30078125 0.5846354166666666 0.036458333333333336 0.07291666666666667
1 0.17317708333333334 0.7513020833333334 0.0546875 0.0546875
1 0.3255208333333333 0.8450520833333334 0.044270833333333336 0.07291666666666667
1 0.18880208333333334 0.4895833333333333 0.057291666666666664 0.036458333333333336
1 0.5247395833333334 0.14713541666666666 0.06510416666666667 0.057291666666666664
1 0.3971354166666667 0.8880208333333334 0.0546875 0.07291666666666667
1 0.3919270833333333 0.0703125 0.0625 0.03125
1 0.3229166666666667 0.07161458333333333 0.0546875 0.041666666666666664
1 0.4153645833333333 0.578125 0.052083333333333336 0.06510416666666667
1 0.5572916666666666 0.5911458333333334 0.049479166666666664 0.09895833333333333
1 0.4322916666666667 0.7838541666666666 0.0546875 0.07552083333333333
1 0.66796875 0.7252604166666666 0.0703125 0.0703125
1 0.2630208333333333 0.8658854166666666 0.033854166666666664 0.06770833333333333
1 0.5182291666666666 0.59375 0.052083333333333336 0.09375
1 0.55078125 0.3658854166666667 0.07291666666666667 0.06510416666666667
1 0.2604166666666667 0.8190104166666666 0.059895833333333336 0.07552083333333333
1 0.19010416666666666 0.41796875 0.06510416666666667 0.057291666666666664
1 0.7734375 0.3971354166666667 0.07552083333333333 0.08333333333333333
1 0.6783854166666666 0.609375 0.052083333333333336 0.052083333333333336
1 0.5846354166666666 0.4127604166666667 0.0703125 0.07552083333333333
1 0.5481770833333334 0.7447916666666666 0.046875 0.0859375
1 0.4700520833333333 0.19921875 0.06770833333333333 0.052083333333333336
1 0.7265625 0.3255208333333333 0.0546875 0.09635416666666667
1 0.6666666666666666 0.5520833333333334 0.0703125 0.052083333333333336
1 0.4713541666666667 0.4856770833333333 0.07291666666666667 0.07291666666666667
1 0.7239583333333334 0.8138020833333334 0.08072916666666667 0.057291666666666664
1 0.75 0.4296875 0.06510416666666667 0.1015625
1 0.2981770833333333 0.6536458333333334 0.049479166666666664 0.06770833333333333
1 0.7760416666666666 0.6263020833333334 0.057291666666666664 0.08854166666666667
1 0.2760416666666667 0.4518229166666667 0.0625 0.08072916666666667
1 0.4674479166666667 0.3958333333333333 0.06510416666666667 0.08854166666666667
1 0.3229166666666667 0.6510416666666666 0.049479166666666664 0.06770833333333333
1 0.24479166666666666 0.5299479166666666 0.06510416666666667 0.06770833333333333
1 0.66015625 0.3307291666666667 0.08072916666666667 0.049479166666666664
1 0.5130208333333334 0.38671875 0.046875 0.09375
1 0.6080729166666666 0.21223958333333334 0.057291666666666664 0.044270833333333336
1 0.4700520833333333 0.13151041666666666 0.06770833333333333 0.09895833333333333