1 0.6888020833333334 0.5 0.03125 0.057291666666666664
1 0.4765625 0.3151041666666667 0.041666666666666664 0.033854166666666664
1 0.3763020833333333 0.2760416666666667 0.044270833333333336 0.044270833333333336
1 0.41796875 0.3203125 0.026041666666666668 0.049479166666666664
1 0.4036458333333333 0.24869791666666666 0.049479166666666664 0.0390625
1 0.4700520833333333 0.28515625 0.0390625 0.0234375
1 0.359375 0.6536458333333334 0.046875 0.0703125
1 0.65234375 0.44140625 0.07552083333333333 0.046875
1 0.41796875 0.2734375 0.0390625 0.028645833333333332
1 0.7018229166666666 0.5169270833333334 0.041666666666666664 0.052083333333333336
1 0.2981770833333333 0.4153645833333333 0.044270833333333336 0.028645833333333332
1 0.453125 0.2682291666666667 0.041666666666666664 0.03125
1 0.5924479166666666 0.6171875 0.033854166666666664 0.057291666666666664
1 0.44921875 0.3372395833333333 0.044270833333333336 0.046875
1 0.6875 0.3203125 0.046875 0.0390625
1 0.9544270833333334 0.2981770833333333 0.046875 0.0625
1 0.10546875 0.5364583333333334 0.033854166666666664 0.052083333333333336
1 0.5104166666666666 0.3502604166666667 0.044270833333333336 0.044270833333333336