1 0.6041666666666666 0.4088541666666667 0.028645833333333332 0.0234375
1 0.5989583333333334 0.37109375 0.036458333333333336 0.041666666666666664
1 0.3333333333333333 0.6614583333333334 0.03125 0.049479166666666664
1 0.4153645833333333 0.7057291666666666 0.028645833333333332 0.049479166666666664
1 0.5286458333333334 0.6770833333333334 0.0390625 0.036458333333333336
1 0.4986979166666667 0.6315104166666666 0.03125 0.044270833333333336
1 0.3736979166666667 0.6861979166666666 0.033854166666666664 0.0546875
1 0.3815104166666667 0.4166666666666667 0.036458333333333336 0.033854166666666664
1 0.35546875 0.2994791666666667 0.028645833333333332 0.0234375
1 0.31640625 0.5364583333333334 0.0390625 0.036458333333333336
1 0.34765625 0.4544270833333333 0.03125 0.036458333333333336
1 0.3971354166666667 0.640625 0.033854166666666664 0.033854166666666664
1 0.3658854166666667 0.5872395833333334 0.033854166666666664 0.041666666666666664
1 0.7044270833333334 0.6744791666666666 0.0390625 0.044270833333333336
1 0.5794270833333334 0.58203125 0.028645833333333332 0.052083333333333336
1 0.515625 0.3359375 0.03125 0.052083333333333336
1 0.4713541666666667 0.5403645833333334 0.03125 0.041666666666666664
1 0.3841145833333333 0.3776041666666667 0.028645833333333332 0.033854166666666664
1 0.3854166666666667 0.4895833333333333 0.026041666666666668 0.049479166666666664
1 0.390625 0.5104166666666666 0.020833333333333332 0.044270833333333336
1 0.3997395833333333 0.6575520833333334 0.033854166666666664 0.03125
1 0.34375 0.56640625 0.026041666666666668 0.044270833333333336
1 0.4140625 0.6184895833333334 0.026041666666666668 0.0234375
1 0.5559895833333334 0.3619791666666667 0.03125 0.0546875
1 0.5026041666666666 0.22786458333333334 0.033854166666666664 0.033854166666666664
1 0.4427083333333333 0.6848958333333334 0.033854166666666664 0.028645833333333332
1 0.5299479166666666 0.59375 0.03125 0.044270833333333336
1 0.4361979166666667 0.23567708333333334 0.026041666666666668 0.041666666666666664
1 0.3958333333333333 0.2955729166666667 0.026041666666666668 0.0390625
1 0.3528645833333333 0.5885416666666666 0.018229166666666668 0.0390625
1 0.40234375 0.5572916666666666 0.0234375 0.041666666666666664
1 0.3893229166666667 0.57421875 0.0234375 0.046875
1 0.4231770833333333 0.6028645833333334 0.0234375 0.026041666666666668
1 0.58984375 0.3138020833333333 0.033854166666666664 0.0390625
1 0.5182291666666666 0.3645833333333333 0.041666666666666664 0.049479166666666664
1 0.4791666666666667 0.17447916666666666 0.020833333333333332 0.0390625
1 0.4453125 0.47265625 0.028645833333333332 0.052083333333333336
1 0.3736979166666667 0.5611979166666666 0.03125 0.044270833333333336
1 0.4934895833333333 0.6875 0.026041666666666668 0.041666666666666664
1 0.3307291666666667 0.7200520833333334 0.026041666666666668 0.0546875
1 0.5924479166666666 0.20833333333333334 0.03125 0.036458333333333336
1 0.5026041666666666 0.15234375 0.026041666666666668 0.049479166666666664
1 0.421875 0.40625 0.036458333333333336 0.049479166666666664
1 0.3567708333333333 0.4700520833333333 0.044270833333333336 0.044270833333333336
1 0.359375 0.3932291666666667 0.028645833333333332 0.052083333333333336
1 0.4140625 0.5078125 0.036458333333333336 0.041666666666666664
1 0.4752604166666667 0.6028645833333334 0.028645833333333332 0.028645833333333332
1 0.4674479166666667 0.5859375 0.028645833333333332 0.0390625
1 0.4453125 0.5859375 0.026041666666666668 0.0390625
1 0.3515625 0.6197916666666666 0.03125 0.028645833333333332
1 0.3294270833333333 0.6080729166666666 0.03125 0.041666666666666664
1 0.4140625 0.59375 0.028645833333333332 0.041666666666666664
1 0.42578125 0.4440104166666667 0.028645833333333332 0.036458333333333336
1 0.4921875 0.15755208333333334 0.0234375 0.041666666666666664
1 0.3984375 0.5416666666666666 0.026041666666666668 0.0234375
1 0.6901041666666666 0.44921875 0.03125 0.033854166666666664
1 0.6588541666666666 0.3958333333333333 0.033854166666666664 0.044270833333333336
1 0.57421875 0.3606770833333333 0.026041666666666668 0.046875
1 0.4856770833333333 0.51171875 0.033854166666666664 0.049479166666666664
1 0.4661458333333333 0.5286458333333334 0.036458333333333336 0.033854166666666664
1 0.3658854166666667 0.6341145833333334 0.028645833333333332 0.026041666666666668
1 0.3567708333333333 0.52734375 0.026041666666666668 0.044270833333333336
1 0.4283854166666667 0.52734375 0.033854166666666664 0.03125
1 0.4231770833333333 0.5481770833333334 0.020833333333333332 0.036458333333333336
1 0.3984375 0.5872395833333334 0.028645833333333332 0.0390625
1 0.4453125 0.62890625 0.026041666666666668 0.028645833333333332
1 0.6354166666666666 0.3880208333333333 0.036458333333333336 0.044270833333333336
1 0.50390625 0.4114583333333333 0.03125 0.036458333333333336
1 0.5026041666666666 0.6979166666666666 0.036458333333333336 0.036458333333333336
1 0.5221354166666666 0.6341145833333334 0.03125 0.036458333333333336
1 0.4296875 0.2877604166666667 0.028645833333333332 0.026041666666666668
1 0.4401041666666667 0.2565104166666667 0.026041666666666668 0.044270833333333336
1 0.4791666666666667 0.18880208333333334 0.028645833333333332 0.0390625
1 0.4661458333333333 0.4674479166666667 0.036458333333333336 0.041666666666666664
1 0.3411458333333333 0.3880208333333333 0.03125 0.046875
1 0.4361979166666667 0.6158854166666666 0.018229166666666668 0.03125
1 0.32421875 0.5768229166666666 0.033854166666666664 0.0390625
1 0.3880208333333333 0.6197916666666666 0.0234375 0.049479166666666664
1 0.4231770833333333 0.58203125 0.028645833333333332 0.03125
1 0.4088541666666667 0.5611979166666666 0.028645833333333332 0.03125
1 0.5403645833333334 0.3111979166666667 0.0390625 0.041666666666666664
1 0.5 0.2552083333333333 0.033854166666666664 0.036458333333333336
1 0.5442708333333334 0.54296875 0.033854166666666664 0.049479166666666664
1 0.4518229166666667 0.6484375 0.044270833333333336 0.044270833333333336
1 0.43359375 0.4466145833333333 0.026041666666666668 0.049479166666666664
1 0.3723958333333333 0.5026041666666666 0.026041666666666668 0.052083333333333336
1 0.3697916666666667 0.61328125 0.03125 0.033854166666666664
1 0.4778645833333333 0.6263020833333334 0.036458333333333336 0.033854166666666664