1 0.5260416666666666 0.5807291666666666 0.07291666666666667 0.1171875
1 0.6263020833333334 0.3984375 0.0703125 0.046875
1 0.5 0.41015625 0.057291666666666664 0.08072916666666667
1 0.515625 0.73046875 0.0703125 0.0859375
1 0.2877604166666667 0.3111979166666667 0.059895833333333336 0.08072916666666667
1 0.4752604166666667 0.4921875 0.044270833333333336 0.09895833333333333
1 0.5052083333333334 0.4700520833333333 0.046875 0.078125
1 0.5364583333333334 0.3763020833333333 0.0390625 0.078125
1 0.20963541666666666 0.7096354166666666 0.07291666666666667 0.078125
1 0.2604166666666667 0.6471354166666666 0.0390625 0.049479166666666664
1 0.3203125 0.5911458333333334 0.06510416666666667 0.06770833333333333
1 0.31640625 0.6640625 0.07291666666666667 0.057291666666666664
1 0.3502604166666667 0.73046875 0.0625 0.059895833333333336
1 0.4088541666666667 0.7161458333333334 0.09114583333333333 0.06770833333333333
1 0.3736979166666667 0.23828125 0.08333333333333333 0.06770833333333333
1 0.11458333333333333 0.28515625 0.06510416666666667 0.0703125
1 0.5520833333333334 0.5572916666666666 0.0703125 0.078125
1 0.5364583333333334 0.4765625 0.059895833333333336 0.057291666666666664
1 0.46484375 0.47265625 0.0390625 0.07291666666666667
1 0.53515625 0.453125 0.0625 0.049479166666666664
1 0.5807291666666666 0.4427083333333333 0.033854166666666664 0.041666666666666664
1 0.24609375 0.6848958333333334 0.0859375 0.0546875
1 0.3515625 0.7682291666666666 0.07552083333333333 0.07291666666666667
1 0.4557291666666667 0.6927083333333334 0.06510416666666667 0.07291666666666667
1 0.5143229166666666 0.7669270833333334 0.0625 0.08854166666666667
1 0.6692708333333334 0.78515625 0.07552083333333333 0.08854166666666667
1 0.375 0.3151041666666667 0.0703125 0.11197916666666667
1 0.59375 0.3841145833333333 0.0546875 0.08333333333333333
1 0.33984375 0.6940104166666666 0.07552083333333333 0.052083333333333336
1 0.453125 0.6627604166666666 0.06510416666666667 0.041666666666666664
1 0.6822916666666666 0.8138020833333334 0.07291666666666667 0.09375
1 0.4752604166666667 0.6901041666666666 0.0546875 0.07291666666666667
1 0.3528645833333333 0.2799479166666667 0.052083333333333336 0.044270833333333336
1 0.3880208333333333 0.24479166666666666 0.044270833333333336 0.078125
1 0.3658854166666667 0.296875 0.0625 0.057291666666666664
1 0.4947916666666667 0.5247395833333334 0.08072916666666667 0.08333333333333333
1 0.5247395833333334 0.4296875 0.057291666666666664 0.049479166666666664
1 0.2786458333333333 0.6223958333333334 0.06510416666666667 0.046875
1 0.5559895833333334 0.4075520833333333 0.052083333333333336 0.07291666666666667
1 0.19661458333333334 0.91015625 0.0703125 0.07552083333333333
1 0.3958333333333333 0.6380208333333334 0.08854166666666667 0.08854166666666667
1 0.4401041666666667 0.46875 0.07291666666666667 0.10416666666666667
1 0.33203125 0.37890625 0.046875 0.09375
1 0.5729166666666666 0.32421875 0.06510416666666667 0.049479166666666664
1 0.4635416666666667 0.6276041666666666 0.07291666666666667 0.059895833333333336
1 0.6002604166666666 0.7760416666666666 0.09635416666666667 0.09375
1 0.4583333333333333 0.7903645833333334 0.0703125 0.0546875
1 0.6197916666666666 0.30078125 0.07552083333333333 0.052083333333333336
1 0.12630208333333334 0.3020833333333333 0.059895833333333336 0.0546875
1 0.3658854166666667 0.26171875 0.041666666666666664 0.033854166666666664
1 0.37109375 0.5989583333333334 0.06770833333333333 0.06770833333333333
1 0.4401041666666667 0.5520833333333334 0.06510416666666667 0.08333333333333333
1 0.55859375 0.4934895833333333 0.0625 0.07552083333333333