1 0.3450520833333333 0.48046875 0.036458333333333336 0.06770833333333333
1 0.4973958333333333 0.375 0.044270833333333336 0.046875
1 0.6627604166666666 0.5716145833333334 0.041666666666666664 0.0625
1 0.703125 0.6705729166666666 0.033854166666666664 0.057291666666666664
1 0.6888020833333334 0.5013020833333334 0.0625 0.059895833333333336
1 0.6484375 0.6888020833333334 0.0625 0.03125
1 0.5768229166666666 0.54296875 0.044270833333333336 0.046875
1 0.4921875 0.4361979166666667 0.033854166666666664 0.057291666666666664
1 0.3033854166666667 0.5911458333333334 0.028645833333333332 0.059895833333333336
1 0.9049479166666666 0.55859375 0.033854166666666664 0.0703125
1 0.2552083333333333 0.0234375 0.078125 0.046875
1 0.4635416666666667 0.3606770833333333 0.0703125 0.036458333333333336
1 0.6770833333333334 0.022135416666666668 0.033854166666666664 0.026041666666666668
1 0.47265625 0.5950520833333334 0.052083333333333336 0.049479166666666664
1 0.8177083333333334 0.022135416666666668 0.06510416666666667 0.015625
1 0.6966145833333334 0.7057291666666666 0.057291666666666664 0.028645833333333332
1 0.35546875 0.015625 0.09114583333333333 0.03125
1 0.7421875 0.5390625 0.059895833333333336 0.033854166666666664
1 0.5963541666666666 0.5364583333333334 0.044270833333333336 0.0546875
1 0.6940104166666666 0.06770833333333333 0.049479166666666664 0.041666666666666664
1 0.6796875 0.62109375 0.059895833333333336 0.036458333333333336
1 0.7200520833333334 0.028645833333333332 0.046875 0.0390625