1 0.7486979166666666 0.5533854166666666 0.0859375 0.08854166666666667
1 0.6328125 0.79296875 0.078125 0.10416666666666667
1 0.5690104166666666 0.4127604166666667 0.0546875 0.08333333333333333
1 0.6666666666666666 0.73046875 0.059895833333333336 0.11979166666666667
1 0.5611979166666666 0.6171875 0.08333333333333333 0.10677083333333333
1 0.5078125 0.6276041666666666 0.06770833333333333 0.11197916666666667
1 0.4765625 0.8098958333333334 0.08854166666666667 0.08854166666666667
1 0.265625 0.2838541666666667 0.06770833333333333 0.07552083333333333
1 0.4518229166666667 0.5078125 0.06770833333333333 0.059895833333333336
1 0.3541666666666667 0.5338541666666666 0.020833333333333332 0.033854166666666664
1 0.5052083333333334 0.3802083333333333 0.059895833333333336 0.0703125
1 0.24739583333333334 0.5260416666666666 0.041666666666666664 0.0859375