1 0.3697916666666667 0.3606770833333333 0.015625 0.026041666666666668
1 0.3893229166666667 0.4869791666666667 0.033854166666666664 0.0390625
1 0.48046875 0.3580729166666667 0.0234375 0.041666666666666664
1 0.4557291666666667 0.4934895833333333 0.026041666666666668 0.046875
1 0.359375 0.51953125 0.026041666666666668 0.044270833333333336
1 0.3723958333333333 0.4921875 0.026041666666666668 0.049479166666666664
1 0.3567708333333333 0.3619791666666667 0.013020833333333334 0.018229166666666668
1 0.375 0.5208333333333334 0.026041666666666668 0.036458333333333336
1 0.3489583333333333 0.4440104166666667 0.0390625 0.028645833333333332
1 0.3776041666666667 0.3802083333333333 0.036458333333333336 0.036458333333333336
1 0.3880208333333333 0.4114583333333333 0.020833333333333332 0.0234375
1 0.5872395833333334 0.5338541666666666 0.033854166666666664 0.0234375
1 0.5026041666666666 0.4830729166666667 0.0234375 0.046875
1 0.5065104166666666 0.5924479166666666 0.033854166666666664 0.026041666666666668
1 0.3932291666666667 0.3333333333333333 0.015625 0.015625
1 0.3528645833333333 0.4791666666666667 0.0390625 0.041666666666666664
1 0.4296875 0.453125 0.028645833333333332 0.026041666666666668