1 0.4921875 0.3580729166666667 0.028645833333333332 0.049479166666666664
1 0.5078125 0.3489583333333333 0.033854166666666664 0.028645833333333332
1 0.4505208333333333 0.3645833333333333 0.033854166666666664 0.033854166666666664
1 0.4283854166666667 0.3580729166666667 0.028645833333333332 0.046875
1 0.4908854166666667 0.5013020833333334 0.03125 0.0546875
1 0.51953125 0.4309895833333333 0.026041666666666668 0.049479166666666664
1 0.5091145833333334 0.4401041666666667 0.026041666666666668 0.0625
1 0.4375 0.2955729166666667 0.028645833333333332 0.049479166666666664
1 0.35546875 0.2942708333333333 0.03125 0.028645833333333332
1 0.4205729166666667 0.6796875 0.03125 0.041666666666666664
1 0.4192708333333333 0.6432291666666666 0.033854166666666664 0.052083333333333336
1 0.43359375 0.71875 0.033854166666666664 0.036458333333333336
1 0.4375 0.62109375 0.026041666666666668 0.0546875
1 0.4231770833333333 0.61328125 0.033854166666666664 0.052083333333333336
1 0.58984375 0.578125 0.0234375 0.044270833333333336
1 0.6145833333333334 0.5690104166666666 0.036458333333333336 0.046875
1 0.6432291666666666 0.5520833333333334 0.028645833333333332 0.052083333333333336
1 0.6002604166666666 0.6497395833333334 0.036458333333333336 0.044270833333333336
1 0.3528645833333333 0.2734375 0.033854166666666664 0.03125
1 0.59765625 0.4921875 0.028645833333333332 0.041666666666666664
1 0.50390625 0.29296875 0.026041666666666668 0.059895833333333336
1 0.4596354166666667 0.4375 0.0234375 0.049479166666666664
1 0.4934895833333333 0.5481770833333334 0.03125 0.044270833333333336
1 0.4583333333333333 0.52734375 0.033854166666666664 0.033854166666666664
1 0.4166666666666667 0.5611979166666666 0.03125 0.052083333333333336
1 0.3723958333333333 0.22916666666666666 0.026041666666666668 0.07291666666666667
1 0.3815104166666667 0.3580729166666667 0.033854166666666664 0.041666666666666664
1 0.3072916666666667 0.5690104166666666 0.028645833333333332 0.049479166666666664
1 0.4388020833333333 0.6510416666666666 0.036458333333333336 0.049479166666666664
1 0.5638020833333334 0.7395833333333334 0.028645833333333332 0.041666666666666664
1 0.578125 0.6302083333333334 0.026041666666666668 0.0546875
1 0.5638020833333334 0.578125 0.026041666666666668 0.057291666666666664
1 0.56640625 0.6575520833333334 0.026041666666666668 0.052083333333333336
1 0.39453125 0.4401041666666667 0.033854166666666664 0.041666666666666664
1 0.3567708333333333 0.4036458333333333 0.028645833333333332 0.044270833333333336
1 0.3802083333333333 0.3828125 0.033854166666666664 0.028645833333333332
1 0.44140625 0.38671875 0.036458333333333336 0.044270833333333336
1 0.5182291666666666 0.5130208333333334 0.0390625 0.0546875
1 0.4127604166666667 0.52734375 0.036458333333333336 0.033854166666666664
1 0.36328125 0.3489583333333333 0.028645833333333332 0.046875
1 0.3385416666666667 0.69140625 0.03125 0.036458333333333336
1 0.5403645833333334 0.6458333333333334 0.028645833333333332 0.0625
1 0.6171875 0.4427083333333333 0.026041666666666668 0.057291666666666664
1 0.625 0.5338541666666666 0.026041666666666668 0.0546875
1 0.59765625 0.5455729166666666 0.03125 0.046875
1 0.5872395833333334 0.484375 0.033854166666666664 0.044270833333333336
1 0.6354166666666666 0.5286458333333334 0.0234375 0.026041666666666668
1 0.5091145833333334 0.2747395833333333 0.0234375 0.0546875
1 0.45703125 0.4505208333333333 0.026041666666666668 0.036458333333333336
1 0.4817708333333333 0.5729166666666666 0.033854166666666664 0.0390625
1 0.4010416666666667 0.640625 0.026041666666666668 0.059895833333333336
1 0.4596354166666667 0.6966145833333334 0.033854166666666664 0.046875
1 0.5143229166666666 0.6953125 0.03125 0.052083333333333336
1 0.52734375 0.65625 0.0234375 0.057291666666666664
1 0.6028645833333334 0.5182291666666666 0.033854166666666664 0.03125
1 0.546875 0.6901041666666666 0.036458333333333336 0.0390625
1 0.3763020833333333 0.39453125 0.0390625 0.044270833333333336
1 0.5182291666666666 0.5390625 0.041666666666666664 0.044270833333333336
1 0.5130208333333334 0.6549479166666666 0.0234375 0.0546875
1 0.54296875 0.73828125 0.033854166666666664 0.036458333333333336
1 0.578125 0.5364583333333334 0.026041666666666668 0.0546875
1 0.64453125 0.4609375 0.028645833333333332 0.046875
1 0.4609375 0.6393229166666666 0.026041666666666668 0.049479166666666664
1 0.4309895833333333 0.3723958333333333 0.026041666666666668 0.0390625
1 0.4713541666666667 0.2838541666666667 0.03125 0.057291666666666664
1 0.3971354166666667 0.2981770833333333 0.0234375 0.052083333333333336
1 0.3333333333333333 0.27734375 0.0234375 0.059895833333333336
1 0.3671875 0.58984375 0.0234375 0.052083333333333336
1 0.4622395833333333 0.6575520833333334 0.0390625 0.0390625
1 0.4765625 0.6341145833333334 0.026041666666666668 0.052083333333333336
1 0.6197916666666666 0.4908854166666667 0.028645833333333332 0.0546875
1 0.5299479166666666 0.57421875 0.0234375 0.049479166666666664
1 0.5169270833333334 0.5924479166666666 0.028645833333333332 0.057291666666666664
1 0.4609375 0.5533854166666666 0.033854166666666664 0.0390625
1 0.4114583333333333 0.28125 0.026041666666666668 0.046875
1 0.3684895833333333 0.2643229166666667 0.036458333333333336 0.057291666666666664
1 0.38671875 0.23177083333333334 0.026041666666666668 0.052083333333333336
1 0.3658854166666667 0.6627604166666666 0.0390625 0.049479166666666664
1 0.52734375 0.7096354166666666 0.028645833333333332 0.0546875
1 0.5546875 0.7135416666666666 0.028645833333333332 0.046875
1 0.5807291666666666 0.4973958333333333 0.028645833333333332 0.044270833333333336
1 0.65234375 0.5390625 0.028645833333333332 0.0546875
1 0.5234375 0.4778645833333333 0.026041666666666668 0.057291666666666664
1 0.3697916666666667 0.30078125 0.033854166666666664 0.057291666666666664
1 0.5533854166666666 0.6328125 0.0234375 0.057291666666666664
1 0.58984375 0.6263020833333334 0.03125 0.049479166666666664