1 0.7005208333333334 0.6861979166666666 0.0703125 0.028645833333333332
1 0.85546875 0.8541666666666666 0.049479166666666664 0.052083333333333336
1 0.5807291666666666 0.5221354166666666 0.06510416666666667 0.0234375
1 0.62890625 0.6171875 0.0703125 0.0546875
1 0.734375 0.8854166666666666 0.08333333333333333 0.026041666666666668
1 0.17578125 0.23307291666666666 0.0625 0.0625
1 0.06640625 0.43359375 0.052083333333333336 0.0703125
1 0.6302083333333334 0.5651041666666666 0.109375 0.033854166666666664
1 0.5455729166666666 0.6328125 0.0390625 0.057291666666666664
1 0.5807291666666666 0.7005208333333334 0.059895833333333336 0.059895833333333336
1 0.2591145833333333 0.19401041666666666 0.10416666666666667 0.0390625
1 0.3450520833333333 0.48828125 0.0546875 0.06510416666666667
1 0.5208333333333334 0.60546875 0.09375 0.03125
1 0.6145833333333334 0.6015625 0.059895833333333336 0.057291666666666664
1 0.3463541666666667 0.3619791666666667 0.07291666666666667 0.046875
1 0.16927083333333334 0.16796875 0.06770833333333333 0.059895833333333336
1 0.7825520833333334 0.73046875 0.049479166666666664 0.057291666666666664
1 0.64453125 0.3046875 0.057291666666666664 0.057291666666666664
1 0.4088541666666667 0.3450520833333333 0.08333333333333333 0.052083333333333336
1 0.6380208333333334 0.3723958333333333 0.0703125 0.046875