0 0.2903645833333333 0.40234375 0.20833333333333334 0.203125
0 0.50390625 0.6028645833333334 0.2109375 0.2734375
0 0.3059895833333333 0.60546875 0.14322916666666666 0.22916666666666666
0 0.5026041666666666 0.25390625 0.234375 0.3020833333333333
0 0.375 0.3684895833333333 0.203125 0.21875
0 0.609375 0.47265625 0.2109375 0.25
0 0.8424479166666666 0.49609375 0.19270833333333334 0.15625
0 0.38671875 0.11588541666666667 0.19791666666666666 0.16927083333333334
0 0.3229166666666667 0.21223958333333334 0.2265625 0.2421875
0 0.11067708333333333 0.8411458333333334 0.15104166666666666 0.2421875
0 0.19140625 0.8697916666666666 0.13541666666666666 0.2578125
0 0.3346354166666667 0.5546875 0.14322916666666666 0.2682291666666667
0 0.7265625 0.7174479166666666 0.18229166666666666 0.2578125