1 0.46875 0.34375 0.041666666666666664 0.028645833333333332
1 0.4791666666666667 0.4713541666666667 0.0390625 0.0546875
1 0.3828125 0.3658854166666667 0.036458333333333336 0.0234375
1 0.5885416666666666 0.62890625 0.0390625 0.052083333333333336
1 0.3541666666666667 0.4440104166666667 0.046875 0.028645833333333332
1 0.6458333333333334 0.7734375 0.0234375 0.046875
1 0.4296875 0.5950520833333334 0.028645833333333332 0.059895833333333336
1 0.4674479166666667 0.28125 0.041666666666666664 0.057291666666666664
1 0.59375 0.7252604166666666 0.044270833333333336 0.0546875
1 0.4244791666666667 0.3828125 0.046875 0.03125
1 0.515625 0.24739583333333334 0.057291666666666664 0.0390625
1 0.5221354166666666 0.5833333333333334 0.033854166666666664 0.041666666666666664
1 0.2734375 0.8776041666666666 0.03125 0.057291666666666664
1 0.2682291666666667 0.6848958333333334 0.036458333333333336 0.059895833333333336
1 0.4518229166666667 0.59765625 0.033854166666666664 0.0546875
1 0.2760416666666667 0.4596354166666667 0.028645833333333332 0.0546875
1 0.65625 0.8151041666666666 0.046875 0.028645833333333332
1 0.5377604166666666 0.5755208333333334 0.041666666666666664 0.041666666666666664
1 0.4921875 0.2877604166666667 0.028645833333333332 0.0625
1 0.3307291666666667 0.6145833333333334 0.036458333333333336 0.0546875
1 0.4817708333333333 0.18359375 0.044270833333333336 0.036458333333333336
1 0.5481770833333334 0.7890625 0.0390625 0.049479166666666664
1 0.6263020833333334 0.4609375 0.028645833333333332 0.049479166666666664
1 0.359375 0.6549479166666666 0.041666666666666664 0.0234375
1 0.2942708333333333 0.6236979166666666 0.033854166666666664 0.052083333333333336
1 0.3645833333333333 0.6861979166666666 0.041666666666666664 0.041666666666666664
1 0.6783854166666666 0.46484375 0.046875 0.036458333333333336
1 0.3177083333333333 0.44140625 0.033854166666666664 0.057291666666666664
1 0.3307291666666667 0.7018229166666666 0.044270833333333336 0.036458333333333336
1 0.3802083333333333 0.9231770833333334 0.046875 0.046875
1 0.4466145833333333 0.26953125 0.033854166666666664 0.06510416666666667
1 0.30859375 0.5052083333333334 0.033854166666666664 0.057291666666666664
1 0.6640625 0.6002604166666666 0.041666666666666664 0.044270833333333336
1 0.3020833333333333 0.8138020833333334 0.041666666666666664 0.052083333333333336
1 0.3567708333333333 0.5768229166666666 0.046875 0.036458333333333336
1 0.5546875 0.7408854166666666 0.026041666666666668 0.057291666666666664
1 0.578125 0.6028645833333334 0.028645833333333332 0.0625
1 0.4765625 0.2421875 0.052083333333333336 0.041666666666666664
1 0.51953125 0.71484375 0.0390625 0.057291666666666664
1 0.5703125 0.7395833333333334 0.03125 0.0546875
1 0.5533854166666666 0.4557291666666667 0.046875 0.03125
1 0.6640625 0.7734375 0.03125 0.057291666666666664
1 0.5013020833333334 0.3346354166666667 0.033854166666666664 0.044270833333333336
1 0.6796875 0.7421875 0.046875 0.0546875
1 0.3736979166666667 0.7981770833333334 0.041666666666666664 0.026041666666666668
1 0.3645833333333333 0.4166666666666667 0.044270833333333336 0.036458333333333336
1 0.4713541666666667 0.21354166666666666 0.0390625 0.046875
1 0.71484375 0.72265625 0.046875 0.028645833333333332
1 0.44140625 0.6940104166666666 0.03125 0.059895833333333336
1 0.4231770833333333 0.453125 0.044270833333333336 0.033854166666666664
1 0.4661458333333333 0.3059895833333333 0.033854166666666664 0.046875
1 0.3411458333333333 0.4674479166666667 0.052083333333333336 0.033854166666666664
1 0.4166666666666667 0.5572916666666666 0.03125 0.0546875
1 0.3450520833333333 0.5026041666666666 0.049479166666666664 0.041666666666666664
1 0.6067708333333334 0.6328125 0.0390625 0.046875
1 0.52734375 0.4635416666666667 0.07291666666666667 0.046875
1 0.65234375 0.6861979166666666 0.044270833333333336 0.041666666666666664
1 0.43359375 0.3190104166666667 0.041666666666666664 0.033854166666666664
1 0.3020833333333333 0.7018229166666666 0.03125 0.052083333333333336
1 0.4049479166666667 0.48828125 0.041666666666666664 0.044270833333333336
1 0.5143229166666666 0.2942708333333333 0.033854166666666664 0.049479166666666664
1 0.3333333333333333 0.7421875 0.044270833333333336 0.026041666666666668
1 0.3177083333333333 0.7239583333333334 0.041666666666666664 0.036458333333333336
1 0.4088541666666667 0.6875 0.0390625 0.041666666666666664
1 0.6432291666666666 0.7447916666666666 0.041666666666666664 0.0546875
1 0.6692708333333334 0.65234375 0.0390625 0.041666666666666664
1 0.3372395833333333 0.6640625 0.028645833333333332 0.0390625
1 0.5625 0.24739583333333334 0.046875 0.041666666666666664
1 0.6822916666666666 0.5130208333333334 0.046875 0.03125
1 0.4479166666666667 0.4700520833333333 0.033854166666666664 0.059895833333333336
1 0.44140625 0.5208333333333334 0.036458333333333336 0.044270833333333336
1 0.5546875 0.19270833333333334 0.044270833333333336 0.044270833333333336
1 0.6015625 0.58203125 0.028645833333333332 0.052083333333333336
1 0.6432291666666666 0.54296875 0.044270833333333336 0.044270833333333336
1 0.4830729166666667 0.5247395833333334 0.046875 0.049479166666666664
1 0.6145833333333334 0.4973958333333333 0.0390625 0.046875
1 0.2903645833333333 0.48828125 0.041666666666666664 0.052083333333333336
1 0.3502604166666667 0.3893229166666667 0.041666666666666664 0.036458333333333336
1 0.59375 0.765625 0.033854166666666664 0.052083333333333336
1 0.7109375 0.6953125 0.044270833333333336 0.041666666666666664
1 0.6953125 0.4427083333333333 0.046875 0.03125