1 0.69921875 0.2747395833333333 0.06770833333333333 0.07291666666666667
1 0.5729166666666666 0.234375 0.0703125 0.08333333333333333
1 0.2747395833333333 0.2747395833333333 0.0546875 0.09895833333333333
1 0.3515625 0.24739583333333334 0.08072916666666667 0.0859375
1 0.6471354166666666 0.2682291666666667 0.06510416666666667 0.08333333333333333
1 0.4231770833333333 0.5065104166666666 0.059895833333333336 0.0859375
1 0.3932291666666667 0.4166666666666667 0.07291666666666667 0.1015625
1 0.53515625 0.7005208333333334 0.0625 0.1015625
1 0.1875 0.2682291666666667 0.06770833333333333 0.09375
1 0.19661458333333334 0.3046875 0.07552083333333333 0.08333333333333333
1 0.67578125 0.11197916666666667 0.052083333333333336 0.0859375
1 0.3424479166666667 0.19921875 0.078125 0.09635416666666667
1 0.2565104166666667 0.3046875 0.057291666666666664 0.1328125