1 0.3932291666666667 0.3346354166666667 0.046875 0.0390625
1 0.609375 0.734375 0.06770833333333333 0.08854166666666667
1 0.8684895833333334 0.6705729166666666 0.08072916666666667 0.08854166666666667
1 0.4791666666666667 0.3072916666666667 0.10416666666666667 0.07552083333333333
1 0.2630208333333333 0.61328125 0.06510416666666667 0.08072916666666667
1 0.22395833333333334 0.65234375 0.07291666666666667 0.08854166666666667
1 0.4830729166666667 0.5924479166666666 0.0625 0.0859375
1 0.22526041666666666 0.3684895833333333 0.044270833333333336 0.028645833333333332
1 0.55859375 0.2786458333333333 0.059895833333333336 0.049479166666666664
1 0.5807291666666666 0.90625 0.06770833333333333 0.0546875
1 0.30859375 0.3502604166666667 0.033854166666666664 0.028645833333333332
1 0.453125 0.6067708333333334 0.07291666666666667 0.078125
1 0.19140625 0.3802083333333333 0.041666666666666664 0.0234375
1 0.5 0.92578125 0.057291666666666664 0.06770833333333333
1 0.62890625 0.6940104166666666 0.07291666666666667 0.10416666666666667
1 0.765625 0.42578125 0.10677083333333333 0.1171875