1 0.8502604166666666 0.6471354166666666 0.049479166666666664 0.059895833333333336
1 0.8580729166666666 0.61328125 0.049479166666666664 0.049479166666666664
1 0.8346354166666666 0.5859375 0.033854166666666664 0.057291666666666664
1 0.6536458333333334 0.5390625 0.044270833333333336 0.036458333333333336
1 0.8880208333333334 0.6015625 0.046875 0.046875
1 0.796875 0.5729166666666666 0.057291666666666664 0.044270833333333336
1 0.5794270833333334 0.5911458333333334 0.049479166666666664 0.036458333333333336
1 0.6145833333333334 0.34375 0.0546875 0.057291666666666664
1 0.6822916666666666 0.5026041666666666 0.026041666666666668 0.036458333333333336
1 0.68359375 0.43359375 0.0390625 0.0625
1 0.7330729166666666 0.3059895833333333 0.044270833333333336 0.044270833333333336
1 0.84375 0.3580729166666667 0.049479166666666664 0.044270833333333336
1 0.9088541666666666 0.53125 0.0546875 0.0625
1 0.65625 0.5221354166666666 0.041666666666666664 0.033854166666666664
1 0.578125 0.63671875 0.033854166666666664 0.0234375
1 0.7565104166666666 0.24348958333333334 0.0390625 0.06510416666666667
1 0.578125 0.61328125 0.044270833333333336 0.041666666666666664
1 0.9127604166666666 0.4778645833333333 0.0625 0.06770833333333333
1 0.6119791666666666 0.58984375 0.036458333333333336 0.057291666666666664
1 0.65234375 0.4869791666666667 0.026041666666666668 0.041666666666666664
1 0.6432291666666666 0.3736979166666667 0.0390625 0.059895833333333336
1 0.6328125 0.5247395833333334 0.020833333333333332 0.036458333333333336
1 0.55078125 0.5911458333333334 0.041666666666666664 0.0546875
1 0.6640625 0.5052083333333334 0.03125 0.033854166666666664
1 0.5377604166666666 0.7174479166666666 0.052083333333333336 0.0625
1 0.67578125 0.5169270833333334 0.026041666666666668 0.033854166666666664
1 0.5625 0.6653645833333334 0.041666666666666664 0.052083333333333336
1 0.6471354166666666 0.46484375 0.03125 0.046875
1 0.6666666666666666 0.4309895833333333 0.0390625 0.041666666666666664
1 0.7291666666666666 0.3359375 0.0390625 0.0625