1 0.6705729166666666 0.8059895833333334 0.03125 0.057291666666666664
1 0.5559895833333334 0.7630208333333334 0.036458333333333336 0.041666666666666664
1 0.41796875 0.7200520833333334 0.033854166666666664 0.0703125
1 0.453125 0.4309895833333333 0.036458333333333336 0.0546875
1 0.4231770833333333 0.3697916666666667 0.0390625 0.057291666666666664
1 0.7109375 0.7669270833333334 0.0390625 0.036458333333333336
1 0.6731770833333334 0.7044270833333334 0.03125 0.06510416666666667
1 0.6354166666666666 0.55078125 0.026041666666666668 0.0546875
1 0.5989583333333334 0.5690104166666666 0.036458333333333336 0.049479166666666664
1 0.6067708333333334 0.3723958333333333 0.026041666666666668 0.059895833333333336
1 0.5494791666666666 0.15625 0.028645833333333332 0.052083333333333336
1 0.7278645833333334 0.22916666666666666 0.033854166666666664 0.028645833333333332
1 0.73046875 0.5091145833333334 0.018229166666666668 0.049479166666666664
1 0.6354166666666666 0.7526041666666666 0.026041666666666668 0.0703125
1 0.5872395833333334 0.7591145833333334 0.026041666666666668 0.0625
1 0.38671875 0.8138020833333334 0.026041666666666668 0.0625
1 0.44140625 0.69921875 0.03125 0.046875
1 0.6770833333333334 0.5377604166666666 0.033854166666666664 0.036458333333333336
1 0.7044270833333334 0.3802083333333333 0.0234375 0.0625
1 0.6497395833333334 0.3802083333333333 0.018229166666666668 0.059895833333333336
1 0.5546875 0.4401041666666667 0.0390625 0.049479166666666664
1 0.7356770833333334 0.80078125 0.036458333333333336 0.03125
1 0.7434895833333334 0.4075520833333333 0.028645833333333332 0.057291666666666664
1 0.4010416666666667 0.6549479166666666 0.036458333333333336 0.041666666666666664
1 0.7604166666666666 0.53515625 0.0234375 0.059895833333333336
1 0.7578125 0.4114583333333333 0.018229166666666668 0.059895833333333336
1 0.7109375 0.49609375 0.036458333333333336 0.0390625
1 0.64453125 0.53125 0.0234375 0.052083333333333336
1 0.6223958333333334 0.62890625 0.03125 0.0703125
1 0.6276041666666666 0.33984375 0.044270833333333336 0.041666666666666664
1 0.5546875 0.4635416666666667 0.03125 0.028645833333333332
1 0.7161458333333334 0.2942708333333333 0.03125 0.059895833333333336
1 0.6197916666666666 0.6705729166666666 0.03125 0.0625
1 0.5950520833333334 0.6783854166666666 0.033854166666666664 0.026041666666666668
1 0.4361979166666667 0.4453125 0.03125 0.052083333333333336
1 0.4752604166666667 0.3802083333333333 0.041666666666666664 0.0546875
1 0.7330729166666666 0.5924479166666666 0.026041666666666668 0.057291666666666664
1 0.7552083333333334 0.4791666666666667 0.026041666666666668 0.06510416666666667
1 0.7083333333333334 0.5182291666666666 0.044270833333333336 0.036458333333333336
1 0.609375 0.5455729166666666 0.036458333333333336 0.036458333333333336
1 0.6731770833333334 0.4544270833333333 0.028645833333333332 0.046875
1 0.6354166666666666 0.40234375 0.036458333333333336 0.033854166666666664
1 0.6223958333333334 0.16145833333333334 0.033854166666666664 0.041666666666666664
1 0.6666666666666666 0.328125 0.028645833333333332 0.059895833333333336
1 0.4440104166666667 0.65234375 0.033854166666666664 0.044270833333333336
1 0.6106770833333334 0.44140625 0.026041666666666668 0.057291666666666664
1 0.6666666666666666 0.5989583333333334 0.03125 0.041666666666666664
1 0.5716145833333334 0.265625 0.028645833333333332 0.046875
1 0.55859375 0.24609375 0.015625 0.0390625
1 0.5859375 0.64453125 0.03125 0.036458333333333336
1 0.5286458333333334 0.6028645833333334 0.036458333333333336 0.046875
1 0.50390625 0.82421875 0.026041666666666668 0.0546875
1 0.4817708333333333 0.62109375 0.036458333333333336 0.041666666666666664
1 0.6067708333333334 0.7057291666666666 0.020833333333333332 0.057291666666666664
1 0.4713541666666667 0.9388020833333334 0.0234375 0.057291666666666664
1 0.5325520833333334 0.3932291666666667 0.03125 0.06510416666666667
1 0.75 0.5859375 0.03125 0.06770833333333333
1 0.6901041666666666 0.5651041666666666 0.03125 0.0546875
1 0.6861979166666666 0.3932291666666667 0.0390625 0.03125
1 0.5989583333333334 0.3346354166666667 0.03125 0.036458333333333336
1 0.6341145833333334 0.4375 0.026041666666666668 0.041666666666666664
1 0.5963541666666666 0.4661458333333333 0.036458333333333336 0.07291666666666667
1 0.5807291666666666 0.3893229166666667 0.028645833333333332 0.036458333333333336
1 0.5559895833333334 0.2786458333333333 0.026041666666666668 0.07291666666666667
1 0.4934895833333333 0.4361979166666667 0.0390625 0.046875
1 0.4934895833333333 0.2786458333333333 0.03125 0.044270833333333336
1 0.5455729166666666 0.6640625 0.033854166666666664 0.052083333333333336
1 0.5455729166666666 0.7174479166666666 0.044270833333333336 0.0390625
1 0.40234375 0.7981770833333334 0.033854166666666664 0.0625
1 0.5611979166666666 0.3763020833333333 0.0390625 0.052083333333333336
1 0.671875 0.6315104166666666 0.036458333333333336 0.028645833333333332
1 0.6145833333333334 0.12630208333333334 0.03125 0.028645833333333332
1 0.6575520833333334 0.4010416666666667 0.013020833333333334 0.041666666666666664
1 0.4973958333333333 0.73828125 0.044270833333333336 0.044270833333333336
1 0.4466145833333333 0.6158854166666666 0.033854166666666664 0.0390625
1 0.37109375 0.4908854166666667 0.03125 0.0703125
1 0.3541666666666667 0.3177083333333333 0.036458333333333336 0.0703125
1 0.71484375 0.6979166666666666 0.018229166666666668 0.0546875
1 0.78515625 0.57421875 0.028645833333333332 0.0625
1 0.6171875 0.5924479166666666 0.026041666666666668 0.041666666666666664
1 0.6666666666666666 0.4765625 0.036458333333333336 0.049479166666666664
1 0.5911458333333334 0.3697916666666667 0.028645833333333332 0.0703125
1 0.5859375 0.6875 0.033854166666666664 0.033854166666666664