1 0.23958333333333334 0.3515625 0.020833333333333332 0.0390625
1 0.3997395833333333 0.3997395833333333 0.020833333333333332 0.036458333333333336
1 0.5416666666666666 0.390625 0.036458333333333336 0.0390625
1 0.4817708333333333 0.3828125 0.015625 0.044270833333333336
1 0.2955729166666667 0.3697916666666667 0.052083333333333336 0.046875
1 0.15364583333333334 0.6263020833333334 0.033854166666666664 0.046875
1 0.3958333333333333 0.7083333333333334 0.049479166666666664 0.059895833333333336
1 0.5716145833333334 0.3697916666666667 0.046875 0.0390625
1 0.1796875 0.4908854166666667 0.052083333333333336 0.06770833333333333
1 0.4153645833333333 0.48046875 0.0390625 0.03125
1 0.39453125 0.45703125 0.033854166666666664 0.049479166666666664
1 0.4309895833333333 0.4986979166666667 0.026041666666666668 0.028645833333333332
1 0.4127604166666667 0.46875 0.0390625 0.028645833333333332
1 0.4440104166666667 0.5598958333333334 0.020833333333333332 0.041666666666666664