1 0.30859375 0.2916666666666667 0.057291666666666664 0.06770833333333333
1 0.4153645833333333 0.33203125 0.07291666666666667 0.07291666666666667
1 0.5794270833333334 0.3151041666666667 0.1015625 0.06770833333333333
1 0.5546875 0.3372395833333333 0.07291666666666667 0.0390625
1 0.4713541666666667 0.23307291666666666 0.0859375 0.0703125
1 0.66015625 0.3971354166666667 0.059895833333333336 0.046875
1 0.48828125 0.4153645833333333 0.09375 0.0625
1 0.6041666666666666 0.4010416666666667 0.09895833333333333 0.052083333333333336
1 0.65234375 0.4713541666666667 0.08072916666666667 0.044270833333333336
1 0.7135416666666666 0.4596354166666667 0.052083333333333336 0.057291666666666664
1 0.6158854166666666 0.3854166666666667 0.0625 0.0390625
1 0.41015625 0.3776041666666667 0.06510416666666667 0.07552083333333333
1 0.3854166666666667 0.24479166666666666 0.052083333333333336 0.06770833333333333
1 0.4661458333333333 0.359375 0.0625 0.08333333333333333
1 0.5729166666666666 0.515625 0.08072916666666667 0.046875
1 0.3919270833333333 0.4856770833333333 0.08854166666666667 0.078125
1 0.5286458333333334 0.48046875 0.07291666666666667 0.0703125
1 0.5572916666666666 0.4348958333333333 0.0625 0.08072916666666667
1 0.57421875 0.5286458333333334 0.078125 0.036458333333333336
1 0.4544270833333333 0.2747395833333333 0.09895833333333333 0.052083333333333336
1 0.609375 0.3502604166666667 0.059895833333333336 0.046875
1 0.4075520833333333 0.30859375 0.057291666666666664 0.049479166666666664
1 0.3229166666666667 0.1953125 0.052083333333333336 0.0546875
1 0.5768229166666666 0.4518229166666667 0.057291666666666664 0.07291666666666667
1 0.73046875 0.06901041666666667 0.07552083333333333 0.057291666666666664
1 0.6263020833333334 0.5286458333333334 0.041666666666666664 0.028645833333333332
1 0.4817708333333333 0.5078125 0.07552083333333333 0.046875
1 0.7122395833333334 0.4973958333333333 0.10677083333333333 0.059895833333333336
1 0.80859375 0.51953125 0.10416666666666667 0.059895833333333336
1 0.40625 0.20442708333333334 0.08854166666666667 0.059895833333333336
1 0.3619791666666667 0.3151041666666667 0.0625 0.0703125
1 0.66015625 0.42578125 0.10677083333333333 0.06770833333333333
1 0.5651041666666666 0.36328125 0.08333333333333333 0.057291666666666664
1 0.5143229166666666 0.30078125 0.07552083333333333 0.0546875
1 0.3424479166666667 0.21484375 0.0625 0.0546875
1 0.5963541666666666 0.4713541666666667 0.0390625 0.036458333333333336
1 0.6536458333333334 0.51171875 0.1015625 0.059895833333333336
1 0.6223958333333334 0.4830729166666667 0.044270833333333336 0.044270833333333336
1 0.4557291666666667 0.296875 0.06770833333333333 0.044270833333333336
1 0.3229166666666667 0.16015625 0.057291666666666664 0.07291666666666667
1 0.4921875 0.3541666666666667 0.059895833333333336 0.08333333333333333
1 0.5703125 0.4908854166666667 0.0625 0.046875
1 0.3997395833333333 0.17838541666666666 0.10677083333333333 0.06770833333333333
1 0.3385416666666667 0.18619791666666666 0.0703125 0.08072916666666667
1 0.453125 0.5169270833333334 0.09375 0.06510416666666667
1 0.66796875 0.046875 0.0390625 0.0390625
1 0.5091145833333334 0.375 0.049479166666666664 0.0703125
1 0.3541666666666667 0.3567708333333333 0.06510416666666667 0.0546875
1 0.6901041666666666 0.3984375 0.08333333333333333 0.049479166666666664
1 0.3697916666666667 0.2421875 0.06510416666666667 0.0546875
1 0.7408854166666666 0.52734375 0.08072916666666667 0.0546875
1 0.37890625 0.2799479166666667 0.06510416666666667 0.049479166666666664
1 0.3385416666666667 0.26171875 0.0625 0.0625
1 0.5026041666666666 0.5247395833333334 0.026041666666666668 0.020833333333333332
1 0.62890625 0.4453125 0.078125 0.044270833333333336
1 0.734375 0.4609375 0.049479166666666664 0.0546875
1 0.3229166666666667 0.3541666666666667 0.0703125 0.08072916666666667
1 0.6432291666666666 0.4921875 0.044270833333333336 0.0390625
1 0.53515625 0.3893229166666667 0.033854166666666664 0.046875