0 0.3606770833333333 0.6145833333333334 0.09635416666666667 0.08072916666666667
0 0.2903645833333333 0.6106770833333334 0.203125 0.0859375
0 0.22526041666666666 0.6809895833333334 0.140625 0.08333333333333333
0 0.73828125 0.6640625 0.13541666666666666 0.08333333333333333
0 0.50390625 0.6380208333333334 0.13802083333333334 0.052083333333333336
0 0.6145833333333334 0.4309895833333333 0.16927083333333334 0.08854166666666667
0 0.67578125 0.4869791666666667 0.125 0.08854166666666667
0 0.4453125 0.5286458333333334 0.1796875 0.10677083333333333
0 0.4557291666666667 0.5859375 0.14322916666666666 0.0625
0 0.7265625 0.421875 0.15104166666666666 0.078125
0 0.3541666666666667 0.4765625 0.20052083333333334 0.1015625
0 0.6197916666666666 0.62109375 0.171875 0.09114583333333333
0 0.5364583333333334 0.5716145833333334 0.17447916666666666 0.11979166666666667
0 0.6497395833333334 0.5598958333333334 0.16145833333333334 0.0859375
0 0.2682291666666667 0.58203125 0.18229166666666666 0.1015625
0 0.7604166666666666 0.53125 0.16666666666666666 0.09895833333333333