1 0.4427083333333333 0.2942708333333333 0.041666666666666664 0.036458333333333336
1 0.3984375 0.6080729166666666 0.036458333333333336 0.0390625
1 0.546875 0.5924479166666666 0.0546875 0.052083333333333336
1 0.5377604166666666 0.3541666666666667 0.09114583333333333 0.0546875
1 0.4322916666666667 0.3854166666666667 0.033854166666666664 0.041666666666666664
1 0.2903645833333333 0.5442708333333334 0.052083333333333336 0.0390625
1 0.7109375 0.5625 0.036458333333333336 0.028645833333333332
1 0.6575520833333334 0.4401041666666667 0.0390625 0.036458333333333336
1 0.2838541666666667 0.40625 0.0546875 0.049479166666666664
1 0.5221354166666666 0.484375 0.052083333333333336 0.049479166666666664
1 0.3723958333333333 0.4765625 0.041666666666666664 0.03125