1 0.7317708333333334 0.89453125 0.041666666666666664 0.059895833333333336
1 0.3971354166666667 0.671875 0.059895833333333336 0.046875
1 0.09505208333333333 0.8763020833333334 0.0703125 0.0390625
1 0.3684895833333333 0.79296875 0.0703125 0.0390625
1 0.2903645833333333 0.7890625 0.06770833333333333 0.046875
1 0.4049479166666667 0.6315104166666666 0.059895833333333336 0.026041666666666668
1 0.7643229166666666 0.6614583333333334 0.041666666666666664 0.0703125
1 0.31640625 0.6419270833333334 0.07552083333333333 0.057291666666666664
1 0.5651041666666666 0.61328125 0.078125 0.036458333333333336
1 0.6966145833333334 0.8802083333333334 0.057291666666666664 0.057291666666666664
1 0.6510416666666666 0.8372395833333334 0.0703125 0.041666666666666664
1 0.35546875 0.7265625 0.059895833333333336 0.057291666666666664
1 0.48046875 0.7786458333333334 0.049479166666666664 0.06510416666666667
1 0.3346354166666667 0.7473958333333334 0.0703125 0.041666666666666664
1 0.2669270833333333 0.71875 0.049479166666666664 0.0546875
1 0.4544270833333333 0.7526041666666666 0.044270833333333336 0.057291666666666664
1 0.4544270833333333 0.6783854166666666 0.06510416666666667 0.052083333333333336
1 0.19921875 0.78125 0.052083333333333336 0.0703125
1 0.22005208333333334 0.7265625 0.07291666666666667 0.049479166666666664
1 0.1875 0.7161458333333334 0.046875 0.036458333333333336
1 0.69921875 0.9231770833333334 0.0625 0.0703125
1 0.74609375 0.9049479166666666 0.046875 0.052083333333333336
1 0.59765625 0.90234375 0.0703125 0.052083333333333336
1 0.6236979166666666 0.79296875 0.033854166666666664 0.041666666666666664
1 0.57421875 0.8697916666666666 0.057291666666666664 0.046875
1 0.60546875 0.83203125 0.06770833333333333 0.07552083333333333
1 0.65625 0.7708333333333334 0.06770833333333333 0.049479166666666664
1 0.3645833333333333 0.6393229166666666 0.07552083333333333 0.033854166666666664
1 0.2513020833333333 0.6888020833333334 0.0703125 0.057291666666666664
1 0.15755208333333334 0.75 0.06510416666666667 0.0546875
1 0.7486979166666666 0.7018229166666666 0.03125 0.0625
1 0.4283854166666667 0.5091145833333334 0.0625 0.0625
1 0.56640625 0.46875 0.046875 0.046875
1 0.609375 0.4934895833333333 0.046875 0.057291666666666664
1 0.6354166666666666 0.953125 0.0546875 0.06770833333333333
1 0.66015625 0.7513020833333334 0.0703125 0.041666666666666664
1 0.5885416666666666 0.7356770833333334 0.052083333333333336 0.0234375
1 0.24479166666666666 0.80859375 0.06510416666666667 0.049479166666666664
1 0.5013020833333334 0.73828125 0.036458333333333336 0.07291666666666667
1 0.6588541666666666 0.65234375 0.0390625 0.0546875
1 0.4479166666666667 0.6236979166666666 0.052083333333333336 0.0703125
1 0.4830729166666667 0.5260416666666666 0.06510416666666667 0.026041666666666668
1 0.71484375 0.8606770833333334 0.044270833333333336 0.0625
1 0.66796875 0.8854166666666666 0.049479166666666664 0.0625
1 0.5716145833333334 0.8489583333333334 0.07291666666666667 0.033854166666666664
1 0.7096354166666666 0.7643229166666666 0.033854166666666664 0.020833333333333332
1 0.3111979166666667 0.7005208333333334 0.057291666666666664 0.06510416666666667
1 0.4752604166666667 0.7057291666666666 0.041666666666666664 0.052083333333333336
1 0.41796875 0.7317708333333334 0.07291666666666667 0.059895833333333336
1 0.3658854166666667 0.5846354166666666 0.059895833333333336 0.026041666666666668
1 0.2526041666666667 0.6341145833333334 0.059895833333333336 0.052083333333333336
1 0.76953125 0.8580729166666666 0.046875 0.06770833333333333
1 0.6236979166666666 0.8776041666666666 0.0703125 0.033854166666666664
1 0.5091145833333334 0.8203125 0.041666666666666664 0.07291666666666667
1 0.5638020833333334 0.8268229166666666 0.08072916666666667 0.036458333333333336
1 0.55078125 0.7591145833333334 0.041666666666666664 0.057291666666666664
1 0.15755208333333334 0.78515625 0.041666666666666664 0.057291666666666664
1 0.484375 0.59765625 0.046875 0.046875
1 0.7799479166666666 0.75390625 0.0625 0.041666666666666664
1 0.6393229166666666 0.8072916666666666 0.036458333333333336 0.0390625
1 0.58984375 0.93359375 0.044270833333333336 0.052083333333333336
1 0.66796875 0.828125 0.0546875 0.046875
1 0.22005208333333334 0.86328125 0.049479166666666664 0.059895833333333336
1 0.578125 0.7708333333333334 0.049479166666666664 0.0625
1 0.234375 0.83984375 0.0703125 0.041666666666666664
1 0.5794270833333334 0.5846354166666666 0.0625 0.046875
1 0.30078125 0.5924479166666666 0.06770833333333333 0.0390625
1 0.2890625 0.75 0.046875 0.052083333333333336
1 0.7669270833333334 0.9231770833333334 0.0703125 0.03125
1 0.5911458333333334 0.7838541666666666 0.041666666666666664 0.052083333333333336
1 0.69140625 0.8203125 0.06770833333333333 0.0390625
1 0.16145833333333334 0.8567708333333334 0.06770833333333333 0.0546875
1 0.38671875 0.6875 0.057291666666666664 0.0390625
1 0.3450520833333333 0.6028645833333334 0.07291666666666667 0.036458333333333336
1 0.24609375 0.7682291666666666 0.0625 0.0546875
1 0.2421875 0.6002604166666666 0.06510416666666667 0.049479166666666664
1 0.7447916666666666 0.6328125 0.052083333333333336 0.044270833333333336
1 0.7473958333333334 0.609375 0.0625 0.044270833333333336
1 0.8255208333333334 0.5481770833333334 0.0390625 0.057291666666666664
1 0.5690104166666666 0.3151041666666667 0.078125 0.033854166666666664