1 0.28515625 0.7447916666666666 0.046875 0.057291666666666664
1 0.37109375 0.6888020833333334 0.059895833333333336 0.06510416666666667
1 0.7955729166666666 0.4557291666666667 0.044270833333333336 0.09375
1 0.2421875 0.08072916666666667 0.033854166666666664 0.1015625
1 0.3854166666666667 0.34765625 0.07291666666666667 0.059895833333333336
1 0.4205729166666667 0.09635416666666667 0.041666666666666664 0.10416666666666667
1 0.97265625 0.44140625 0.0546875 0.0625
1 0.87890625 0.4856770833333333 0.07291666666666667 0.07291666666666667
1 0.8776041666666666 0.4674479166666667 0.044270833333333336 0.0625
1 0.3294270833333333 0.6458333333333334 0.08072916666666667 0.046875
1 0.2526041666666667 0.9778645833333334 0.057291666666666664 0.044270833333333336
1 0.6888020833333334 0.6536458333333334 0.049479166666666664 0.078125
1 0.8828125 0.6041666666666666 0.08333333333333333 0.0625
1 0.7721354166666666 0.5598958333333334 0.028645833333333332 0.057291666666666664
1 0.1796875 0.5286458333333334 0.07552083333333333 0.09375
1 0.08463541666666667 0.6744791666666666 0.09635416666666667 0.036458333333333336
1 0.20963541666666666 0.7760416666666666 0.08072916666666667 0.06770833333333333
1 0.8020833333333334 0.8919270833333334 0.07552083333333333 0.049479166666666664
1 0.19010416666666666 0.6080729166666666 0.08072916666666667 0.046875
1 0.3997395833333333 0.9661458333333334 0.044270833333333336 0.06770833333333333
1 0.6015625 0.5755208333333334 0.0703125 0.08854166666666667
1 0.3294270833333333 0.94921875 0.0546875 0.1015625
1 0.7955729166666666 0.62890625 0.06510416666666667 0.09895833333333333
1 0.7552083333333334 0.953125 0.036458333333333336 0.036458333333333336
1 0.7981770833333334 0.9466145833333334 0.0625 0.0390625
1 0.3216145833333333 0.18229166666666666 0.06510416666666667 0.049479166666666664
1 0.3841145833333333 0.10546875 0.07291666666666667 0.057291666666666664
1 0.6263020833333334 0.3255208333333333 0.0625 0.0625
1 0.20572916666666666 0.421875 0.07291666666666667 0.0625
1 0.6927083333333334 0.3502604166666667 0.0625 0.046875
1 0.17578125 0.3411458333333333 0.0546875 0.08854166666666667
1 0.10416666666666667 0.3177083333333333 0.0546875 0.052083333333333336
1 0.71875 0.3997395833333333 0.036458333333333336 0.08072916666666667
1 0.07682291666666667 0.27734375 0.046875 0.09895833333333333
1 0.4700520833333333 0.3919270833333333 0.08072916666666667 0.078125
1 0.4309895833333333 0.2838541666666667 0.044270833333333336 0.078125
1 0.2643229166666667 0.24869791666666666 0.0703125 0.078125
1 0.421875 0.23177083333333334 0.07291666666666667 0.0390625
1 0.7786458333333334 0.33984375 0.059895833333333336 0.052083333333333336
1 0.7408854166666666 0.3307291666666667 0.0390625 0.046875
1 0.1015625 0.44140625 0.0546875 0.08333333333333333
1 0.13151041666666666 0.7760416666666666 0.0625 0.049479166666666664
1 0.020833333333333332 0.46484375 0.0390625 0.057291666666666664
1 0.5859375 0.76171875 0.06770833333333333 0.08333333333333333
1 0.22786458333333334 0.5911458333333334 0.028645833333333332 0.057291666666666664
1 0.6263020833333334 0.73046875 0.0390625 0.08854166666666667
1 0.055989583333333336 0.4309895833333333 0.041666666666666664 0.057291666666666664
1 0.3854166666666667 0.76953125 0.0546875 0.046875
1 0.23828125 0.5377604166666666 0.0703125 0.044270833333333336
1 0.5520833333333334 0.7903645833333334 0.046875 0.09375
1 0.71875 0.83984375 0.0390625 0.09635416666666667
1 0.7317708333333334 0.9244791666666666 0.041666666666666664 0.07552083333333333
1 0.4635416666666667 0.98046875 0.046875 0.0390625
1 0.48828125 0.3359375 0.049479166666666664 0.08854166666666667
1 0.078125 0.15364583333333334 0.06770833333333333 0.09635416666666667
1 0.28515625 0.16796875 0.0703125 0.07291666666666667
1 0.11067708333333333 0.2591145833333333 0.041666666666666664 0.0703125
1 0.33203125 0.033854166666666664 0.049479166666666664 0.036458333333333336
1 0.4778645833333333 0.057291666666666664 0.0546875 0.11458333333333333
1 0.6888020833333334 0.2682291666666667 0.049479166666666664 0.046875
1 0.13541666666666666 0.2981770833333333 0.041666666666666664 0.0859375
1 0.58984375 0.3125 0.0546875 0.08333333333333333
1 0.2721354166666667 0.3059895833333333 0.033854166666666664 0.036458333333333336
1 0.7708333333333334 0.3736979166666667 0.08854166666666667 0.0625
1 0.3893229166666667 0.89453125 0.041666666666666664 0.08854166666666667
1 0.5716145833333334 0.6536458333333334 0.049479166666666664 0.0625
1 0.5807291666666666 0.6966145833333334 0.10416666666666667 0.07291666666666667
1 0.5078125 0.7565104166666666 0.036458333333333336 0.11197916666666667
1 0.6067708333333334 0.8411458333333334 0.06510416666666667 0.06510416666666667
1 0.21354166666666666 0.8515625 0.0546875 0.078125
1 0.0390625 0.5182291666666666 0.0625 0.049479166666666664
1 0.0859375 0.51953125 0.052083333333333336 0.06510416666666667
1 0.20182291666666666 0.7473958333333334 0.041666666666666664 0.0390625
1 0.7109375 0.58203125 0.0625 0.0390625
1 0.026041666666666668 0.6080729166666666 0.0390625 0.0703125
1 0.12239583333333333 0.6940104166666666 0.06770833333333333 0.052083333333333336
1 0.026041666666666668 0.49609375 0.052083333333333336 0.0390625
1 0.68359375 0.90234375 0.036458333333333336 0.08333333333333333
1 0.15104166666666666 0.8216145833333334 0.036458333333333336 0.07291666666666667
1 0.20572916666666666 0.67578125 0.041666666666666664 0.041666666666666664
1 0.7526041666666666 0.8151041666666666 0.041666666666666664 0.09114583333333333
1 0.31640625 0.7825520833333334 0.057291666666666664 0.06770833333333333
1 0.6354166666666666 0.5169270833333334 0.0859375 0.0703125
1 0.6848958333333334 0.4192708333333333 0.0546875 0.044270833333333336
1 0.4622395833333333 0.2421875 0.057291666666666664 0.046875
1 0.2864583333333333 0.23177083333333334 0.057291666666666664 0.046875
1 0.08072916666666667 0.19921875 0.041666666666666664 0.125
1 0.83984375 0.4466145833333333 0.0546875 0.041666666666666664
1 0.52734375 0.17578125 0.06510416666666667 0.078125
1 0.7356770833333334 0.50390625 0.0625 0.06770833333333333
1 0.7122395833333334 0.3072916666666667 0.033854166666666664 0.057291666666666664
1 0.2903645833333333 0.90234375 0.041666666666666664 0.0390625
1 0.8932291666666666 0.6888020833333334 0.09114583333333333 0.046875
1 0.6002604166666666 0.7447916666666666 0.041666666666666664 0.06770833333333333
1 0.03125 0.65234375 0.03125 0.03125
1 0.10807291666666667 0.59765625 0.0625 0.0546875
1 0.421875 0.953125 0.044270833333333336 0.0390625
1 0.024739583333333332 0.4427083333333333 0.049479166666666664 0.078125
1 0.55078125 0.5416666666666666 0.041666666666666664 0.08072916666666667
1 0.47265625 0.7200520833333334 0.036458333333333336 0.07291666666666667
1 0.8268229166666666 0.8580729166666666 0.07552083333333333 0.078125
1 0.6002604166666666 0.96484375 0.036458333333333336 0.0546875
1 0.2994791666666667 0.7044270833333334 0.07291666666666667 0.046875
1 0.2708333333333333 0.3671875 0.07291666666666667 0.0859375
1 0.23177083333333334 0.3684895833333333 0.049479166666666664 0.09635416666666667
1 0.9010416666666666 0.4192708333333333 0.033854166666666664 0.0546875
1 0.7486979166666666 0.4244791666666667 0.041666666666666664 0.078125
1 0.13411458333333334 0.16536458333333334 0.028645833333333332 0.0625
1 0.6432291666666666 0.30859375 0.052083333333333336 0.0625
1 0.15755208333333334 0.21354166666666666 0.0625 0.046875
1 0.51171875 0.19270833333333334 0.0546875 0.11197916666666667
1 0.5299479166666666 0.2825520833333333 0.036458333333333336 0.07552083333333333
1 0.036458333333333336 0.21614583333333334 0.0625 0.10677083333333333
1 0.9557291666666666 0.44140625 0.041666666666666664 0.057291666666666664
1 0.4635416666666667 0.3190104166666667 0.028645833333333332 0.09635416666666667
1 0.62890625 0.3776041666666667 0.057291666666666664 0.057291666666666664
1 0.6861979166666666 0.5247395833333334 0.052083333333333336 0.07291666666666667
1 0.12109375 0.5143229166666666 0.0546875 0.049479166666666664
1 0.6653645833333334 0.7434895833333334 0.057291666666666664 0.08333333333333333
1 0.328125 0.5299479166666666 0.08072916666666667 0.0625
1 0.4986979166666667 0.8541666666666666 0.0859375 0.0703125
1 0.8424479166666666 0.73828125 0.046875 0.1015625
1 0.2630208333333333 0.94140625 0.059895833333333336 0.10416666666666667
1 0.3606770833333333 0.9205729166666666 0.06510416666666667 0.1171875
1 0.4908854166666667 0.6393229166666666 0.057291666666666664 0.06510416666666667
1 0.65625 0.90234375 0.046875 0.10416666666666667
1 0.3072916666666667 0.4947916666666667 0.07291666666666667 0.059895833333333336
1 0.2513020833333333 0.6731770833333334 0.06770833333333333 0.11197916666666667
1 0.6158854166666666 0.9127604166666666 0.052083333333333336 0.052083333333333336
1 0.2838541666666667 0.83984375 0.08854166666666667 0.06510416666666667
1 0.56640625 0.9401041666666666 0.052083333333333336 0.07291666666666667
1 0.3763020833333333 0.5807291666666666 0.044270833333333336 0.109375
1 0.5690104166666666 0.3294270833333333 0.052083333333333336 0.09635416666666667
1 0.07161458333333333 0.375 0.03125 0.07552083333333333
1 0.9739583333333334 0.3841145833333333 0.033854166666666664 0.036458333333333336
1 0.18229166666666666 0.15755208333333334 0.0703125 0.06770833333333333
1 0.31640625 0.3697916666666667 0.08072916666666667 0.08333333333333333
1 0.56640625 0.5 0.06510416666666667 0.049479166666666664
1 0.1015625 0.3776041666666667 0.033854166666666664 0.078125
1 0.5260416666666666 0.4869791666666667 0.0546875 0.03125
1 0.81640625 0.3658854166666667 0.044270833333333336 0.0859375
1 0.67578125 0.23697916666666666 0.046875 0.07552083333333333
1 0.5026041666666666 0.09375 0.046875 0.09114583333333333
1 0.20963541666666666 0.10677083333333333 0.0546875 0.06510416666666667
1 0.2838541666666667 0.0625 0.041666666666666664 0.07291666666666667
1 0.2747395833333333 0.09244791666666667 0.0390625 0.049479166666666664
1 0.9388020833333334 0.3763020833333333 0.07552083333333333 0.059895833333333336
1 0.9700520833333334 0.4661458333333333 0.059895833333333336 0.036458333333333336
1 0.3515625 0.4622395833333333 0.041666666666666664 0.078125
1 0.5130208333333334 0.6458333333333334 0.08072916666666667 0.07291666666666667
1 0.9609375 0.4895833333333333 0.044270833333333336 0.028645833333333332
1 0.1171875 0.8216145833333334 0.036458333333333336 0.057291666666666664
1 0.390625 0.4947916666666667 0.0625 0.08333333333333333
1 0.4700520833333333 0.7747395833333334 0.0859375 0.08333333333333333
1 0.07942708333333333 0.76171875 0.07291666666666667 0.06510416666666667
1 0.06510416666666667 0.4700520833333333 0.052083333333333336 0.052083333333333336
1 0.89453125 0.8893229166666666 0.09375 0.0703125
1 0.3307291666666667 0.2877604166666667 0.0546875 0.046875
1 0.5013020833333334 0.37890625 0.036458333333333336 0.059895833333333336
1 0.23046875 0.2604166666666667 0.046875 0.1015625
1 0.6354166666666666 0.359375 0.052083333333333336 0.052083333333333336
1 0.3294270833333333 0.109375 0.0546875 0.10416666666666667
1 0.9153645833333334 0.45703125 0.044270833333333336 0.06510416666666667
1 0.3359375 0.23307291666666666 0.06510416666666667 0.059895833333333336
1 0.036458333333333336 0.3567708333333333 0.049479166666666664 0.109375
1 0.3828125 0.02734375 0.026041666666666668 0.033854166666666664
1 0.5338541666666666 0.3372395833333333 0.0546875 0.0546875
1 0.2864583333333333 0.12630208333333334 0.052083333333333336 0.0703125
1 0.6432291666666666 0.41796875 0.052083333333333336 0.028645833333333332
1 0.18229166666666666 0.10677083333333333 0.07291666666666667 0.036458333333333336
1 0.6484375 0.4427083333333333 0.049479166666666664 0.028645833333333332
1 0.4622395833333333 0.17578125 0.0390625 0.07291666666666667
1 0.18880208333333334 0.9088541666666666 0.033854166666666664 0.046875
1 0.20442708333333334 0.6471354166666666 0.041666666666666664 0.03125
1 0.29296875 0.5677083333333334 0.0546875 0.08854166666666667
1 0.44921875 0.6875 0.06770833333333333 0.03125
1 0.18359375 0.6315104166666666 0.057291666666666664 0.044270833333333336
1 0.6536458333333334 0.5768229166666666 0.03125 0.07291666666666667
1 0.5169270833333334 0.5377604166666666 0.044270833333333336 0.0390625
1 0.4908854166666667 0.9518229166666666 0.049479166666666664 0.09114583333333333
1 0.12760416666666666 0.7174479166666666 0.0625 0.07291666666666667
1 0.19921875 0.9674479166666666 0.059895833333333336 0.052083333333333336
1 0.13541666666666666 0.6341145833333334 0.0546875 0.0625
1 0.7096354166666666 0.5598958333333334 0.049479166666666664 0.033854166666666664
1 0.5794270833333334 0.9036458333333334 0.0546875 0.08072916666666667
1 0.6263020833333334 0.8619791666666666 0.044270833333333336 0.046875
1 0.8763020833333334 0.66015625 0.049479166666666664 0.07291666666666667
1 0.2825520833333333 0.453125 0.06510416666666667 0.059895833333333336
1 0.5338541666666666 0.90625 0.06510416666666667 0.1015625
1 0.625 0.9453125 0.057291666666666664 0.0546875
1 0.89453125 0.77734375 0.046875 0.10677083333333333
1 0.34765625 0.14583333333333334 0.078125 0.0546875
1 0.2994791666666667 0.3020833333333333 0.041666666666666664 0.0703125
1 0.19010416666666666 0.27734375 0.057291666666666664 0.06510416666666667
1 0.44140625 0.10677083333333333 0.044270833333333336 0.09635416666666667
1 0.3567708333333333 0.045572916666666664 0.041666666666666664 0.046875
1 0.2591145833333333 0.10026041666666667 0.03125 0.0703125
1 0.765625 0.4661458333333333 0.044270833333333336 0.06510416666666667
1 0.7265625 0.45703125 0.036458333333333336 0.03125
1 0.4908854166666667 0.2760416666666667 0.06510416666666667 0.0546875
1 0.5260416666666666 0.4427083333333333 0.052083333333333336 0.08333333333333333
1 0.6145833333333334 0.4505208333333333 0.0625 0.049479166666666664
1 0.2265625 0.16015625 0.06510416666666667 0.059895833333333336
1 0.5833333333333334 0.5338541666666666 0.052083333333333336 0.0390625
1 0.6783854166666666 0.5729166666666666 0.0390625 0.08072916666666667
1 0.28515625 0.6471354166666666 0.0703125 0.09635416666666667
1 0.6302083333333334 0.6106770833333334 0.0625 0.07552083333333333
1 0.8177083333333334 0.5390625 0.08072916666666667 0.0390625
1 0.3658854166666667 0.8255208333333334 0.0859375 0.09375
1 0.25390625 0.5755208333333334 0.03125 0.0625
1 0.54296875 0.96875 0.057291666666666664 0.044270833333333336
1 0.8255208333333334 0.515625 0.06510416666666667 0.0390625
1 0.8177083333333334 0.7395833333333334 0.044270833333333336 0.1171875
1 0.4661458333333333 0.82421875 0.06510416666666667 0.044270833333333336
1 0.036458333333333336 0.5546875 0.06510416666666667 0.044270833333333336
1 0.078125 0.63671875 0.078125 0.057291666666666664
1 0.2265625 0.9166666666666666 0.0390625 0.078125