1 0.3541666666666667 0.3111979166666667 0.033854166666666664 0.033854166666666664
1 0.3059895833333333 0.3151041666666667 0.0234375 0.036458333333333336
1 0.3528645833333333 0.4427083333333333 0.028645833333333332 0.03125
1 0.375 0.4505208333333333 0.028645833333333332 0.036458333333333336
1 0.47265625 0.3463541666666667 0.026041666666666668 0.036458333333333336
1 0.4153645833333333 0.28515625 0.026041666666666668 0.0390625
1 0.3450520833333333 0.4361979166666667 0.0234375 0.044270833333333336
1 0.46875 0.4518229166666667 0.020833333333333332 0.0390625
1 0.4947916666666667 0.3255208333333333 0.033854166666666664 0.03125
1 0.484375 0.5559895833333334 0.028645833333333332 0.033854166666666664
1 0.24088541666666666 0.3658854166666667 0.026041666666666668 0.0234375
1 0.5390625 0.3606770833333333 0.03125 0.033854166666666664
1 0.4114583333333333 0.5442708333333334 0.018229166666666668 0.046875
1 0.4205729166666667 0.5559895833333334 0.026041666666666668 0.0390625
1 0.4401041666666667 0.5442708333333334 0.020833333333333332 0.036458333333333336
1 0.37109375 0.2630208333333333 0.020833333333333332 0.028645833333333332
1 0.4622395833333333 0.2721354166666667 0.018229166666666668 0.049479166666666664
1 0.40625 0.3385416666666667 0.033854166666666664 0.036458333333333336
1 0.44140625 0.62109375 0.020833333333333332 0.0390625
1 0.31640625 0.61328125 0.026041666666666668 0.0234375
1 0.4479166666666667 0.453125 0.03125 0.028645833333333332
1 0.3658854166666667 0.22135416666666666 0.028645833333333332 0.041666666666666664
1 0.30859375 0.3567708333333333 0.018229166666666668 0.044270833333333336
1 0.30078125 0.30078125 0.026041666666666668 0.028645833333333332
1 0.3984375 0.4596354166666667 0.028645833333333332 0.028645833333333332
1 0.4322916666666667 0.6145833333333334 0.020833333333333332 0.044270833333333336
1 0.3984375 0.421875 0.0234375 0.033854166666666664
1 0.26953125 0.4205729166666667 0.028645833333333332 0.026041666666666668
1 0.30078125 0.390625 0.0234375 0.036458333333333336
1 0.3880208333333333 0.4427083333333333 0.020833333333333332 0.041666666666666664
1 0.4388020833333333 0.1953125 0.026041666666666668 0.028645833333333332
1 0.421875 0.2734375 0.0234375 0.03125
1 0.41796875 0.4869791666666667 0.028645833333333332 0.028645833333333332
1 0.3854166666666667 0.6354166666666666 0.015625 0.0390625
1 0.3854166666666667 0.6015625 0.026041666666666668 0.026041666666666668
1 0.3203125 0.5572916666666666 0.0234375 0.041666666666666664
1 0.546875 0.4518229166666667 0.026041666666666668 0.0234375
1 0.44921875 0.28515625 0.026041666666666668 0.041666666666666664
1 0.33203125 0.5651041666666666 0.028645833333333332 0.0234375