1 0.421875 0.7018229166666666 0.036458333333333336 0.052083333333333336
1 0.3984375 0.6276041666666666 0.041666666666666664 0.049479166666666664
1 0.4440104166666667 0.5260416666666666 0.046875 0.041666666666666664
1 0.4049479166666667 0.796875 0.03125 0.041666666666666664
1 0.3776041666666667 0.80078125 0.026041666666666668 0.0546875
1 0.26171875 0.6458333333333334 0.036458333333333336 0.044270833333333336
1 0.2669270833333333 0.4231770833333333 0.046875 0.0625
1 0.4466145833333333 0.3697916666666667 0.052083333333333336 0.0390625
1 0.2578125 0.6236979166666666 0.033854166666666664 0.049479166666666664
1 0.4075520833333333 0.6744791666666666 0.041666666666666664 0.0546875
1 0.4348958333333333 0.80078125 0.036458333333333336 0.052083333333333336
1 0.2682291666666667 0.79296875 0.049479166666666664 0.049479166666666664
1 0.265625 0.6927083333333334 0.044270833333333336 0.059895833333333336
1 0.2734375 0.7682291666666666 0.052083333333333336 0.028645833333333332
1 0.4231770833333333 0.7994791666666666 0.028645833333333332 0.044270833333333336
1 0.1484375 0.703125 0.049479166666666664 0.052083333333333336
1 0.21354166666666666 0.4088541666666667 0.041666666666666664 0.08333333333333333
1 0.4856770833333333 0.7200520833333334 0.06510416666666667 0.052083333333333336
1 0.51171875 0.7916666666666666 0.036458333333333336 0.06510416666666667
1 0.20963541666666666 0.8059895833333334 0.03125 0.06510416666666667
1 0.28515625 0.515625 0.046875 0.07552083333333333