1 0.5442708333333334 0.4908854166666667 0.044270833333333336 0.06510416666666667
1 0.4453125 0.5143229166666666 0.049479166666666664 0.044270833333333336
1 0.45703125 0.3671875 0.0546875 0.0546875
1 0.6380208333333334 0.5013020833333334 0.03125 0.0390625
1 0.5104166666666666 0.24869791666666666 0.03125 0.06770833333333333
1 0.53125 0.5455729166666666 0.03125 0.057291666666666664
1 0.51953125 0.2669270833333333 0.026041666666666668 0.07291666666666667
1 0.5716145833333334 0.328125 0.028645833333333332 0.0625
1 0.4973958333333333 0.5364583333333334 0.0390625 0.052083333333333336
1 0.6354166666666666 0.4544270833333333 0.052083333333333336 0.026041666666666668
1 0.4609375 0.3450520833333333 0.0546875 0.0390625
1 0.484375 0.2760416666666667 0.041666666666666664 0.08333333333333333
1 0.4739583333333333 0.5052083333333334 0.0234375 0.046875
1 0.6171875 0.38671875 0.036458333333333336 0.06510416666666667
1 0.6328125 0.5208333333333334 0.0234375 0.052083333333333336
1 0.5755208333333334 0.4153645833333333 0.033854166666666664 0.049479166666666664
1 0.6145833333333334 0.5078125 0.018229166666666668 0.057291666666666664
1 0.5481770833333334 0.5924479166666666 0.028645833333333332 0.07552083333333333