1 0.5559895833333334 0.3932291666666667 0.03125 0.036458333333333336
1 0.5325520833333334 0.5494791666666666 0.010416666666666666 0.018229166666666668
1 0.5625 0.49609375 0.03125 0.0234375
1 0.5807291666666666 0.57421875 0.013020833333333334 0.020833333333333332
1 0.6184895833333334 0.6002604166666666 0.018229166666666668 0.026041666666666668
1 0.5338541666666666 0.5052083333333334 0.036458333333333336 0.044270833333333336
1 0.53125 0.4635416666666667 0.026041666666666668 0.026041666666666668
1 0.5872395833333334 0.5013020833333334 0.028645833333333332 0.049479166666666664
1 0.5143229166666666 0.5104166666666666 0.018229166666666668 0.03125
1 0.5546875 0.51953125 0.028645833333333332 0.028645833333333332
1 0.3723958333333333 0.4674479166666667 0.026041666666666668 0.057291666666666664
1 0.58984375 0.6002604166666666 0.028645833333333332 0.026041666666666668
1 0.5234375 0.5234375 0.026041666666666668 0.033854166666666664
1 0.59375 0.5494791666666666 0.018229166666666668 0.0390625
1 0.6171875 0.5768229166666666 0.018229166666666668 0.020833333333333332
1 0.5703125 0.5130208333333334 0.026041666666666668 0.0234375
1 0.59765625 0.6666666666666666 0.03125 0.0390625
1 0.60546875 0.6028645833333334 0.018229166666666668 0.049479166666666664
1 0.6302083333333334 0.5611979166666666 0.015625 0.036458333333333336
1 0.5572916666666666 0.5481770833333334 0.015625 0.018229166666666668
1 0.5481770833333334 0.5403645833333334 0.0234375 0.018229166666666668
1 0.5546875 0.5625 0.015625 0.0234375
1 0.5260416666666666 0.4830729166666667 0.03125 0.041666666666666664
1 0.5716145833333334 0.58984375 0.020833333333333332 0.020833333333333332
1 0.5755208333333334 0.5234375 0.020833333333333332 0.0234375
1 0.5611979166666666 0.58203125 0.013020833333333334 0.020833333333333332
1 0.49609375 0.3059895833333333 0.013020833333333334 0.028645833333333332
1 0.6080729166666666 0.6458333333333334 0.026041666666666668 0.0546875
1 0.3372395833333333 0.4921875 0.0234375 0.049479166666666664
1 0.54296875 0.4908854166666667 0.0234375 0.033854166666666664
1 0.5403645833333334 0.5520833333333334 0.018229166666666668 0.0234375
1 0.5794270833333334 0.5598958333333334 0.018229166666666668 0.015625
1 0.6041666666666666 0.7018229166666666 0.03125 0.041666666666666664
1 0.5794270833333334 0.5442708333333334 0.0234375 0.020833333333333332
1 0.5520833333333334 0.58203125 0.026041666666666668 0.041666666666666664
1 0.3567708333333333 0.4713541666666667 0.0234375 0.044270833333333336
1 0.63671875 0.7317708333333334 0.0234375 0.049479166666666664
1 0.5924479166666666 0.57421875 0.020833333333333332 0.0390625
1 0.6171875 0.67578125 0.020833333333333332 0.041666666666666664
1 0.59375 0.6315104166666666 0.015625 0.015625
1 0.56640625 0.5677083333333334 0.020833333333333332 0.020833333333333332