1 0.6549479166666666 0.5221354166666666 0.018229166666666668 0.052083333333333336
1 0.48828125 0.5403645833333334 0.026041666666666668 0.046875
1 0.5768229166666666 0.4921875 0.033854166666666664 0.026041666666666668
1 0.62109375 0.4739583333333333 0.044270833333333336 0.026041666666666668
1 0.54296875 0.4153645833333333 0.033854166666666664 0.0546875
1 0.6302083333333334 0.5065104166666666 0.018229166666666668 0.046875
1 0.4309895833333333 0.6028645833333334 0.041666666666666664 0.03125
1 0.3567708333333333 0.5638020833333334 0.026041666666666668 0.059895833333333336
1 0.4088541666666667 0.4921875 0.0234375 0.057291666666666664
1 0.5416666666666666 0.51171875 0.028645833333333332 0.041666666666666664
1 0.6901041666666666 0.5338541666666666 0.026041666666666668 0.0390625
1 0.7708333333333334 0.4908854166666667 0.049479166666666664 0.033854166666666664
1 0.6588541666666666 0.4791666666666667 0.033854166666666664 0.036458333333333336
1 0.65234375 0.60546875 0.026041666666666668 0.057291666666666664
1 0.4557291666666667 0.4817708333333333 0.03125 0.018229166666666668
1 0.3971354166666667 0.6145833333333334 0.041666666666666664 0.059895833333333336
1 0.3072916666666667 0.53125 0.020833333333333332 0.044270833333333336
1 0.4895833333333333 0.3125 0.036458333333333336 0.0625
1 0.6861979166666666 0.4973958333333333 0.033854166666666664 0.0390625
1 0.4205729166666667 0.5924479166666666 0.03125 0.020833333333333332
1 0.5546875 0.4856770833333333 0.018229166666666668 0.0546875
1 0.6393229166666666 0.4622395833333333 0.026041666666666668 0.0546875
1 0.50390625 0.5364583333333334 0.028645833333333332 0.046875
1 0.6171875 0.5104166666666666 0.020833333333333332 0.057291666666666664
1 0.328125 0.5130208333333334 0.044270833333333336 0.03125
1 0.73828125 0.5377604166666666 0.049479166666666664 0.028645833333333332
1 0.5911458333333334 0.4752604166666667 0.0390625 0.0390625
1 0.7356770833333334 0.5130208333333334 0.044270833333333336 0.026041666666666668
1 0.6041666666666666 0.5182291666666666 0.0234375 0.044270833333333336
1 0.4856770833333333 0.51171875 0.018229166666666668 0.03125
1 0.4921875 0.4973958333333333 0.020833333333333332 0.041666666666666664
1 0.4609375 0.5104166666666666 0.028645833333333332 0.044270833333333336
1 0.7018229166666666 0.5690104166666666 0.0390625 0.046875
1 0.6666666666666666 0.515625 0.020833333333333332 0.052083333333333336
1 0.44140625 0.546875 0.041666666666666664 0.0390625
1 0.4309895833333333 0.4908854166666667 0.0390625 0.0390625