1 0.8098958333333334 0.21484375 0.0625 0.06510416666666667
1 0.76171875 0.29296875 0.057291666666666664 0.078125
1 0.5950520833333334 0.3619791666666667 0.036458333333333336 0.041666666666666664
1 0.6236979166666666 0.3385416666666667 0.044270833333333336 0.049479166666666664
1 0.4466145833333333 0.484375 0.052083333333333336 0.06770833333333333
1 0.5260416666666666 0.6184895833333334 0.046875 0.0625
1 0.7291666666666666 0.15364583333333334 0.059895833333333336 0.078125
1 0.6731770833333334 0.1328125 0.036458333333333336 0.059895833333333336
1 0.671875 0.19791666666666666 0.052083333333333336 0.052083333333333336
1 0.70703125 0.5403645833333334 0.041666666666666664 0.052083333333333336
1 0.5091145833333334 0.5950520833333334 0.0546875 0.06770833333333333
1 0.73046875 0.07552083333333333 0.041666666666666664 0.057291666666666664
1 0.21223958333333334 0.4166666666666667 0.057291666666666664 0.0625
1 0.484375 0.7018229166666666 0.052083333333333336 0.057291666666666664
1 0.7356770833333334 0.3776041666666667 0.033854166666666664 0.0625
1 0.4296875 0.46484375 0.0546875 0.09375
1 0.4713541666666667 0.6276041666666666 0.057291666666666664 0.09375
1 0.68359375 0.5091145833333334 0.044270833333333336 0.08333333333333333
1 0.6497395833333334 0.07942708333333333 0.044270833333333336 0.06770833333333333
1 0.5377604166666666 0.25390625 0.052083333333333336 0.078125
1 0.4075520833333333 0.5520833333333334 0.057291666666666664 0.057291666666666664
1 0.8177083333333334 0.13020833333333334 0.046875 0.057291666666666664
1 0.4947916666666667 0.2643229166666667 0.057291666666666664 0.0859375
1 0.7591145833333334 0.4088541666666667 0.0546875 0.08072916666666667
1 0.5716145833333334 0.5026041666666666 0.046875 0.052083333333333336
1 0.6080729166666666 0.5677083333333334 0.044270833333333336 0.0625
1 0.5625 0.6067708333333334 0.0390625 0.07291666666666667
1 0.5924479166666666 0.6236979166666666 0.06770833333333333 0.08854166666666667
1 0.703125 0.07552083333333333 0.059895833333333336 0.06510416666666667
1 0.70703125 0.15104166666666666 0.049479166666666664 0.06510416666666667
1 0.5846354166666666 0.14192708333333334 0.044270833333333336 0.059895833333333336
1 0.6302083333333334 0.72265625 0.0546875 0.078125
1 0.8046875 0.4348958333333333 0.0546875 0.06510416666666667
1 0.8294270833333334 0.3971354166666667 0.057291666666666664 0.0625
1 0.6315104166666666 0.5143229166666666 0.046875 0.059895833333333336
1 0.65625 0.5065104166666666 0.049479166666666664 0.08072916666666667
1 0.8203125 0.3333333333333333 0.06510416666666667 0.09114583333333333
1 0.7669270833333334 0.1171875 0.041666666666666664 0.07552083333333333
1 0.7096354166666666 0.2890625 0.049479166666666664 0.08333333333333333
1 0.6002604166666666 0.41796875 0.0390625 0.0546875
1 0.6653645833333334 0.3098958333333333 0.044270833333333336 0.059895833333333336
1 0.5390625 0.5247395833333334 0.046875 0.059895833333333336
1 0.59765625 0.19140625 0.049479166666666664 0.07552083333333333
1 0.7434895833333334 0.3033854166666667 0.041666666666666664 0.07552083333333333
1 0.5611979166666666 0.5481770833333334 0.0390625 0.0703125
1 0.7604166666666666 0.5677083333333334 0.046875 0.08333333333333333
1 0.4296875 0.6184895833333334 0.0625 0.0703125
1 0.80078125 0.15234375 0.06510416666666667 0.09895833333333333
1 0.5364583333333334 0.6848958333333334 0.044270833333333336 0.07291666666666667
1 0.7213541666666666 0.4895833333333333 0.0390625 0.057291666666666664
1 0.57421875 0.5520833333333334 0.036458333333333336 0.07291666666666667
1 0.69921875 0.19921875 0.052083333333333336 0.0625
1 0.6145833333333334 0.13411458333333334 0.046875 0.07291666666666667
1 0.56640625 0.16145833333333334 0.059895833333333336 0.07552083333333333
1 0.75 0.4700520833333333 0.046875 0.059895833333333336
1 0.23828125 0.22005208333333334 0.059895833333333336 0.06770833333333333
1 0.3372395833333333 0.515625 0.0546875 0.0625
1 0.5546875 0.2955729166666667 0.052083333333333336 0.08072916666666667
1 0.8658854166666666 0.3450520833333333 0.049479166666666664 0.0859375
1 0.7838541666666666 0.26171875 0.08072916666666667 0.0703125
1 0.7109375 0.4244791666666667 0.057291666666666664 0.06770833333333333
1 0.6015625 0.5286458333333334 0.041666666666666664 0.052083333333333336
1 0.5625 0.07421875 0.0546875 0.078125
1 0.640625 0.20703125 0.046875 0.06510416666666667
1 0.59765625 0.07552083333333333 0.049479166666666664 0.07552083333333333
1 0.4466145833333333 0.2513020833333333 0.052083333333333336 0.078125
1 0.8177083333333334 0.6341145833333334 0.06510416666666667 0.0859375
1 0.7395833333333334 0.5364583333333334 0.052083333333333336 0.06770833333333333
1 0.46875 0.5533854166666666 0.052083333333333336 0.078125
1 0.4140625 0.6731770833333334 0.057291666666666664 0.08072916666666667
1 0.6927083333333334 0.2669270833333333 0.049479166666666664 0.08072916666666667
1 0.6627604166666666 0.3736979166666667 0.046875 0.057291666666666664
1 0.6614583333333334 0.5846354166666666 0.036458333333333336 0.06510416666666667
1 0.6302083333333334 0.36328125 0.044270833333333336 0.06510416666666667
1 0.5924479166666666 0.24609375 0.046875 0.07552083333333333
1 0.6888020833333334 0.1640625 0.036458333333333336 0.0390625
1 0.7669270833333334 0.5924479166666666 0.049479166666666664 0.08072916666666667
1 0.6393229166666666 0.4361979166666667 0.059895833333333336 0.08333333333333333
1 0.8294270833333334 0.13541666666666666 0.06510416666666667 0.08854166666666667
1 0.7760416666666666 0.3919270833333333 0.044270833333333336 0.057291666666666664
1 0.7174479166666666 0.3515625 0.046875 0.057291666666666664
1 0.5286458333333334 0.66796875 0.046875 0.057291666666666664
1 0.5234375 0.1171875 0.052083333333333336 0.09114583333333333
1 0.52734375 0.21223958333333334 0.057291666666666664 0.09375
1 0.63671875 0.09375 0.046875 0.06510416666666667
1 0.61328125 0.22135416666666666 0.036458333333333336 0.06510416666666667
1 0.7643229166666666 0.08854166666666667 0.041666666666666664 0.06510416666666667