1 0.28515625 0.5872395833333334 0.033854166666666664 0.028645833333333332
1 0.5416666666666666 0.69921875 0.049479166666666664 0.0390625
1 0.0859375 0.6861979166666666 0.041666666666666664 0.0546875
1 0.46875 0.3177083333333333 0.0546875 0.046875
1 0.5013020833333334 0.39453125 0.020833333333333332 0.052083333333333336
1 0.2643229166666667 0.6809895833333334 0.046875 0.03125
1 0.4700520833333333 0.4869791666666667 0.018229166666666668 0.041666666666666664
1 0.6302083333333334 0.546875 0.059895833333333336 0.0546875
1 0.3177083333333333 0.9231770833333334 0.046875 0.057291666666666664
1 0.4908854166666667 0.453125 0.033854166666666664 0.0625
1 0.2955729166666667 0.4596354166666667 0.041666666666666664 0.028645833333333332
1 0.328125 0.4947916666666667 0.028645833333333332 0.046875
1 0.3776041666666667 0.7486979166666666 0.044270833333333336 0.052083333333333336
1 0.55078125 0.5494791666666666 0.036458333333333336 0.044270833333333336
1 0.14453125 0.4401041666666667 0.0390625 0.028645833333333332
1 0.24348958333333334 0.53125 0.03125 0.028645833333333332
1 0.22265625 0.68359375 0.044270833333333336 0.052083333333333336
1 0.6549479166666666 0.6666666666666666 0.033854166666666664 0.0625
1 0.265625 0.3294270833333333 0.0234375 0.057291666666666664
1 0.390625 0.5768229166666666 0.033854166666666664 0.036458333333333336
1 0.18880208333333334 0.5026041666666666 0.033854166666666664 0.049479166666666664
1 0.38671875 0.6119791666666666 0.041666666666666664 0.046875
1 0.5221354166666666 0.4231770833333333 0.026041666666666668 0.057291666666666664
1 0.3098958333333333 0.4283854166666667 0.03125 0.052083333333333336
1 0.20572916666666666 0.5026041666666666 0.036458333333333336 0.0625
1 0.18229166666666666 0.4153645833333333 0.044270833333333336 0.049479166666666664
1 0.43359375 0.6197916666666666 0.03125 0.052083333333333336
1 0.4518229166666667 0.5 0.0390625 0.049479166666666664
1 0.2591145833333333 0.37890625 0.03125 0.041666666666666664
1 0.2747395833333333 0.4244791666666667 0.046875 0.028645833333333332
1 0.20833333333333334 0.5950520833333334 0.0390625 0.033854166666666664
1 0.2760416666666667 0.29296875 0.028645833333333332 0.059895833333333336
1 0.3502604166666667 0.7434895833333334 0.0390625 0.06770833333333333
1 0.19010416666666666 0.5533854166666666 0.03125 0.059895833333333336
1 0.4401041666666667 0.6875 0.0390625 0.049479166666666664
1 0.64453125 0.6197916666666666 0.0390625 0.052083333333333336
1 0.4739583333333333 0.4192708333333333 0.03125 0.049479166666666664
1 0.22005208333333334 0.5690104166666666 0.0390625 0.044270833333333336
1 0.33203125 0.76171875 0.026041666666666668 0.041666666666666664
1 0.4934895833333333 0.5611979166666666 0.041666666666666664 0.0546875
1 0.20052083333333334 0.7330729166666666 0.036458333333333336 0.06510416666666667
1 0.3268229166666667 0.4739583333333333 0.03125 0.033854166666666664
1 0.3190104166666667 0.60546875 0.041666666666666664 0.036458333333333336
1 0.23307291666666666 0.640625 0.046875 0.049479166666666664
1 0.2825520833333333 0.3932291666666667 0.041666666666666664 0.0390625
1 0.24348958333333334 0.6236979166666666 0.044270833333333336 0.028645833333333332
1 0.2747395833333333 0.6536458333333334 0.044270833333333336 0.06510416666666667
1 0.4583333333333333 0.4361979166666667 0.0390625 0.059895833333333336
1 0.4830729166666667 0.5143229166666666 0.020833333333333332 0.033854166666666664
1 0.3580729166666667 0.5 0.028645833333333332 0.0390625
1 0.3658854166666667 0.5364583333333334 0.044270833333333336 0.052083333333333336
1 0.3229166666666667 0.7864583333333334 0.03125 0.08333333333333333
1 0.4791666666666667 0.36328125 0.028645833333333332 0.0625
1 0.21744791666666666 0.4765625 0.036458333333333336 0.059895833333333336
1 0.6354166666666666 0.5872395833333334 0.046875 0.0390625
1 0.5052083333333334 0.43359375 0.036458333333333336 0.0546875
1 0.24479166666666666 0.6041666666666666 0.046875 0.036458333333333336
1 0.2786458333333333 0.3385416666666667 0.020833333333333332 0.0546875
1 0.5442708333333334 0.6015625 0.041666666666666664 0.033854166666666664
1 0.51171875 0.3671875 0.046875 0.033854166666666664
1 0.4348958333333333 0.4622395833333333 0.041666666666666664 0.026041666666666668
1 0.2786458333333333 0.7122395833333334 0.0390625 0.046875
1 0.3971354166666667 0.6002604166666666 0.0390625 0.0390625
1 0.4140625 0.6471354166666666 0.033854166666666664 0.049479166666666664
1 0.5 0.6575520833333334 0.0546875 0.046875
1 0.2265625 0.5390625 0.0390625 0.033854166666666664
1 0.5247395833333334 0.5234375 0.041666666666666664 0.033854166666666664
1 0.515625 0.5989583333333334 0.041666666666666664 0.057291666666666664
1 0.3294270833333333 0.7408854166666666 0.036458333333333336 0.0546875
1 0.25390625 0.2916666666666667 0.041666666666666664 0.049479166666666664
1 0.06770833333333333 0.6302083333333334 0.041666666666666664 0.057291666666666664
1 0.55078125 0.4947916666666667 0.036458333333333336 0.06510416666666667
1 0.49609375 0.5338541666666666 0.0234375 0.0390625
1 0.20052083333333334 0.53515625 0.03125 0.0390625
1 0.3619791666666667 0.5794270833333334 0.033854166666666664 0.0546875
1 0.5078125 0.4609375 0.033854166666666664 0.046875
1 0.2760416666666667 0.44140625 0.046875 0.03125
1 0.3138020833333333 0.3971354166666667 0.028645833333333332 0.057291666666666664
1 0.359375 0.4830729166666667 0.044270833333333336 0.044270833333333336
1 0.3138020833333333 0.4986979166666667 0.036458333333333336 0.052083333333333336
1 0.2942708333333333 0.6171875 0.0390625 0.052083333333333336
1 0.25390625 0.2721354166666667 0.0390625 0.052083333333333336
1 0.29296875 0.3307291666666667 0.036458333333333336 0.0625
1 0.3958333333333333 0.5611979166666666 0.041666666666666664 0.046875
1 0.5286458333333334 0.5638020833333334 0.028645833333333332 0.041666666666666664
1 0.3046875 0.3671875 0.036458333333333336 0.028645833333333332
1 0.3528645833333333 0.4622395833333333 0.033854166666666664 0.03125
1 0.5377604166666666 0.5494791666666666 0.033854166666666664 0.041666666666666664
1 0.4856770833333333 0.5 0.020833333333333332 0.03125
1 0.2669270833333333 0.3567708333333333 0.044270833333333336 0.057291666666666664
1 0.16536458333333334 0.51171875 0.049479166666666664 0.0703125
1 0.22916666666666666 0.5625 0.026041666666666668 0.044270833333333336
1 0.5950520833333334 0.7135416666666666 0.0546875 0.06770833333333333
1 0.20703125 0.57421875 0.026041666666666668 0.052083333333333336
1 0.36328125 0.4609375 0.026041666666666668 0.049479166666666664
1 0.5143229166666666 0.5572916666666666 0.036458333333333336 0.06770833333333333
1 0.20052083333333334 0.40625 0.036458333333333336 0.0546875