1 0.7421875 0.6614583333333334 0.0859375 0.07291666666666667
1 0.6875 0.7513020833333334 0.09114583333333333 0.0625
1 0.81640625 0.7526041666666666 0.08854166666666667 0.08072916666666667
1 0.6328125 0.72265625 0.0703125 0.06510416666666667
1 0.5833333333333334 0.7239583333333334 0.07552083333333333 0.0703125
1 0.5572916666666666 0.7734375 0.0546875 0.06510416666666667
1 0.7057291666666666 0.5794270833333334 0.09895833333333333 0.08333333333333333
1 0.6002604166666666 0.7630208333333334 0.0703125 0.06510416666666667
1 0.59375 0.8125 0.07291666666666667 0.059895833333333336
1 0.8229166666666666 0.4596354166666667 0.09895833333333333 0.078125
1 0.5807291666666666 0.7799479166666666 0.052083333333333336 0.049479166666666664