1 0.15364583333333334 0.4791666666666667 0.046875 0.057291666666666664
1 0.4713541666666667 0.8138020833333334 0.08072916666666667 0.052083333333333336
1 0.8372395833333334 0.4934895833333333 0.08072916666666667 0.0625
1 0.7942708333333334 0.4309895833333333 0.08072916666666667 0.0625
1 0.7669270833333334 0.3424479166666667 0.059895833333333336 0.06770833333333333
1 0.2630208333333333 0.3880208333333333 0.06510416666666667 0.057291666666666664
1 0.34375 0.3151041666666667 0.0625 0.057291666666666664
1 0.16796875 0.51171875 0.078125 0.049479166666666664
1 0.2669270833333333 0.4947916666666667 0.06770833333333333 0.049479166666666664
1 0.51953125 0.32421875 0.07552083333333333 0.057291666666666664
1 0.4231770833333333 0.4231770833333333 0.0703125 0.059895833333333336
1 0.50390625 0.4088541666666667 0.07291666666666667 0.057291666666666664
1 0.43359375 0.4869791666666667 0.049479166666666664 0.07291666666666667
1 0.5325520833333334 0.4713541666666667 0.0625 0.057291666666666664
1 0.4518229166666667 0.4908854166666667 0.059895833333333336 0.0703125
1 0.6080729166666666 0.6223958333333334 0.06510416666666667 0.0625
1 0.5989583333333334 0.5690104166666666 0.06770833333333333 0.0546875
1 0.5208333333333334 0.6614583333333334 0.08072916666666667 0.052083333333333336
1 0.5651041666666666 0.6236979166666666 0.07291666666666667 0.057291666666666664
1 0.6041666666666666 0.7513020833333334 0.052083333333333336 0.057291666666666664
1 0.5677083333333334 0.7486979166666666 0.044270833333333336 0.049479166666666664
1 0.7096354166666666 0.55859375 0.0625 0.059895833333333336
1 0.1796875 0.78125 0.07552083333333333 0.057291666666666664
1 0.16927083333333334 0.6744791666666666 0.0625 0.0546875
1 0.13151041666666666 0.6328125 0.1015625 0.059895833333333336
1 0.4596354166666667 0.7578125 0.041666666666666664 0.046875
1 0.3333333333333333 0.66015625 0.0703125 0.057291666666666664
1 0.7734375 0.66796875 0.09114583333333333 0.052083333333333336
1 0.7630208333333334 0.3984375 0.0625 0.0625
1 0.8111979166666666 0.3997395833333333 0.06770833333333333 0.052083333333333336
1 0.828125 0.3763020833333333 0.07291666666666667 0.06770833333333333
1 0.40625 0.6328125 0.049479166666666664 0.057291666666666664
1 0.2265625 0.4947916666666667 0.078125 0.052083333333333336
1 0.28515625 0.4296875 0.059895833333333336 0.0625
1 0.2747395833333333 0.3333333333333333 0.08333333333333333 0.06770833333333333
1 0.3411458333333333 0.33984375 0.08333333333333333 0.057291666666666664
1 0.5559895833333334 0.1875 0.07291666666666667 0.057291666666666664
1 0.42578125 0.3411458333333333 0.0703125 0.06510416666666667
1 0.2786458333333333 0.6276041666666666 0.0546875 0.0546875
1 0.5729166666666666 0.3567708333333333 0.0859375 0.059895833333333336
1 0.3828125 0.4869791666666667 0.06510416666666667 0.057291666666666664
1 0.5104166666666666 0.56640625 0.06510416666666667 0.049479166666666664
1 0.54296875 0.5494791666666666 0.07291666666666667 0.06770833333333333
1 0.58203125 0.5364583333333334 0.078125 0.0625
1 0.625 0.5221354166666666 0.0703125 0.0625
1 0.5013020833333334 0.6979166666666666 0.0625 0.0546875
1 0.63671875 0.7161458333333334 0.06510416666666667 0.0625
1 0.5338541666666666 0.3723958333333333 0.046875 0.052083333333333336
1 0.5013020833333334 0.3645833333333333 0.059895833333333336 0.036458333333333336
1 0.71875 0.578125 0.057291666666666664 0.057291666666666664
1 0.8463541666666666 0.5716145833333334 0.036458333333333336 0.049479166666666664
1 0.4791666666666667 0.7734375 0.08854166666666667 0.057291666666666664
1 0.7734375 0.6002604166666666 0.06510416666666667 0.059895833333333336
1 0.88671875 0.5625 0.09635416666666667 0.0625
1 0.8580729166666666 0.3997395833333333 0.0625 0.07552083333333333
1 0.3841145833333333 0.2838541666666667 0.057291666666666664 0.059895833333333336
1 0.4114583333333333 0.2916666666666667 0.0625 0.0546875
1 0.4205729166666667 0.2578125 0.0859375 0.0703125
1 0.3190104166666667 0.3763020833333333 0.08072916666666667 0.049479166666666664
1 0.3450520833333333 0.5052083333333334 0.06510416666666667 0.06770833333333333
1 0.4583333333333333 0.4036458333333333 0.07552083333333333 0.0546875
1 0.6953125 0.69921875 0.08072916666666667 0.08333333333333333
1 0.7526041666666666 0.5533854166666666 0.07291666666666667 0.0625
1 0.5768229166666666 0.4518229166666667 0.0703125 0.049479166666666664
1 0.46875 0.5169270833333334 0.07552083333333333 0.06770833333333333
1 0.49609375 0.6315104166666666 0.078125 0.049479166666666664
1 0.6575520833333334 0.5963541666666666 0.059895833333333336 0.0546875
1 0.58984375 0.7578125 0.041666666666666664 0.044270833333333336
1 0.3776041666666667 0.8033854166666666 0.0703125 0.052083333333333336
1 0.29296875 0.6966145833333334 0.07291666666666667 0.0703125
1 0.3932291666666667 0.8645833333333334 0.07291666666666667 0.0546875
1 0.4752604166666667 0.7486979166666666 0.052083333333333336 0.0546875
1 0.4283854166666667 0.7473958333333334 0.052083333333333336 0.046875
1 0.8203125 0.296875 0.09114583333333333 0.06510416666666667
1 0.7760416666666666 0.51171875 0.0625 0.0703125
1 0.4596354166666667 0.6848958333333334 0.0625 0.057291666666666664
1 0.23046875 0.4309895833333333 0.08333333333333333 0.0703125
1 0.1640625 0.5703125 0.0625 0.059895833333333336
1 0.2838541666666667 0.5026041666666666 0.06770833333333333 0.046875
1 0.3424479166666667 0.40234375 0.0859375 0.06770833333333333
1 0.4375 0.3736979166666667 0.046875 0.046875
1 0.6041666666666666 0.3984375 0.06770833333333333 0.044270833333333336
1 0.3463541666666667 0.62890625 0.07552083333333333 0.046875
1 0.41796875 0.671875 0.06510416666666667 0.0546875
1 0.20182291666666666 0.671875 0.059895833333333336 0.052083333333333336
1 0.13671875 0.52734375 0.057291666666666664 0.06510416666666667
1 0.18880208333333334 0.4752604166666667 0.07291666666666667 0.0546875
1 0.3450520833333333 0.7265625 0.057291666666666664 0.06510416666666667
1 0.5013020833333334 0.8450520833333334 0.078125 0.0546875
1 0.73828125 0.73046875 0.0625 0.0703125
1 0.76171875 0.6432291666666666 0.08333333333333333 0.07552083333333333
1 0.7578125 0.43359375 0.0625 0.052083333333333336
1 0.72265625 0.3645833333333333 0.0703125 0.057291666666666664
1 0.234375 0.5651041666666666 0.0703125 0.052083333333333336
1 0.3697916666666667 0.2981770833333333 0.052083333333333336 0.057291666666666664
1 0.2591145833333333 0.5338541666666666 0.08333333333333333 0.0625
1 0.5755208333333334 0.22265625 0.046875 0.06510416666666667
1 0.3723958333333333 0.42578125 0.07291666666666667 0.059895833333333336
1 0.2799479166666667 0.46484375 0.06510416666666667 0.046875
1 0.71484375 0.6848958333333334 0.07552083333333333 0.09895833333333333
1 0.6640625 0.6588541666666666 0.041666666666666664 0.0625
1 0.68359375 0.6354166666666666 0.06510416666666667 0.049479166666666664
1 0.6432291666666666 0.3958333333333333 0.057291666666666664 0.0703125
1 0.6796875 0.4544270833333333 0.049479166666666664 0.0703125
1 0.7005208333333334 0.4309895833333333 0.06510416666666667 0.049479166666666664
1 0.421875 0.4518229166666667 0.0546875 0.052083333333333336
1 0.3893229166666667 0.5325520833333334 0.07291666666666667 0.049479166666666664
1 0.3736979166666667 0.58203125 0.06770833333333333 0.0625
1 0.3658854166666667 0.5690104166666666 0.046875 0.06510416666666667
1 0.4739583333333333 0.5481770833333334 0.07291666666666667 0.052083333333333336
1 0.48828125 0.4622395833333333 0.06770833333333333 0.07291666666666667
1 0.5885416666666666 0.65625 0.08854166666666667 0.049479166666666664
1 0.6276041666666666 0.6223958333333334 0.059895833333333336 0.06510416666666667
1 0.53515625 0.6080729166666666 0.06770833333333333 0.059895833333333336
1 0.37890625 0.7122395833333334 0.0546875 0.049479166666666664
1 0.6875 0.38671875 0.0703125 0.057291666666666664
1 0.2565104166666667 0.83203125 0.08333333333333333 0.0546875
1 0.16796875 0.63671875 0.07552083333333333 0.0625
1 0.13671875 0.5651041666666666 0.049479166666666664 0.0546875
1 0.43359375 0.765625 0.0625 0.052083333333333336
1 0.3528645833333333 0.6953125 0.041666666666666664 0.059895833333333336
1 0.7630208333333334 0.6888020833333334 0.078125 0.052083333333333336
1 0.8203125 0.6692708333333334 0.0625 0.059895833333333336
1 0.95703125 0.6041666666666666 0.0859375 0.078125
1 0.8255208333333334 0.47265625 0.08854166666666667 0.0703125
1 0.83203125 0.3307291666666667 0.0703125 0.049479166666666664
1 0.76171875 0.3619791666666667 0.0625 0.059895833333333336
1 0.5325520833333334 0.7096354166666666 0.044270833333333336 0.059895833333333336
1 0.50390625 0.16796875 0.078125 0.059895833333333336
1 0.6106770833333334 0.37109375 0.078125 0.059895833333333336
1 0.421875 0.60546875 0.0703125 0.052083333333333336
1 0.43359375 0.5755208333333334 0.06510416666666667 0.046875
1 0.40625 0.5104166666666666 0.08072916666666667 0.06770833333333333
1 0.44921875 0.5247395833333334 0.0625 0.052083333333333336
1 0.5559895833333334 0.7005208333333334 0.052083333333333336 0.036458333333333336
1 0.5963541666666666 0.6744791666666666 0.0859375 0.0546875
1 0.6197916666666666 0.6966145833333334 0.07552083333333333 0.0546875
1 0.5924479166666666 0.71484375 0.052083333333333336 0.06510416666666667
1 0.5572916666666666 0.3841145833333333 0.044270833333333336 0.0546875
1 0.7200520833333334 0.5182291666666666 0.0703125 0.0703125
1 0.18359375 0.4596354166666667 0.052083333333333336 0.0546875
1 0.3802083333333333 0.78515625 0.07552083333333333 0.046875
1 0.22265625 0.65234375 0.07291666666666667 0.0390625
1 0.17708333333333334 0.6028645833333334 0.0625 0.052083333333333336
1 0.4401041666666667 0.79296875 0.08333333333333333 0.059895833333333336
1 0.5416666666666666 0.7825520833333334 0.07291666666666667 0.0703125
1 0.40625 0.734375 0.06510416666666667 0.044270833333333336
1 0.22005208333333334 0.3893229166666667 0.09895833333333333 0.06510416666666667
1 0.2682291666666667 0.6106770833333334 0.0546875 0.0390625
1 0.23567708333333334 0.6197916666666666 0.049479166666666664 0.057291666666666664
1 0.5690104166666666 0.26171875 0.06770833333333333 0.052083333333333336
1 0.58984375 0.29296875 0.07552083333333333 0.057291666666666664
1 0.2786458333333333 0.55859375 0.06510416666666667 0.049479166666666664
1 0.3333333333333333 0.5755208333333334 0.07552083333333333 0.06510416666666667
1 0.3385416666666667 0.4635416666666667 0.06770833333333333 0.0625
1 0.6809895833333334 0.5442708333333334 0.0625 0.0546875
1 0.66015625 0.5182291666666666 0.049479166666666664 0.052083333333333336
1 0.6158854166666666 0.46484375 0.0703125 0.0703125
1 0.5052083333333334 0.4947916666666667 0.0625 0.06510416666666667
1 0.484375 0.6015625 0.08072916666666667 0.08333333333333333
1 0.6015625 0.59375 0.08333333333333333 0.07291666666666667
1 0.14192708333333334 0.5963541666666666 0.0625 0.0703125
1 0.55078125 0.8658854166666666 0.06510416666666667 0.06770833333333333
1 0.83203125 0.5768229166666666 0.0625 0.06770833333333333
1 0.91796875 0.3763020833333333 0.06770833333333333 0.0625
1 0.8802083333333334 0.3997395833333333 0.06770833333333333 0.06770833333333333
1 0.8268229166666666 0.4388020833333333 0.07291666666666667 0.0625
1 0.7278645833333334 0.3971354166666667 0.057291666666666664 0.057291666666666664
1 0.7630208333333334 0.4778645833333333 0.08854166666666667 0.057291666666666664
1 0.4739583333333333 0.19921875 0.09114583333333333 0.059895833333333336
1 0.5572916666666666 0.1640625 0.07291666666666667 0.057291666666666664
1 0.4739583333333333 0.3111979166666667 0.0625 0.07552083333333333
1 0.5182291666666666 0.24739583333333334 0.09114583333333333 0.0703125
1 0.5143229166666666 0.28125 0.049479166666666664 0.06510416666666667
1 0.5963541666666666 0.3307291666666667 0.059895833333333336 0.07291666666666667
1 0.68359375 0.6783854166666666 0.0546875 0.057291666666666664
1 0.7291666666666666 0.61328125 0.044270833333333336 0.057291666666666664
1 0.6979166666666666 0.4921875 0.078125 0.044270833333333336
1 0.5221354166666666 0.51953125 0.07291666666666667 0.046875
1 0.6458333333333334 0.66015625 0.0703125 0.0703125
1 0.5104166666666666 0.7291666666666666 0.046875 0.057291666666666664
1 0.5546875 0.43359375 0.057291666666666664 0.057291666666666664
1 0.59765625 0.4192708333333333 0.049479166666666664 0.033854166666666664