1 0.5 0.4205729166666667 0.052083333333333336 0.036458333333333336
1 0.21223958333333334 0.703125 0.046875 0.044270833333333336
1 0.46484375 0.5546875 0.049479166666666664 0.033854166666666664
1 0.2643229166666667 0.20182291666666666 0.06770833333333333 0.046875
1 0.7395833333333334 0.3333333333333333 0.046875 0.044270833333333336
1 0.5611979166666666 0.44140625 0.052083333333333336 0.046875
1 0.4973958333333333 0.49609375 0.059895833333333336 0.044270833333333336
1 0.5 0.59375 0.036458333333333336 0.041666666666666664
1 0.4609375 0.3216145833333333 0.049479166666666664 0.041666666666666664
1 0.56640625 0.6458333333333334 0.0390625 0.046875
1 0.7239583333333334 0.6861979166666666 0.046875 0.041666666666666664
1 0.8815104166666666 0.34375 0.052083333333333336 0.049479166666666664
1 0.8346354166666666 0.3502604166666667 0.049479166666666664 0.0390625
1 0.31640625 0.7408854166666666 0.057291666666666664 0.046875
1 0.4752604166666667 0.2838541666666667 0.059895833333333336 0.049479166666666664
1 0.32421875 0.4544270833333333 0.0546875 0.0390625
1 0.09114583333333333 0.5403645833333334 0.033854166666666664 0.046875
1 0.22005208333333334 0.5338541666666666 0.052083333333333336 0.057291666666666664
1 0.26953125 0.6927083333333334 0.057291666666666664 0.049479166666666664
1 0.6731770833333334 0.8763020833333334 0.059895833333333336 0.052083333333333336
1 0.4153645833333333 0.57421875 0.044270833333333336 0.0546875
1 0.515625 0.578125 0.028645833333333332 0.036458333333333336
1 0.5078125 0.09895833333333333 0.0546875 0.044270833333333336
1 0.11458333333333333 0.6380208333333334 0.036458333333333336 0.049479166666666664
1 0.6276041666666666 0.5625 0.0703125 0.041666666666666664
1 0.6197916666666666 0.42578125 0.0390625 0.033854166666666664
1 0.8307291666666666 0.3190104166666667 0.06770833333333333 0.041666666666666664
1 0.31640625 0.24479166666666666 0.059895833333333336 0.033854166666666664
1 0.3020833333333333 0.2565104166666667 0.0546875 0.028645833333333332
1 0.234375 0.7734375 0.057291666666666664 0.044270833333333336
1 0.5234375 0.5911458333333334 0.041666666666666664 0.041666666666666664
1 0.6328125 0.7890625 0.041666666666666664 0.044270833333333336
1 0.3658854166666667 0.3502604166666667 0.0546875 0.057291666666666664
1 0.3854166666666667 0.5833333333333334 0.041666666666666664 0.052083333333333336