1 0.3932291666666667 0.6653645833333334 0.046875 0.0390625
1 0.609375 0.265625 0.06770833333333333 0.08854166666666667
1 0.8684895833333334 0.3294270833333333 0.08072916666666667 0.08854166666666667
1 0.4791666666666667 0.6927083333333334 0.10416666666666667 0.07552083333333333
1 0.2630208333333333 0.38671875 0.06510416666666667 0.08072916666666667
1 0.22395833333333334 0.34765625 0.07291666666666667 0.08854166666666667
1 0.4830729166666667 0.4075520833333333 0.0625 0.0859375
1 0.22526041666666666 0.6315104166666666 0.044270833333333336 0.028645833333333332
1 0.55859375 0.7213541666666666 0.059895833333333336 0.049479166666666664
1 0.5807291666666666 0.09375 0.06770833333333333 0.0546875
1 0.30859375 0.6497395833333334 0.033854166666666664 0.028645833333333332
1 0.453125 0.3932291666666667 0.07291666666666667 0.078125
1 0.19140625 0.6197916666666666 0.041666666666666664 0.0234375
1 0.5 0.07421875 0.057291666666666664 0.06770833333333333
1 0.62890625 0.3059895833333333 0.07291666666666667 0.10416666666666667
1 0.765625 0.57421875 0.10677083333333333 0.1171875