1 0.52734375 0.6484375 0.036458333333333336 0.046875
1 0.5221354166666666 0.68359375 0.044270833333333336 0.036458333333333336
1 0.4075520833333333 0.66796875 0.0546875 0.041666666666666664
1 0.4557291666666667 0.6822916666666666 0.026041666666666668 0.0625
1 0.4778645833333333 0.6692708333333334 0.03125 0.052083333333333336
1 0.5807291666666666 0.7161458333333334 0.046875 0.036458333333333336
1 0.4166666666666667 0.6302083333333334 0.0546875 0.052083333333333336
1 0.59765625 0.6484375 0.044270833333333336 0.046875
1 0.5859375 0.5455729166666666 0.059895833333333336 0.041666666666666664
1 0.7057291666666666 0.5208333333333334 0.028645833333333332 0.028645833333333332
1 0.6848958333333334 0.5130208333333334 0.026041666666666668 0.049479166666666664
1 0.6588541666666666 0.50390625 0.0390625 0.033854166666666664
1 0.4192708333333333 0.4973958333333333 0.033854166666666664 0.057291666666666664
1 0.4401041666666667 0.50390625 0.026041666666666668 0.059895833333333336
1 0.4583333333333333 0.5182291666666666 0.03125 0.06510416666666667
1 0.5611979166666666 0.453125 0.026041666666666668 0.046875
1 0.5625 0.4192708333333333 0.03125 0.03125
1 0.5846354166666666 0.45703125 0.041666666666666664 0.044270833333333336
1 0.6861979166666666 0.3450520833333333 0.033854166666666664 0.0546875
1 0.51953125 0.4583333333333333 0.046875 0.036458333333333336
1 0.5559895833333334 0.3736979166666667 0.041666666666666664 0.028645833333333332
1 0.5716145833333334 0.3984375 0.041666666666666664 0.03125
1 0.5885416666666666 0.4270833333333333 0.0390625 0.028645833333333332
1 0.4505208333333333 0.4479166666666667 0.041666666666666664 0.033854166666666664
1 0.3802083333333333 0.5026041666666666 0.06510416666666667 0.041666666666666664
1 0.3411458333333333 0.4596354166666667 0.041666666666666664 0.0546875
1 0.3697916666666667 0.4270833333333333 0.0546875 0.033854166666666664
1 0.4127604166666667 0.421875 0.03125 0.0703125
1 0.3567708333333333 0.40625 0.052083333333333336 0.0390625
1 0.4596354166666667 0.3776041666666667 0.044270833333333336 0.033854166666666664
1 0.46484375 0.4114583333333333 0.049479166666666664 0.0390625
1 0.7044270833333334 0.3268229166666667 0.033854166666666664 0.0546875
1 0.7278645833333334 0.2734375 0.041666666666666664 0.049479166666666664