1 0.5989583333333334 0.5026041666666666 0.0234375 0.049479166666666664
1 0.62109375 0.4140625 0.0234375 0.049479166666666664
1 0.4830729166666667 0.56640625 0.046875 0.033854166666666664
1 0.5651041666666666 0.4869791666666667 0.033854166666666664 0.036458333333333336
1 0.5286458333333334 0.5221354166666666 0.0234375 0.0390625
1 0.5885416666666666 0.453125 0.028645833333333332 0.0390625
1 0.6145833333333334 0.4401041666666667 0.020833333333333332 0.036458333333333336
1 0.5833333333333334 0.5052083333333334 0.03125 0.044270833333333336
1 0.4973958333333333 0.53515625 0.0390625 0.036458333333333336
1 0.6223958333333334 0.5169270833333334 0.041666666666666664 0.044270833333333336
1 0.5989583333333334 0.4765625 0.041666666666666664 0.026041666666666668
1 0.5182291666666666 0.5481770833333334 0.036458333333333336 0.026041666666666668
1 0.4309895833333333 0.5182291666666666 0.046875 0.057291666666666664
1 0.5625 0.5377604166666666 0.0390625 0.026041666666666668
1 0.5494791666666666 0.55859375 0.036458333333333336 0.0234375
1 0.5716145833333334 0.515625 0.0390625 0.041666666666666664