1 0.4622395833333333 0.43359375 0.026041666666666668 0.026041666666666668
1 0.6822916666666666 0.3880208333333333 0.049479166666666664 0.0234375
1 0.58203125 0.4440104166666667 0.044270833333333336 0.0234375
1 0.4440104166666667 0.4361979166666667 0.033854166666666664 0.033854166666666664
1 0.3190104166666667 0.3385416666666667 0.0234375 0.036458333333333336
1 0.5546875 0.5130208333333334 0.036458333333333336 0.03125
1 0.5690104166666666 0.47265625 0.0390625 0.028645833333333332
1 0.6197916666666666 0.3463541666666667 0.041666666666666664 0.026041666666666668
1 0.4049479166666667 0.4283854166666667 0.041666666666666664 0.028645833333333332
1 0.5338541666666666 0.5833333333333334 0.028645833333333332 0.033854166666666664
1 0.6940104166666666 0.4010416666666667 0.049479166666666664 0.033854166666666664
1 0.5598958333333334 0.5690104166666666 0.044270833333333336 0.036458333333333336
1 0.578125 0.3893229166666667 0.044270833333333336 0.03125
1 0.4518229166666667 0.4075520833333333 0.036458333333333336 0.028645833333333332
1 0.4544270833333333 0.5950520833333334 0.036458333333333336 0.033854166666666664
1 0.5846354166666666 0.4817708333333333 0.041666666666666664 0.0234375
1 0.44140625 0.4752604166666667 0.03125 0.0390625
1 0.5911458333333334 0.5859375 0.049479166666666664 0.0390625
1 0.5130208333333334 0.4973958333333333 0.041666666666666664 0.03125
1 0.4869791666666667 0.4765625 0.0390625 0.028645833333333332
1 0.6276041666666666 0.4830729166666667 0.036458333333333336 0.03125
1 0.5768229166666666 0.4947916666666667 0.028645833333333332 0.026041666666666668
1 0.6966145833333334 0.4231770833333333 0.020833333333333332 0.020833333333333332
1 0.5403645833333334 0.4765625 0.033854166666666664 0.036458333333333336
1 0.6263020833333334 0.44921875 0.0390625 0.044270833333333336
1 0.5104166666666666 0.4348958333333333 0.044270833333333336 0.033854166666666664
1 0.5247395833333334 0.5026041666666666 0.03125 0.0234375
1 0.5416666666666666 0.4973958333333333 0.026041666666666668 0.03125
1 0.4739583333333333 0.5625 0.059895833333333336 0.041666666666666664
1 0.6888020833333334 0.37109375 0.0390625 0.033854166666666664
1 0.6380208333333334 0.44921875 0.03125 0.03125
1 0.5794270833333334 0.3776041666666667 0.033854166666666664 0.026041666666666668
1 0.3645833333333333 0.5208333333333334 0.052083333333333336 0.046875