1 0.3567708333333333 0.6640625 0.06510416666666667 0.0546875
1 0.4752604166666667 0.5364583333333334 0.049479166666666664 0.052083333333333336
1 0.20833333333333334 0.5299479166666666 0.07291666666666667 0.0546875
1 0.2942708333333333 0.7109375 0.08072916666666667 0.044270833333333336
1 0.2630208333333333 0.4739583333333333 0.06510416666666667 0.0546875
1 0.19140625 0.4557291666666667 0.06510416666666667 0.059895833333333336
1 0.4153645833333333 0.578125 0.06770833333333333 0.046875
1 0.2890625 0.73046875 0.06510416666666667 0.041666666666666664
1 0.2578125 0.5677083333333334 0.078125 0.059895833333333336
1 0.09765625 0.4622395833333333 0.07552083333333333 0.06770833333333333
1 0.28515625 0.24869791666666666 0.08333333333333333 0.07552083333333333
1 0.34765625 0.4466145833333333 0.07291666666666667 0.0625