1 0.24869791666666666 0.3697916666666667 0.044270833333333336 0.059895833333333336
1 0.36328125 0.3723958333333333 0.059895833333333336 0.059895833333333336
1 0.51171875 0.2994791666666667 0.09375 0.044270833333333336
1 0.4947916666666667 0.328125 0.0703125 0.020833333333333332
1 0.3815104166666667 0.2591145833333333 0.078125 0.052083333333333336
1 0.6158854166666666 0.3489583333333333 0.0546875 0.033854166666666664
1 0.4596354166666667 0.4244791666666667 0.08854166666666667 0.041666666666666664
1 0.5651041666666666 0.37109375 0.09635416666666667 0.026041666666666668
1 0.6328125 0.4205729166666667 0.08072916666666667 0.0234375
1 0.6861979166666666 0.3893229166666667 0.041666666666666664 0.049479166666666664
1 0.5690104166666666 0.3528645833333333 0.057291666666666664 0.026041666666666668
1 0.3736979166666667 0.4153645833333333 0.049479166666666664 0.06510416666666667
1 0.3059895833333333 0.2994791666666667 0.0390625 0.059895833333333336
1 0.4205729166666667 0.37890625 0.044270833333333336 0.07552083333333333
1 0.57421875 0.4895833333333333 0.078125 0.028645833333333332
1 0.39453125 0.5234375 0.07552083333333333 0.059895833333333336
1 0.51953125 0.4713541666666667 0.059895833333333336 0.057291666666666664
1 0.53125 0.4192708333333333 0.044270833333333336 0.07291666666666667
1 0.5794270833333334 0.5013020833333334 0.078125 0.015625
1 0.3802083333333333 0.3033854166666667 0.09635416666666667 0.028645833333333332
1 0.55078125 0.3229166666666667 0.0546875 0.033854166666666664
1 0.34765625 0.3515625 0.049479166666666664 0.036458333333333336
1 0.22916666666666666 0.2747395833333333 0.044270833333333336 0.046875
1 0.5559895833333334 0.4270833333333333 0.041666666666666664 0.06770833333333333
1 0.5677083333333334 0.018229166666666668 0.06770833333333333 0.036458333333333336
1 0.62890625 0.484375 0.0390625 0.020833333333333332
1 0.4856770833333333 0.5130208333333334 0.07291666666666667 0.028645833333333332
1 0.69921875 0.42578125 0.10416666666666667 0.03125
1 0.796875 0.4127604166666667 0.1015625 0.033854166666666664
1 0.3098958333333333 0.25390625 0.08333333333333333 0.0390625
1 0.3072916666666667 0.3736979166666667 0.046875 0.059895833333333336
1 0.625 0.3763020833333333 0.1015625 0.041666666666666664
1 0.5143229166666666 0.3502604166666667 0.078125 0.0390625
1 0.4453125 0.3072916666666667 0.0703125 0.036458333333333336
1 0.25390625 0.28515625 0.0546875 0.041666666666666664
1 0.5807291666666666 0.4401041666666667 0.033854166666666664 0.026041666666666668
1 0.6484375 0.4583333333333333 0.09635416666666667 0.033854166666666664
1 0.609375 0.4427083333333333 0.036458333333333336 0.036458333333333336
1 0.3880208333333333 0.32421875 0.0625 0.028645833333333332
1 0.21744791666666666 0.24088541666666666 0.0390625 0.06510416666666667
1 0.4427083333333333 0.3645833333333333 0.041666666666666664 0.07552083333333333
1 0.5625 0.4674479166666667 0.057291666666666664 0.033854166666666664
1 0.2955729166666667 0.23177083333333334 0.1015625 0.041666666666666664
1 0.24088541666666666 0.2604166666666667 0.0546875 0.0703125
1 0.4622395833333333 0.53125 0.08854166666666667 0.041666666666666664
1 0.5026041666666666 0.016927083333333332 0.03125 0.03125
1 0.4661458333333333 0.3802083333333333 0.033854166666666664 0.06510416666666667
1 0.3138020833333333 0.4153645833333333 0.057291666666666664 0.041666666666666664
1 0.64453125 0.33984375 0.08072916666666667 0.028645833333333332
1 0.2903645833333333 0.3033854166666667 0.057291666666666664 0.041666666666666664
1 0.7356770833333334 0.4440104166666667 0.07552083333333333 0.036458333333333336
1 0.3098958333333333 0.3346354166666667 0.057291666666666664 0.033854166666666664
1 0.265625 0.3307291666666667 0.052083333333333336 0.052083333333333336
1 0.51171875 0.5221354166666666 0.0234375 0.015625
1 0.6028645833333334 0.4049479166666667 0.07552083333333333 0.026041666666666668
1 0.70703125 0.3828125 0.0390625 0.044270833333333336
1 0.2838541666666667 0.4231770833333333 0.052083333333333336 0.0703125
1 0.6328125 0.4427083333333333 0.0390625 0.03125
1 0.4947916666666667 0.3841145833333333 0.026041666666666668 0.041666666666666664