1 0.7265625 0.5546875 0.07291666666666667 0.0546875
1 0.6510416666666666 0.6171875 0.049479166666666664 0.044270833333333336
1 0.5338541666666666 0.6471354166666666 0.049479166666666664 0.07291666666666667
1 0.7278645833333334 0.6432291666666666 0.036458333333333336 0.0859375
1 0.58203125 0.3854166666666667 0.049479166666666664 0.08333333333333333
1 0.5989583333333334 0.4309895833333333 0.041666666666666664 0.0703125
1 0.6236979166666666 0.4388020833333333 0.033854166666666664 0.07552083333333333
1 0.5677083333333334 0.8307291666666666 0.0390625 0.09895833333333333
1 0.3893229166666667 0.64453125 0.0625 0.0625
1 0.5078125 0.4388020833333333 0.049479166666666664 0.0703125
1 0.6770833333333334 0.6927083333333334 0.057291666666666664 0.059895833333333336
1 0.578125 0.57421875 0.059895833333333336 0.036458333333333336
1 0.62890625 0.3255208333333333 0.0703125 0.033854166666666664
1 0.4036458333333333 0.453125 0.052083333333333336 0.041666666666666664
1 0.6119791666666666 0.3736979166666667 0.026041666666666668 0.0625
1 0.3723958333333333 0.3854166666666667 0.07291666666666667 0.0390625
1 0.5872395833333334 0.34765625 0.041666666666666664 0.09635416666666667
1 0.6458333333333334 0.4322916666666667 0.028645833333333332 0.059895833333333336
1 0.4973958333333333 0.60546875 0.028645833333333332 0.08333333333333333
1 0.80078125 0.5104166666666666 0.0234375 0.08072916666666667
1 0.5846354166666666 0.6940104166666666 0.049479166666666664 0.0703125
1 0.5221354166666666 0.5833333333333334 0.03125 0.0859375
1 0.5638020833333334 0.5377604166666666 0.018229166666666668 0.044270833333333336
1 0.59375 0.8854166666666666 0.036458333333333336 0.078125
1 0.4283854166666667 0.75390625 0.0546875 0.0859375
1 0.62109375 0.6302083333333334 0.06770833333333333 0.06510416666666667
1 0.6041666666666666 0.7786458333333334 0.041666666666666664 0.08072916666666667
1 0.4830729166666667 0.34765625 0.0625 0.036458333333333336
1 0.7552083333333334 0.4778645833333333 0.0390625 0.08333333333333333
1 0.6796875 0.79296875 0.0546875 0.09635416666666667
1 0.4739583333333333 0.6106770833333334 0.041666666666666664 0.09635416666666667
1 0.08854166666666667 0.13932291666666666 0.07291666666666667 0.09114583333333333
1 0.46484375 0.3893229166666667 0.0546875 0.07552083333333333
1 0.5703125 0.6614583333333334 0.0390625 0.07552083333333333
1 0.6354166666666666 0.8216145833333334 0.0625 0.06510416666666667
1 0.4830729166666667 0.7734375 0.057291666666666664 0.078125
1 0.6484375 0.3033854166666667 0.06510416666666667 0.044270833333333336
1 0.5494791666666666 0.4296875 0.06510416666666667 0.0390625
1 0.6822916666666666 0.5872395833333334 0.059895833333333336 0.0546875
1 0.4322916666666667 0.3229166666666667 0.041666666666666664 0.08854166666666667
1 0.55859375 0.6080729166666666 0.06510416666666667 0.03125
1 0.5390625 0.4947916666666667 0.052083333333333336 0.033854166666666664
1 0.6354166666666666 0.734375 0.0546875 0.06510416666666667
1 0.51171875 0.3958333333333333 0.028645833333333332 0.0703125
1 0.546875 0.3489583333333333 0.044270833333333336 0.078125
1 0.66015625 0.7473958333333334 0.057291666666666664 0.046875
1 0.4140625 0.5442708333333334 0.057291666666666664 0.06510416666666667
1 0.7200520833333334 0.33984375 0.08333333333333333 0.0703125
1 0.6614583333333334 0.3919270833333333 0.033854166666666664 0.09114583333333333
1 0.5286458333333334 0.8059895833333334 0.0390625 0.1015625
1 0.42578125 0.3932291666666667 0.03125 0.08854166666666667
1 0.4466145833333333 0.6549479166666666 0.052083333333333336 0.09375
1 0.5013020833333334 0.51953125 0.044270833333333336 0.0703125