1 0.2682291666666667 0.5208333333333334 0.033854166666666664 0.026041666666666668
1 0.4817708333333333 0.7018229166666666 0.046875 0.036458333333333336
1 0.049479166666666664 0.5572916666666666 0.0390625 0.052083333333333336
1 0.5234375 0.31640625 0.052083333333333336 0.041666666666666664
1 0.53125 0.3997395833333333 0.015625 0.049479166666666664
1 0.22135416666666666 0.6041666666666666 0.046875 0.028645833333333332
1 0.4752604166666667 0.4791666666666667 0.015625 0.0390625
1 0.6106770833333334 0.58203125 0.057291666666666664 0.049479166666666664
1 0.203125 0.8515625 0.041666666666666664 0.0546875
1 0.5052083333333334 0.4518229166666667 0.028645833333333332 0.059895833333333336
1 0.31640625 0.40234375 0.0390625 0.026041666666666668
1 0.3372395833333333 0.4453125 0.026041666666666668 0.044270833333333336
1 0.3098958333333333 0.7018229166666666 0.0390625 0.049479166666666664
1 0.5338541666666666 0.5625 0.033854166666666664 0.044270833333333336
1 0.17838541666666666 0.3385416666666667 0.0390625 0.026041666666666668
1 0.24609375 0.4544270833333333 0.028645833333333332 0.028645833333333332
1 0.18098958333333334 0.5950520833333334 0.041666666666666664 0.049479166666666664
1 0.5989583333333334 0.7044270833333334 0.028645833333333332 0.059895833333333336
1 0.3255208333333333 0.2682291666666667 0.020833333333333332 0.0546875
1 0.3723958333333333 0.5416666666666666 0.03125 0.033854166666666664
1 0.20182291666666666 0.4114583333333333 0.028645833333333332 0.049479166666666664
1 0.3580729166666667 0.57421875 0.0390625 0.044270833333333336
1 0.5442708333333334 0.4322916666666667 0.020833333333333332 0.057291666666666664
1 0.3385416666666667 0.3763020833333333 0.028645833333333332 0.052083333333333336
1 0.21875 0.4166666666666667 0.03125 0.059895833333333336
1 0.22135416666666666 0.3268229166666667 0.041666666666666664 0.046875
1 0.4010416666666667 0.5950520833333334 0.026041666666666668 0.052083333333333336
1 0.4544270833333333 0.4856770833333333 0.033854166666666664 0.046875
1 0.3046875 0.3138020833333333 0.028645833333333332 0.0390625
1 0.3059895833333333 0.3619791666666667 0.046875 0.026041666666666668
1 0.19270833333333334 0.5052083333333334 0.0390625 0.03125
1 0.34765625 0.23697916666666666 0.0234375 0.059895833333333336
1 0.28515625 0.6901041666666666 0.033854166666666664 0.06510416666666667
1 0.18880208333333334 0.4609375 0.026041666666666668 0.059895833333333336
1 0.3880208333333333 0.6614583333333334 0.036458333333333336 0.046875
1 0.6028645833333334 0.65625 0.036458333333333336 0.049479166666666664
1 0.4986979166666667 0.4153645833333333 0.028645833333333332 0.049479166666666664
1 0.21223958333333334 0.484375 0.036458333333333336 0.041666666666666664
1 0.2630208333333333 0.7018229166666666 0.020833333333333332 0.0390625
1 0.4752604166666667 0.5559895833333334 0.036458333333333336 0.052083333333333336
1 0.14583333333333334 0.6354166666666666 0.03125 0.0625
1 0.3411458333333333 0.4244791666666667 0.028645833333333332 0.03125
1 0.2955729166666667 0.5481770833333334 0.0390625 0.033854166666666664
1 0.203125 0.5559895833333334 0.044270833333333336 0.046875
1 0.32421875 0.3346354166666667 0.0390625 0.036458333333333336
1 0.21744791666666666 0.5442708333333334 0.041666666666666664 0.026041666666666668
1 0.23958333333333334 0.5807291666666666 0.0390625 0.06510416666666667
1 0.4791666666666667 0.4270833333333333 0.033854166666666664 0.057291666666666664
1 0.4791666666666667 0.5078125 0.018229166666666668 0.033854166666666664
1 0.3645833333333333 0.4583333333333333 0.026041666666666668 0.036458333333333336
1 0.3619791666666667 0.49609375 0.041666666666666664 0.049479166666666664
1 0.24739583333333334 0.72265625 0.026041666666666668 0.08333333333333333
1 0.51953125 0.36328125 0.0234375 0.0625
1 0.23567708333333334 0.39453125 0.03125 0.057291666666666664
1 0.6041666666666666 0.6236979166666666 0.044270833333333336 0.036458333333333336
1 0.5247395833333334 0.4388020833333333 0.03125 0.052083333333333336
1 0.22526041666666666 0.5247395833333334 0.046875 0.033854166666666664
1 0.3359375 0.28125 0.015625 0.0546875
1 0.5130208333333334 0.6106770833333334 0.041666666666666664 0.03125
1 0.5494791666666666 0.3763020833333333 0.044270833333333336 0.03125
1 0.4479166666666667 0.4453125 0.0390625 0.0234375
1 0.2265625 0.6393229166666666 0.036458333333333336 0.044270833333333336
1 0.3723958333333333 0.56640625 0.036458333333333336 0.036458333333333336
1 0.375 0.6145833333333334 0.028645833333333332 0.049479166666666664
1 0.4544270833333333 0.6510416666666666 0.049479166666666664 0.044270833333333336
1 0.2265625 0.45703125 0.0390625 0.03125
1 0.5169270833333334 0.5286458333333334 0.041666666666666664 0.03125
1 0.4856770833333333 0.5989583333333334 0.0390625 0.0546875
1 0.265625 0.6809895833333334 0.03125 0.052083333333333336
1 0.3255208333333333 0.22916666666666666 0.0390625 0.046875
1 0.048177083333333336 0.4986979166666667 0.036458333333333336 0.057291666666666664
1 0.5494791666666666 0.5091145833333334 0.03125 0.0625
1 0.4856770833333333 0.53125 0.020833333333333332 0.0390625
1 0.203125 0.4466145833333333 0.028645833333333332 0.036458333333333336
1 0.34375 0.5364583333333334 0.03125 0.0546875
1 0.51953125 0.46484375 0.03125 0.044270833333333336
1 0.3033854166666667 0.37890625 0.044270833333333336 0.028645833333333332
1 0.3528645833333333 0.34765625 0.026041666666666668 0.0546875
1 0.3697916666666667 0.4427083333333333 0.0390625 0.041666666666666664
1 0.3229166666666667 0.4453125 0.03125 0.049479166666666664
1 0.26953125 0.5520833333333334 0.036458333333333336 0.049479166666666664
1 0.33203125 0.20963541666666666 0.033854166666666664 0.052083333333333336
1 0.3515625 0.27734375 0.03125 0.059895833333333336
1 0.3815104166666667 0.5286458333333334 0.0390625 0.044270833333333336
1 0.5078125 0.5690104166666666 0.026041666666666668 0.0390625
1 0.3515625 0.3151041666666667 0.036458333333333336 0.026041666666666668
1 0.37109375 0.4205729166666667 0.03125 0.028645833333333332
1 0.5208333333333334 0.55859375 0.028645833333333332 0.0390625
1 0.4856770833333333 0.49609375 0.020833333333333332 0.028645833333333332
1 0.3190104166666667 0.2955729166666667 0.0390625 0.0546875
1 0.17708333333333334 0.4140625 0.044270833333333336 0.06770833333333333
1 0.22265625 0.4817708333333333 0.0234375 0.041666666666666664
1 0.52734375 0.7317708333333334 0.049479166666666664 0.06510416666666667
1 0.19791666666666666 0.4856770833333333 0.020833333333333332 0.052083333333333336
1 0.3815104166666667 0.4231770833333333 0.020833333333333332 0.049479166666666664
1 0.49609375 0.55859375 0.03125 0.06510416666666667
1 0.24088541666666666 0.3216145833333333 0.03125 0.052083333333333336