1 0.6966145833333334 0.625 0.08072916666666667 0.06510416666666667
1 0.6041666666666666 0.66015625 0.0546875 0.052083333333333336
1 0.484375 0.6510416666666666 0.059895833333333336 0.078125
1 0.6692708333333334 0.7096354166666666 0.052083333333333336 0.08854166666666667
1 0.6145833333333334 0.4192708333333333 0.0625 0.08854166666666667
1 0.6171875 0.4661458333333333 0.0546875 0.07552083333333333
1 0.63671875 0.4830729166666667 0.046875 0.078125
1 0.4557291666666667 0.8346354166666666 0.0546875 0.1015625
1 0.34765625 0.6002604166666666 0.07291666666666667 0.07291666666666667
1 0.52734375 0.4453125 0.0625 0.078125
1 0.6041666666666666 0.7395833333333334 0.06770833333333333 0.06770833333333333
1 0.5494791666666666 0.5950520833333334 0.0625 0.044270833333333336
1 0.6783854166666666 0.3763020833333333 0.07291666666666667 0.044270833333333336
1 0.4244791666666667 0.4244791666666667 0.059895833333333336 0.049479166666666664
1 0.6471354166666666 0.4166666666666667 0.036458333333333336 0.0625
1 0.4166666666666667 0.3489583333333333 0.078125 0.052083333333333336
1 0.6315104166666666 0.3841145833333333 0.057291666666666664 0.1015625
1 0.6588541666666666 0.4830729166666667 0.0390625 0.0625
1 0.4622395833333333 0.5989583333333334 0.041666666666666664 0.08333333333333333
1 0.78125 0.6080729166666666 0.0390625 0.08072916666666667
1 0.5169270833333334 0.7109375 0.059895833333333336 0.078125
1 0.4934895833333333 0.5859375 0.046875 0.08854166666666667
1 0.5481770833333334 0.5559895833333334 0.026041666666666668 0.046875
1 0.4635416666666667 0.89453125 0.052083333333333336 0.08072916666666667
1 0.3502604166666667 0.7174479166666666 0.0703125 0.09375
1 0.5729166666666666 0.6627604166666666 0.078125 0.07552083333333333
1 0.5078125 0.796875 0.0546875 0.0859375
1 0.5338541666666666 0.3502604166666667 0.06510416666666667 0.046875
1 0.7486979166666666 0.5625 0.052083333333333336 0.0859375
1 0.57421875 0.8359375 0.07291666666666667 0.1015625
1 0.4388020833333333 0.5950520833333334 0.057291666666666664 0.09895833333333333
1 0.2265625 0.037760416666666664 0.08854166666666667 0.07552083333333333
1 0.5026041666666666 0.3841145833333333 0.06770833333333333 0.08333333333333333
1 0.5143229166666666 0.6744791666666666 0.052083333333333336 0.08072916666666667
1 0.5221354166666666 0.8489583333333334 0.0703125 0.07291666666666667
1 0.39453125 0.75390625 0.0703125 0.0859375
1 0.7044270833333334 0.3619791666666667 0.07291666666666667 0.0546875
1 0.5703125 0.4505208333333333 0.0703125 0.049479166666666664
1 0.6432291666666666 0.6419270833333334 0.06770833333333333 0.06510416666666667
1 0.4934895833333333 0.3111979166666667 0.057291666666666664 0.09114583333333333
1 0.51953125 0.62109375 0.06770833333333333 0.041666666666666664
1 0.5377604166666666 0.5078125 0.057291666666666664 0.044270833333333336
1 0.5520833333333334 0.765625 0.06510416666666667 0.07291666666666667
1 0.5455729166666666 0.40625 0.041666666666666664 0.07291666666666667
1 0.59375 0.3723958333333333 0.057291666666666664 0.08333333333333333
1 0.5703125 0.78515625 0.0625 0.0546875
1 0.4049479166666667 0.5130208333333334 0.06770833333333333 0.07291666666666667
1 0.7604166666666666 0.4205729166666667 0.09114583333333333 0.08333333333333333
1 0.6875 0.4505208333333333 0.052083333333333336 0.09375
1 0.4283854166666667 0.7994791666666666 0.057291666666666664 0.10416666666666667
1 0.46484375 0.375 0.046875 0.08854166666666667
1 0.3997395833333333 0.62890625 0.06770833333333333 0.09895833333333333
1 0.4947916666666667 0.5182291666666666 0.0546875 0.07552083333333333