1 0.3411458333333333 0.5455729166666666 0.0390625 0.036458333333333336
1 0.4270833333333333 0.53125 0.033854166666666664 0.041666666666666664
1 0.5872395833333334 0.17317708333333334 0.03125 0.041666666666666664
1 0.4986979166666667 0.3580729166666667 0.03125 0.03125
1 0.4869791666666667 0.4075520833333333 0.028645833333333332 0.033854166666666664
1 0.5338541666666666 0.3411458333333333 0.028645833333333332 0.041666666666666664
1 0.5 0.6744791666666666 0.0234375 0.020833333333333332
1 0.6575520833333334 0.6380208333333334 0.03125 0.0390625
1 0.6223958333333334 0.5182291666666666 0.033854166666666664 0.036458333333333336
1 0.5455729166666666 0.5169270833333334 0.03125 0.044270833333333336
1 0.625 0.484375 0.026041666666666668 0.026041666666666668
1 0.6575520833333334 0.421875 0.0234375 0.0390625
1 0.69140625 0.3919270833333333 0.028645833333333332 0.044270833333333336
1 0.6015625 0.4114583333333333 0.028645833333333332 0.033854166666666664
1 0.6119791666666666 0.21354166666666666 0.028645833333333332 0.041666666666666664
1 0.6197916666666666 0.3502604166666667 0.03125 0.046875
1 0.6536458333333334 0.2734375 0.0234375 0.036458333333333336
1 0.7018229166666666 0.3528645833333333 0.028645833333333332 0.033854166666666664
1 0.5768229166666666 0.3736979166666667 0.0234375 0.0390625
1 0.640625 0.30859375 0.033854166666666664 0.033854166666666664
1 0.5625 0.328125 0.033854166666666664 0.033854166666666664
1 0.578125 0.4856770833333333 0.0234375 0.03125
1 0.5533854166666666 0.8046875 0.03125 0.0390625
1 0.49609375 0.75 0.03125 0.028645833333333332
1 0.4830729166666667 0.57421875 0.020833333333333332 0.033854166666666664
1 0.5221354166666666 0.4088541666666667 0.026041666666666668 0.03125
1 0.5169270833333334 0.7239583333333334 0.03125 0.033854166666666664
1 0.5403645833333334 0.71484375 0.026041666666666668 0.0234375
1 0.5130208333333334 0.6731770833333334 0.033854166666666664 0.044270833333333336
1 0.6432291666666666 0.6315104166666666 0.026041666666666668 0.049479166666666664
1 0.5481770833333334 0.5950520833333334 0.0234375 0.041666666666666664
1 0.5911458333333334 0.5234375 0.033854166666666664 0.033854166666666664
1 0.5768229166666666 0.4596354166666667 0.026041666666666668 0.033854166666666664
1 0.6002604166666666 0.4661458333333333 0.028645833333333332 0.0390625
1 0.6432291666666666 0.44140625 0.028645833333333332 0.036458333333333336
1 0.6731770833333334 0.43359375 0.026041666666666668 0.041666666666666664
1 0.609375 0.2421875 0.0234375 0.041666666666666664
1 0.57421875 0.2578125 0.028645833333333332 0.049479166666666664
1 0.6497395833333334 0.29296875 0.03125 0.03125
1 0.6861979166666666 0.2942708333333333 0.028645833333333332 0.046875
1 0.51953125 0.4544270833333333 0.03125 0.028645833333333332
1 0.6328125 0.2734375 0.0234375 0.033854166666666664
1 0.55078125 0.3984375 0.026041666666666668 0.049479166666666664
1 0.4322916666666667 0.6796875 0.020833333333333332 0.0390625
1 0.4296875 0.4752604166666667 0.03125 0.0390625
1 0.48828125 0.4544270833333333 0.026041666666666668 0.046875
1 0.5768229166666666 0.6354166666666666 0.026041666666666668 0.028645833333333332
1 0.5638020833333334 0.61328125 0.028645833333333332 0.0390625
1 0.5247395833333334 0.63671875 0.036458333333333336 0.03125
1 0.5221354166666666 0.5859375 0.03125 0.049479166666666664
1 0.5625 0.5013020833333334 0.028645833333333332 0.03125
1 0.6145833333333334 0.4322916666666667 0.028645833333333332 0.033854166666666664
1 0.6614583333333334 0.4674479166666667 0.028645833333333332 0.033854166666666664
1 0.6328125 0.41796875 0.0234375 0.0390625
1 0.6106770833333334 0.2955729166666667 0.020833333333333332 0.041666666666666664
1 0.52734375 0.4973958333333333 0.028645833333333332 0.026041666666666668
1 0.4700520833333333 0.5885416666666666 0.0234375 0.041666666666666664
1 0.52734375 0.6119791666666666 0.0234375 0.026041666666666668
1 0.5885416666666666 0.3294270833333333 0.0234375 0.036458333333333336
1 0.5703125 0.2903645833333333 0.036458333333333336 0.03125
1 0.5377604166666666 0.78515625 0.028645833333333332 0.049479166666666664
1 0.4127604166666667 0.6927083333333334 0.026041666666666668 0.041666666666666664
1 0.5416666666666666 0.20963541666666666 0.0234375 0.0390625
1 0.4609375 0.6458333333333334 0.028645833333333332 0.036458333333333336
1 0.5247395833333334 0.4713541666666667 0.028645833333333332 0.03125
1 0.4817708333333333 0.6875 0.028645833333333332 0.044270833333333336
1 0.50390625 0.7083333333333334 0.033854166666666664 0.03125
1 0.7395833333333334 0.66015625 0.03125 0.052083333333333336
1 0.55078125 0.6927083333333334 0.026041666666666668 0.044270833333333336
1 0.55859375 0.6510416666666666 0.028645833333333332 0.036458333333333336
1 0.6197916666666666 0.6575520833333334 0.026041666666666668 0.041666666666666664
1 0.6080729166666666 0.6536458333333334 0.0234375 0.041666666666666664
1 0.62890625 0.5963541666666666 0.026041666666666668 0.044270833333333336
1 0.5377604166666666 0.5755208333333334 0.026041666666666668 0.033854166666666664
1 0.68359375 0.51953125 0.033854166666666664 0.046875
1 0.6848958333333334 0.44921875 0.03125 0.028645833333333332
1 0.5950520833333334 0.2513020833333333 0.028645833333333332 0.036458333333333336
1 0.6302083333333334 0.3736979166666667 0.028645833333333332 0.028645833333333332
1 0.5963541666666666 0.3567708333333333 0.026041666666666668 0.033854166666666664
1 0.5677083333333334 0.3684895833333333 0.026041666666666668 0.046875
1 0.4934895833333333 0.77734375 0.033854166666666664 0.033854166666666664
1 0.3736979166666667 0.35546875 0.028645833333333332 0.049479166666666664
1 0.4296875 0.2721354166666667 0.03125 0.049479166666666664
1 0.43359375 0.4153645833333333 0.028645833333333332 0.033854166666666664
1 0.5559895833333334 0.21484375 0.028645833333333332 0.028645833333333332
1 0.5325520833333334 0.22265625 0.0234375 0.0390625
1 0.4427083333333333 0.5625 0.028645833333333332 0.044270833333333336
1 0.4583333333333333 0.5716145833333334 0.026041666666666668 0.041666666666666664
1 0.5677083333333334 0.7005208333333334 0.0234375 0.041666666666666664
1 0.5546875 0.57421875 0.0234375 0.0390625
1 0.5455729166666666 0.6302083333333334 0.0234375 0.028645833333333332
1 0.546875 0.5442708333333334 0.0234375 0.044270833333333336
1 0.5247395833333334 0.5338541666666666 0.020833333333333332 0.028645833333333332
1 0.5559895833333334 0.3046875 0.028645833333333332 0.03125
1 0.6197916666666666 0.3203125 0.026041666666666668 0.028645833333333332
1 0.73828125 0.3203125 0.033854166666666664 0.044270833333333336
1 0.7109375 0.3776041666666667 0.0234375 0.046875
1 0.6184895833333334 0.2513020833333333 0.028645833333333332 0.03125
1 0.6223958333333334 0.23307291666666666 0.0234375 0.036458333333333336
1 0.3880208333333333 0.4440104166666667 0.03125 0.036458333333333336
1 0.4765625 0.4348958333333333 0.033854166666666664 0.033854166666666664
1 0.4830729166666667 0.609375 0.028645833333333332 0.033854166666666664
1 0.609375 0.76171875 0.036458333333333336 0.041666666666666664
1 0.5091145833333334 0.609375 0.026041666666666668 0.026041666666666668
1 0.5755208333333334 0.5481770833333334 0.028645833333333332 0.0390625
1 0.6588541666666666 0.5052083333333334 0.028645833333333332 0.049479166666666664
1 0.5690104166666666 0.4739583333333333 0.028645833333333332 0.033854166666666664
1 0.6458333333333334 0.4739583333333333 0.03125 0.028645833333333332
1 0.6471354166666666 0.4544270833333333 0.033854166666666664 0.036458333333333336
1 0.56640625 0.4140625 0.0234375 0.044270833333333336
1 0.5846354166666666 0.3046875 0.03125 0.044270833333333336
1 0.57421875 0.3346354166666667 0.03125 0.026041666666666668
1 0.65234375 0.2421875 0.026041666666666668 0.026041666666666668
1 0.7109375 0.171875 0.03125 0.049479166666666664
1 0.5859375 0.3893229166666667 0.028645833333333332 0.046875
1 0.6484375 0.3880208333333333 0.028645833333333332 0.041666666666666664
1 0.62109375 0.4010416666666667 0.028645833333333332 0.028645833333333332
1 0.515625 0.5247395833333334 0.020833333333333332 0.0390625
1 0.6927083333333334 0.3294270833333333 0.03125 0.033854166666666664
1 0.5364583333333334 0.609375 0.028645833333333332 0.03125
1 0.4231770833333333 0.6796875 0.026041666666666668 0.041666666666666664
1 0.46484375 0.578125 0.0234375 0.0390625
1 0.4934895833333333 0.52734375 0.033854166666666664 0.036458333333333336
1 0.6484375 0.6015625 0.033854166666666664 0.026041666666666668
1 0.7265625 0.5247395833333334 0.033854166666666664 0.033854166666666664
1 0.5026041666666666 0.4270833333333333 0.03125 0.046875
1 0.6744791666666666 0.3411458333333333 0.033854166666666664 0.036458333333333336
1 0.5182291666666666 0.4375 0.033854166666666664 0.041666666666666664
1 0.6705729166666666 0.375 0.028645833333333332 0.0390625
1 0.5833333333333334 0.2825520833333333 0.0234375 0.044270833333333336
1 0.4440104166666667 0.27734375 0.0234375 0.041666666666666664
1 0.4921875 0.2721354166666667 0.036458333333333336 0.046875
1 0.5143229166666666 0.3385416666666667 0.026041666666666668 0.041666666666666664
1 0.4596354166666667 0.6197916666666666 0.026041666666666668 0.036458333333333336
1 0.5091145833333334 0.4765625 0.028645833333333332 0.044270833333333336
1 0.546875 0.3763020833333333 0.026041666666666668 0.036458333333333336
1 0.4921875 0.6328125 0.03125 0.03125
1 0.6263020833333334 0.66796875 0.028645833333333332 0.044270833333333336
1 0.5963541666666666 0.6510416666666666 0.0234375 0.028645833333333332
1 0.5924479166666666 0.62890625 0.0234375 0.041666666666666664
1 0.5494791666666666 0.4388020833333333 0.028645833333333332 0.046875
1 0.6276041666666666 0.2552083333333333 0.03125 0.046875
1 0.6015625 0.3841145833333333 0.03125 0.03125
1 0.6002604166666666 0.296875 0.0234375 0.044270833333333336
1 0.6158854166666666 0.26953125 0.03125 0.028645833333333332
1 0.4817708333333333 0.3815104166666667 0.0234375 0.036458333333333336