1 0.4088541666666667 0.4557291666666667 0.06770833333333333 0.049479166666666664
1 0.3125 0.4609375 0.06770833333333333 0.06510416666666667
1 0.4453125 0.57421875 0.033854166666666664 0.044270833333333336
1 0.5286458333333334 0.6158854166666666 0.041666666666666664 0.08072916666666667
1 0.5182291666666666 0.5 0.052083333333333336 0.059895833333333336
1 0.3697916666666667 0.51953125 0.059895833333333336 0.07291666666666667
1 0.4791666666666667 0.5143229166666666 0.057291666666666664 0.06770833333333333
1 0.4739583333333333 0.7122395833333334 0.0234375 0.052083333333333336
1 0.3932291666666667 0.3776041666666667 0.049479166666666664 0.09635416666666667
1 0.4505208333333333 0.6471354166666666 0.059895833333333336 0.0625
1 0.4388020833333333 0.6927083333333334 0.0703125 0.057291666666666664
1 0.4947916666666667 0.5885416666666666 0.078125 0.046875
1 0.5807291666666666 0.56640625 0.057291666666666664 0.052083333333333336
1 0.7044270833333334 0.640625 0.07291666666666667 0.057291666666666664
1 0.578125 0.66796875 0.052083333333333336 0.10677083333333333
1 0.6263020833333334 0.6458333333333334 0.057291666666666664 0.049479166666666664
1 0.4583333333333333 0.375 0.06510416666666667 0.052083333333333336
1 0.4205729166666667 0.3815104166666667 0.0390625 0.046875
1 0.5442708333333334 0.5338541666666666 0.049479166666666664 0.0859375
1 0.4440104166666667 0.5013020833333334 0.057291666666666664 0.0546875
1 0.4778645833333333 0.6731770833333334 0.046875 0.044270833333333336
1 0.3997395833333333 0.5885416666666666 0.036458333333333336 0.06510416666666667
1 0.4817708333333333 0.4622395833333333 0.0859375 0.06510416666666667
1 0.4140625 0.5013020833333334 0.036458333333333336 0.0546875
1 0.4114583333333333 0.54296875 0.0546875 0.057291666666666664
1 0.5950520833333334 0.5286458333333334 0.044270833333333336 0.06510416666666667
1 0.62890625 0.6809895833333334 0.06510416666666667 0.07291666666666667
1 0.5208333333333334 0.359375 0.0546875 0.07291666666666667
1 0.421875 0.4140625 0.06510416666666667 0.059895833333333336
1 0.5247395833333334 0.4140625 0.041666666666666664 0.0859375
1 0.5403645833333334 0.4348958333333333 0.0546875 0.08333333333333333
1 0.3893229166666667 0.6666666666666666 0.0390625 0.07291666666666667
1 0.4244791666666667 0.59375 0.033854166666666664 0.06770833333333333
1 0.3528645833333333 0.4088541666666667 0.07291666666666667 0.06770833333333333
1 0.546875 0.4596354166666667 0.06770833333333333 0.07291666666666667
1 0.60546875 0.5651041666666666 0.036458333333333336 0.07552083333333333
1 0.53125 0.546875 0.046875 0.07291666666666667
1 0.5260416666666666 0.7213541666666666 0.03125 0.036458333333333336
1 0.5794270833333334 0.5013020833333334 0.057291666666666664 0.044270833333333336
1 0.5546875 0.62109375 0.0546875 0.0859375
1 0.6263020833333334 0.6015625 0.044270833333333336 0.052083333333333336
1 0.6328125 0.5364583333333334 0.0703125 0.078125
1 0.4635416666666667 0.61328125 0.0703125 0.044270833333333336