1 0.3268229166666667 0.6497395833333334 0.0390625 0.033854166666666664
1 0.4427083333333333 0.7096354166666666 0.028645833333333332 0.036458333333333336
1 0.4114583333333333 0.69921875 0.049479166666666664 0.041666666666666664
1 0.3502604166666667 0.5729166666666666 0.033854166666666664 0.0390625
1 0.4401041666666667 0.5221354166666666 0.044270833333333336 0.044270833333333336
1 0.4010416666666667 0.49609375 0.041666666666666664 0.0390625
1 0.5364583333333334 0.4856770833333333 0.041666666666666664 0.041666666666666664
1 0.5416666666666666 0.5924479166666666 0.046875 0.036458333333333336
1 0.6028645833333334 0.58984375 0.028645833333333332 0.041666666666666664
1 0.6341145833333334 0.671875 0.0390625 0.044270833333333336
1 0.6015625 0.6575520833333334 0.041666666666666664 0.049479166666666664
1 0.6536458333333334 0.7721354166666666 0.03125 0.041666666666666664
1 0.5703125 0.2643229166666667 0.049479166666666664 0.044270833333333336
1 0.8216145833333334 0.4544270833333333 0.0390625 0.0234375
1 0.8971354166666666 0.4973958333333333 0.041666666666666664 0.033854166666666664
1 0.9010416666666666 0.51171875 0.046875 0.036458333333333336
1 0.953125 0.5130208333333334 0.0390625 0.049479166666666664
1 0.2825520833333333 0.671875 0.0390625 0.036458333333333336
1 0.3098958333333333 0.703125 0.059895833333333336 0.041666666666666664
1 0.37109375 0.6276041666666666 0.049479166666666664 0.041666666666666664
1 0.3828125 0.65234375 0.046875 0.026041666666666668
1 0.3385416666666667 0.5859375 0.036458333333333336 0.036458333333333336
1 0.3802083333333333 0.5546875 0.033854166666666664 0.0390625
1 0.4244791666666667 0.55078125 0.036458333333333336 0.041666666666666664
1 0.3997395833333333 0.46875 0.049479166666666664 0.033854166666666664
1 0.4544270833333333 0.48046875 0.046875 0.041666666666666664
1 0.5963541666666666 0.4700520833333333 0.033854166666666664 0.033854166666666664
1 0.5546875 0.22005208333333334 0.044270833333333336 0.052083333333333336
1 0.7291666666666666 0.39453125 0.052083333333333336 0.033854166666666664
1 0.84765625 0.484375 0.028645833333333332 0.033854166666666664
1 0.8489583333333334 0.5065104166666666 0.052083333333333336 0.028645833333333332
1 0.8697916666666666 0.4778645833333333 0.03125 0.036458333333333336
1 0.8854166666666666 0.5299479166666666 0.03125 0.041666666666666664
1 0.10026041666666667 0.8268229166666666 0.03125 0.028645833333333332
1 0.2565104166666667 0.5325520833333334 0.049479166666666664 0.03125
1 0.24088541666666666 0.6393229166666666 0.044270833333333336 0.03125
1 0.21354166666666666 0.6510416666666666 0.03125 0.028645833333333332
1 0.3216145833333333 0.6588541666666666 0.026041666666666668 0.036458333333333336
1 0.328125 0.6080729166666666 0.041666666666666664 0.03125
1 0.3268229166666667 0.5390625 0.041666666666666664 0.03125
1 0.3333333333333333 0.5182291666666666 0.033854166666666664 0.036458333333333336
1 0.42578125 0.5013020833333334 0.049479166666666664 0.028645833333333332
1 0.53515625 0.5768229166666666 0.041666666666666664 0.028645833333333332
1 0.6119791666666666 0.5690104166666666 0.033854166666666664 0.0390625
1 0.49609375 0.6328125 0.041666666666666664 0.041666666666666664
1 0.65625 0.7421875 0.044270833333333336 0.03125
1 0.6328125 0.578125 0.046875 0.03125
1 0.7330729166666666 0.5208333333333334 0.046875 0.044270833333333336
1 0.7786458333333334 0.58984375 0.0625 0.036458333333333336
1 0.85546875 0.4205729166666667 0.049479166666666664 0.03125
1 0.20703125 0.6015625 0.049479166666666664 0.033854166666666664
1 0.27734375 0.6393229166666666 0.052083333333333336 0.036458333333333336
1 0.4518229166666667 0.6953125 0.028645833333333332 0.041666666666666664
1 0.39453125 0.7317708333333334 0.049479166666666664 0.049479166666666664
1 0.3125 0.5924479166666666 0.049479166666666664 0.03125
1 0.3151041666666667 0.55078125 0.0390625 0.036458333333333336
1 0.42578125 0.5807291666666666 0.036458333333333336 0.036458333333333336
1 0.5677083333333334 0.5143229166666666 0.041666666666666664 0.036458333333333336
1 0.4817708333333333 0.5716145833333334 0.046875 0.033854166666666664
1 0.59375 0.640625 0.0546875 0.036458333333333336
1 0.84765625 0.2994791666666667 0.033854166666666664 0.041666666666666664
1 0.8125 0.5520833333333334 0.03125 0.041666666666666664
1 0.83203125 0.4674479166666667 0.0390625 0.0390625
1 0.875 0.5052083333333334 0.03125 0.0390625
1 0.2552083333333333 0.5091145833333334 0.041666666666666664 0.041666666666666664
1 0.18098958333333334 0.58984375 0.041666666666666664 0.041666666666666664
1 0.23567708333333334 0.6276041666666666 0.0390625 0.036458333333333336
1 0.3020833333333333 0.66796875 0.033854166666666664 0.0390625
1 0.3815104166666667 0.6614583333333334 0.049479166666666664 0.028645833333333332
1 0.3645833333333333 0.5091145833333334 0.03125 0.036458333333333336
1 0.4401041666666667 0.46875 0.046875 0.028645833333333332
1 0.5924479166666666 0.6067708333333334 0.028645833333333332 0.036458333333333336
1 0.6145833333333334 0.5546875 0.041666666666666664 0.036458333333333336
1 0.5911458333333334 0.4192708333333333 0.033854166666666664 0.036458333333333336
1 0.5807291666666666 0.38671875 0.06770833333333333 0.0390625
1 0.5703125 0.3463541666666667 0.03125 0.036458333333333336
1 0.6328125 0.4752604166666667 0.041666666666666664 0.028645833333333332
1 0.8359375 0.5377604166666666 0.044270833333333336 0.044270833333333336
1 0.8932291666666666 0.4739583333333333 0.049479166666666664 0.036458333333333336
1 0.23828125 0.6966145833333334 0.052083333333333336 0.041666666666666664
1 0.2955729166666667 0.65625 0.033854166666666664 0.036458333333333336
1 0.3515625 0.6419270833333334 0.046875 0.0390625
1 0.3515625 0.6666666666666666 0.0390625 0.044270833333333336
1 0.3919270833333333 0.6796875 0.049479166666666664 0.028645833333333332
1 0.4270833333333333 0.6666666666666666 0.046875 0.033854166666666664
1 0.3359375 0.5611979166666666 0.041666666666666664 0.0234375
1 0.4075520833333333 0.56640625 0.0390625 0.041666666666666664
1 0.578125 0.5963541666666666 0.026041666666666668 0.033854166666666664
1 0.6119791666666666 0.58984375 0.0234375 0.028645833333333332
1 0.53515625 0.66796875 0.057291666666666664 0.046875
1 0.6328125 0.7369791666666666 0.028645833333333332 0.041666666666666664
1 0.6380208333333334 0.7669270833333334 0.026041666666666668 0.036458333333333336
1 0.5729166666666666 0.3645833333333333 0.028645833333333332 0.036458333333333336
1 0.8216145833333334 0.4010416666666667 0.0546875 0.036458333333333336
1 0.859375 0.5416666666666666 0.044270833333333336 0.0390625
1 0.93359375 0.5208333333333334 0.036458333333333336 0.041666666666666664
1 0.9322916666666666 0.5026041666666666 0.041666666666666664 0.049479166666666664
1 0.18489583333333334 0.6041666666666666 0.0625 0.046875
1 0.24348958333333334 0.6614583333333334 0.052083333333333336 0.041666666666666664
1 0.2994791666666667 0.6875 0.046875 0.028645833333333332
1 0.328125 0.6380208333333334 0.028645833333333332 0.033854166666666664
1 0.3463541666666667 0.6223958333333334 0.036458333333333336 0.044270833333333336
1 0.3671875 0.57421875 0.03125 0.044270833333333336
1 0.4986979166666667 0.5026041666666666 0.0546875 0.046875
1 0.5325520833333334 0.46484375 0.036458333333333336 0.0390625
1 0.4856770833333333 0.5846354166666666 0.036458333333333336 0.0390625
1 0.5065104166666666 0.578125 0.036458333333333336 0.0390625
1 0.5651041666666666 0.5911458333333334 0.026041666666666668 0.033854166666666664
1 0.6080729166666666 0.6158854166666666 0.0390625 0.036458333333333336
1 0.6223958333333334 0.6341145833333334 0.0390625 0.052083333333333336
1 0.6328125 0.6484375 0.036458333333333336 0.046875
1 0.5091145833333334 0.6588541666666666 0.036458333333333336 0.033854166666666664
1 0.625 0.6953125 0.033854166666666664 0.041666666666666664
1 0.6028645833333334 0.5 0.041666666666666664 0.049479166666666664
1 0.5807291666666666 0.4375 0.028645833333333332 0.033854166666666664
1 0.5794270833333334 0.3815104166666667 0.036458333333333336 0.044270833333333336
1 0.234375 0.5546875 0.03125 0.0390625
1 0.21614583333333334 0.6106770833333334 0.046875 0.033854166666666664
1 0.2604166666666667 0.6263020833333334 0.046875 0.046875
1 0.17708333333333334 0.6471354166666666 0.052083333333333336 0.033854166666666664
1 0.3841145833333333 0.6432291666666666 0.046875 0.028645833333333332
1 0.3684895833333333 0.54296875 0.036458333333333336 0.0390625
1 0.4609375 0.55859375 0.052083333333333336 0.036458333333333336
1 0.5598958333333334 0.5026041666666666 0.033854166666666664 0.0390625
1 0.5729166666666666 0.6497395833333334 0.041666666666666664 0.0390625
1 0.578125 0.6614583333333334 0.059895833333333336 0.036458333333333336
1 0.51953125 0.6171875 0.049479166666666664 0.036458333333333336
1 0.6458333333333334 0.7213541666666666 0.036458333333333336 0.044270833333333336
1 0.6432291666666666 0.7825520833333334 0.03125 0.044270833333333336
1 0.5768229166666666 0.4140625 0.033854166666666664 0.041666666666666664
1 0.6497395833333334 0.44140625 0.049479166666666664 0.028645833333333332
1 0.63671875 0.45703125 0.057291666666666664 0.044270833333333336
1 0.79296875 0.4921875 0.057291666666666664 0.044270833333333336
1 0.8177083333333334 0.5 0.036458333333333336 0.036458333333333336