1 0.6302083333333334 0.5638020833333334 0.041666666666666664 0.07552083333333333
1 0.4765625 0.6783854166666666 0.036458333333333336 0.06770833333333333
1 0.5377604166666666 0.6822916666666666 0.041666666666666664 0.078125
1 0.6666666666666666 0.41796875 0.036458333333333336 0.07291666666666667
1 0.5924479166666666 0.4674479166666667 0.049479166666666664 0.0703125
1 0.55859375 0.484375 0.0390625 0.049479166666666664
1 0.3111979166666667 0.3294270833333333 0.041666666666666664 0.049479166666666664
1 0.4049479166666667 0.4557291666666667 0.033854166666666664 0.041666666666666664
1 0.40234375 0.3190104166666667 0.041666666666666664 0.059895833333333336
1 0.4375 0.6119791666666666 0.046875 0.0625
1 0.4036458333333333 0.6106770833333334 0.046875 0.06510416666666667
1 0.34375 0.6106770833333334 0.033854166666666664 0.078125
1 0.58984375 0.6380208333333334 0.044270833333333336 0.0625
1 0.4791666666666667 0.5690104166666666 0.049479166666666664 0.07552083333333333
1 0.6848958333333334 0.41015625 0.036458333333333336 0.0546875
1 0.5794270833333334 0.3151041666666667 0.044270833333333336 0.041666666666666664
1 0.4388020833333333 0.3450520833333333 0.0390625 0.052083333333333336
1 0.5013020833333334 0.4635416666666667 0.0390625 0.07552083333333333
1 0.46875 0.3984375 0.03125 0.06510416666666667
1 0.46875 0.3255208333333333 0.0390625 0.0703125
1 0.37109375 0.6302083333333334 0.044270833333333336 0.0859375
1 0.3763020833333333 0.6692708333333334 0.052083333333333336 0.0703125
1 0.5325520833333334 0.5182291666666666 0.03125 0.044270833333333336
1 0.4895833333333333 0.296875 0.036458333333333336 0.041666666666666664
1 0.6028645833333334 0.53515625 0.041666666666666664 0.07291666666666667
1 0.5611979166666666 0.5859375 0.049479166666666664 0.07291666666666667
1 0.5677083333333334 0.3502604166666667 0.0546875 0.0703125
1 0.4596354166666667 0.18359375 0.046875 0.08333333333333333
1 0.4283854166666667 0.19661458333333334 0.0546875 0.07291666666666667
1 0.3346354166666667 0.4674479166666667 0.03125 0.0625
1 0.3645833333333333 0.4921875 0.03125 0.07552083333333333
1 0.6067708333333334 0.3971354166666667 0.046875 0.057291666666666664
1 0.5208333333333334 0.4869791666666667 0.03125 0.07552083333333333
1 0.60546875 0.3450520833333333 0.044270833333333336 0.057291666666666664
1 0.5768229166666666 0.41015625 0.036458333333333336 0.06770833333333333
1 0.5690104166666666 0.3893229166666667 0.0546875 0.0703125
1 0.2890625 0.3828125 0.033854166666666664 0.06770833333333333
1 0.4518229166666667 0.2760416666666667 0.046875 0.057291666666666664
1 0.5104166666666666 0.3372395833333333 0.033854166666666664 0.052083333333333336
1 0.40234375 0.6666666666666666 0.0390625 0.0859375
1 0.3880208333333333 0.8268229166666666 0.046875 0.0625
1 0.49609375 0.7200520833333334 0.044270833333333336 0.0703125
1 0.5325520833333334 0.3684895833333333 0.046875 0.0546875
1 0.3098958333333333 0.3854166666666667 0.044270833333333336 0.08333333333333333
1 0.3216145833333333 0.45703125 0.03125 0.0703125
1 0.3736979166666667 0.4401041666666667 0.0390625 0.049479166666666664
1 0.4765625 0.47265625 0.036458333333333336 0.06770833333333333
1 0.5104166666666666 0.3880208333333333 0.0390625 0.0625
1 0.4895833333333333 0.3984375 0.041666666666666664 0.06770833333333333
1 0.33984375 0.6302083333333334 0.041666666666666664 0.036458333333333336
1 0.40234375 0.5690104166666666 0.036458333333333336 0.036458333333333336
1 0.35546875 0.6354166666666666 0.036458333333333336 0.033854166666666664
1 0.4270833333333333 0.6966145833333334 0.03125 0.06770833333333333
1 0.5143229166666666 0.6940104166666666 0.0390625 0.041666666666666664
1 0.4205729166666667 0.4427083333333333 0.041666666666666664 0.044270833333333336
1 0.51171875 0.2786458333333333 0.028645833333333332 0.0546875
1 0.5481770833333334 0.78125 0.046875 0.059895833333333336
1 0.4947916666666667 0.6770833333333334 0.052083333333333336 0.059895833333333336
1 0.5130208333333334 0.7122395833333334 0.033854166666666664 0.08333333333333333
1 0.5481770833333334 0.6393229166666666 0.041666666666666664 0.052083333333333336
1 0.6080729166666666 0.4322916666666667 0.044270833333333336 0.041666666666666664
1 0.4895833333333333 0.5234375 0.036458333333333336 0.0703125
1 0.3723958333333333 0.33203125 0.046875 0.052083333333333336
1 0.4973958333333333 0.2643229166666667 0.052083333333333336 0.052083333333333336
1 0.3997395833333333 0.71875 0.044270833333333336 0.09114583333333333
1 0.3893229166666667 0.2981770833333333 0.03125 0.0546875
1 0.5638020833333334 0.44140625 0.028645833333333332 0.057291666666666664
1 0.7565104166666666 0.3528645833333333 0.036458333333333336 0.0625
1 0.6875 0.5846354166666666 0.046875 0.06770833333333333
1 0.4453125 0.6783854166666666 0.0390625 0.059895833333333336
1 0.4739583333333333 0.6119791666666666 0.041666666666666664 0.07552083333333333
1 0.6315104166666666 0.375 0.041666666666666664 0.06770833333333333
1 0.5481770833333334 0.31640625 0.046875 0.059895833333333336
1 0.4283854166666667 0.29296875 0.044270833333333336 0.06510416666666667
1 0.3841145833333333 0.55078125 0.03125 0.052083333333333336
1 0.421875 0.3411458333333333 0.03125 0.046875