1 0.65625 0.375 0.018229166666666668 0.020833333333333332
1 0.5286458333333334 0.4869791666666667 0.020833333333333332 0.0234375
1 0.5299479166666666 0.546875 0.036458333333333336 0.020833333333333332
1 0.4322916666666667 0.5989583333333334 0.020833333333333332 0.026041666666666668
1 0.5546875 0.4114583333333333 0.018229166666666668 0.0234375
1 0.4296875 0.5364583333333334 0.03125 0.015625
1 0.6197916666666666 0.4856770833333333 0.028645833333333332 0.020833333333333332
1 0.5130208333333334 0.4635416666666667 0.020833333333333332 0.0234375
1 0.5299479166666666 0.6184895833333334 0.028645833333333332 0.020833333333333332
1 0.3815104166666667 0.5364583333333334 0.028645833333333332 0.020833333333333332
1 0.5729166666666666 0.3893229166666667 0.0234375 0.020833333333333332
1 0.3580729166666667 0.55859375 0.03125 0.018229166666666668
1 0.4713541666666667 0.5078125 0.028645833333333332 0.018229166666666668
1 0.4544270833333333 0.5638020833333334 0.0234375 0.020833333333333332
1 0.4479166666666667 0.4908854166666667 0.036458333333333336 0.018229166666666668
1 0.4166666666666667 0.578125 0.020833333333333332 0.0234375
1 0.5390625 0.34375 0.028645833333333332 0.020833333333333332
1 0.3723958333333333 0.6028645833333334 0.0390625 0.0234375
1 0.6354166666666666 0.3736979166666667 0.018229166666666668 0.0234375
1 0.36328125 0.453125 0.018229166666666668 0.0234375
1 0.3671875 0.52734375 0.028645833333333332 0.015625
1 0.5065104166666666 0.3723958333333333 0.018229166666666668 0.0234375
1 0.42578125 0.44140625 0.015625 0.0234375
1 0.49609375 0.48046875 0.026041666666666668 0.015625
1 0.3450520833333333 0.5013020833333334 0.026041666666666668 0.0234375
1 0.4908854166666667 0.3502604166666667 0.020833333333333332 0.020833333333333332
1 0.57421875 0.4075520833333333 0.026041666666666668 0.026041666666666668
1 0.6432291666666666 0.44921875 0.018229166666666668 0.0234375
1 0.5130208333333334 0.4296875 0.026041666666666668 0.020833333333333332
1 0.5494791666666666 0.5703125 0.0234375 0.020833333333333332
1 0.5442708333333334 0.3997395833333333 0.018229166666666668 0.0234375
1 0.5481770833333334 0.6067708333333334 0.026041666666666668 0.018229166666666668
1 0.359375 0.4674479166666667 0.03125 0.018229166666666668
1 0.421875 0.4700520833333333 0.044270833333333336 0.0234375
1 0.4791666666666667 0.5651041666666666 0.033854166666666664 0.015625
1 0.4895833333333333 0.6028645833333334 0.026041666666666668 0.018229166666666668
1 0.5364583333333334 0.5104166666666666 0.028645833333333332 0.028645833333333332
1 0.5989583333333334 0.5013020833333334 0.028645833333333332 0.020833333333333332
1 0.6197916666666666 0.3880208333333333 0.018229166666666668 0.0234375
1 0.5026041666666666 0.5716145833333334 0.020833333333333332 0.0234375
1 0.5065104166666666 0.62109375 0.0234375 0.028645833333333332
1 0.5924479166666666 0.4856770833333333 0.018229166666666668 0.018229166666666668
1 0.6145833333333334 0.5 0.015625 0.018229166666666668
1 0.3541666666666667 0.5416666666666666 0.020833333333333332 0.028645833333333332
1 0.4427083333333333 0.3736979166666667 0.020833333333333332 0.020833333333333332
1 0.4661458333333333 0.3997395833333333 0.026041666666666668 0.018229166666666668
1 0.3893229166666667 0.4348958333333333 0.0234375 0.0234375
1 0.5533854166666666 0.3463541666666667 0.026041666666666668 0.018229166666666668
1 0.3580729166666667 0.4869791666666667 0.018229166666666668 0.028645833333333332
1 0.5286458333333334 0.5260416666666666 0.026041666666666668 0.018229166666666668
1 0.4388020833333333 0.578125 0.0234375 0.020833333333333332
1 0.5091145833333334 0.390625 0.018229166666666668 0.0234375
1 0.4401041666666667 0.3072916666666667 0.03125 0.018229166666666668
1 0.5260416666666666 0.60546875 0.026041666666666668 0.0234375
1 0.5520833333333334 0.5989583333333334 0.036458333333333336 0.0234375
1 0.5494791666666666 0.3697916666666667 0.020833333333333332 0.0234375
1 0.42578125 0.5091145833333334 0.020833333333333332 0.026041666666666668
1 0.640625 0.4205729166666667 0.0234375 0.026041666666666668
1 0.4479166666666667 0.5221354166666666 0.028645833333333332 0.015625
1 0.52734375 0.4322916666666667 0.026041666666666668 0.018229166666666668
1 0.5755208333333334 0.4479166666666667 0.0234375 0.026041666666666668
1 0.4921875 0.4075520833333333 0.026041666666666668 0.015625
1 0.4856770833333333 0.3893229166666667 0.028645833333333332 0.018229166666666668
1 0.5651041666666666 0.4244791666666667 0.03125 0.018229166666666668
1 0.4388020833333333 0.4244791666666667 0.020833333333333332 0.018229166666666668
1 0.3463541666666667 0.4817708333333333 0.026041666666666668 0.020833333333333332
1 0.66015625 0.421875 0.026041666666666668 0.0234375
1 0.5807291666666666 0.5065104166666666 0.020833333333333332 0.0234375
1 0.5325520833333334 0.3958333333333333 0.020833333333333332 0.0234375
1 0.5690104166666666 0.5208333333333334 0.028645833333333332 0.018229166666666668
1 0.4661458333333333 0.4752604166666667 0.03125 0.018229166666666668
1 0.40625 0.49609375 0.028645833333333332 0.0234375
1 0.4947916666666667 0.453125 0.015625 0.0234375
1 0.6458333333333334 0.4739583333333333 0.018229166666666668 0.0234375
1 0.4479166666666667 0.42578125 0.0234375 0.020833333333333332
1 0.4700520833333333 0.52734375 0.03125 0.018229166666666668
1 0.4921875 0.515625 0.026041666666666668 0.020833333333333332
1 0.4348958333333333 0.5703125 0.026041666666666668 0.020833333333333332
1 0.5572916666666666 0.5078125 0.020833333333333332 0.0234375
1 0.5885416666666666 0.375 0.020833333333333332 0.03125
1 0.5677083333333334 0.49609375 0.026041666666666668 0.020833333333333332
1 0.4036458333333333 0.6028645833333334 0.028645833333333332 0.0234375
1 0.4270833333333333 0.4856770833333333 0.020833333333333332 0.020833333333333332
1 0.4010416666666667 0.4440104166666667 0.0234375 0.018229166666666668
1 0.4609375 0.3541666666666667 0.020833333333333332 0.026041666666666668
1 0.6393229166666666 0.4921875 0.03125 0.020833333333333332
1 0.4388020833333333 0.4440104166666667 0.015625 0.026041666666666668
1 0.3515625 0.5794270833333334 0.028645833333333332 0.0234375
1 0.4322916666666667 0.3723958333333333 0.020833333333333332 0.015625
1 0.5208333333333334 0.375 0.018229166666666668 0.020833333333333332
1 0.52734375 0.4440104166666667 0.018229166666666668 0.020833333333333332
1 0.4427083333333333 0.5130208333333334 0.033854166666666664 0.020833333333333332
1 0.4934895833333333 0.47265625 0.026041666666666668 0.015625
1 0.3580729166666667 0.515625 0.018229166666666668 0.0234375
1 0.6770833333333334 0.4127604166666667 0.018229166666666668 0.0234375