1 0.72265625 0.5364583333333334 0.08072916666666667 0.1484375
1 0.66015625 0.3307291666666667 0.10677083333333333 0.06770833333333333
1 0.7174479166666666 0.2942708333333333 0.0625 0.1015625
1 0.6627604166666666 0.8697916666666666 0.08072916666666667 0.09895833333333333
1 0.4609375 0.63671875 0.10677083333333333 0.11458333333333333
1 0.5533854166666666 0.5677083333333334 0.10677083333333333 0.08072916666666667
1 0.4153645833333333 0.0234375 0.10677083333333333 0.046875
1 0.58203125 0.4036458333333333 0.1015625 0.08854166666666667
1 0.4947916666666667 0.3841145833333333 0.11458333333333333 0.08854166666666667
1 0.5169270833333334 0.50390625 0.08333333333333333 0.09375
1 0.6276041666666666 0.9622395833333334 0.08333333333333333 0.057291666666666664
1 0.5911458333333334 0.67578125 0.07291666666666667 0.046875