1 0.2799479166666667 0.2916666666666667 0.033854166666666664 0.0546875
1 0.46875 0.5651041666666666 0.0390625 0.052083333333333336
1 0.484375 0.4375 0.0234375 0.044270833333333336
1 0.78125 0.3658854166666667 0.036458333333333336 0.020833333333333332
1 0.5794270833333334 0.66015625 0.0390625 0.03125
1 0.7942708333333334 0.2734375 0.052083333333333336 0.0546875
1 0.7747395833333334 0.3463541666666667 0.033854166666666664 0.036458333333333336
1 0.79296875 0.2981770833333333 0.026041666666666668 0.044270833333333336
1 0.9583333333333334 0.5924479166666666 0.028645833333333332 0.046875
1 0.671875 0.6315104166666666 0.036458333333333336 0.049479166666666664
1 0.3385416666666667 0.9479166666666666 0.033854166666666664 0.06770833333333333
1 0.18489583333333334 0.8333333333333334 0.044270833333333336 0.0390625
1 0.5924479166666666 0.53125 0.046875 0.059895833333333336
1 0.765625 0.42578125 0.033854166666666664 0.049479166666666664
1 0.4713541666666667 0.453125 0.03125 0.049479166666666664
1 0.7825520833333334 0.3359375 0.044270833333333336 0.03125
1 0.4283854166666667 0.8111979166666666 0.046875 0.057291666666666664