1 0.3658854166666667 0.4596354166666667 0.028645833333333332 0.046875
1 0.4557291666666667 0.2591145833333333 0.028645833333333332 0.036458333333333336
1 0.31640625 0.453125 0.041666666666666664 0.0390625
1 0.31640625 0.5260416666666666 0.026041666666666668 0.028645833333333332
1 0.2747395833333333 0.3893229166666667 0.028645833333333332 0.020833333333333332
1 0.3216145833333333 0.5885416666666666 0.026041666666666668 0.0546875
1 0.21354166666666666 0.40625 0.041666666666666664 0.033854166666666664
1 0.3880208333333333 0.4401041666666667 0.041666666666666664 0.046875
1 0.3268229166666667 0.3177083333333333 0.041666666666666664 0.036458333333333336
1 0.2981770833333333 0.38671875 0.046875 0.041666666666666664
1 0.4921875 0.625 0.041666666666666664 0.044270833333333336
1 0.3671875 0.3203125 0.044270833333333336 0.044270833333333336
1 0.23046875 0.41015625 0.0390625 0.041666666666666664
1 0.296875 0.4049479166666667 0.044270833333333336 0.03125
1 0.2630208333333333 0.4049479166666667 0.03125 0.026041666666666668
1 0.37109375 0.6002604166666666 0.03125 0.049479166666666664