1 0.6015625 0.5390625 0.018229166666666668 0.015625
1 0.5091145833333334 0.4739583333333333 0.03125 0.015625
1 0.3125 0.4583333333333333 0.020833333333333332 0.015625
1 0.4622395833333333 0.4427083333333333 0.015625 0.013020833333333334
1 0.3515625 0.4778645833333333 0.015625 0.013020833333333334
1 0.33984375 0.4609375 0.03125 0.013020833333333334
1 0.5520833333333334 0.5234375 0.018229166666666668 0.013020833333333334
1 0.5442708333333334 0.4635416666666667 0.03125 0.013020833333333334
1 0.59375 0.5286458333333334 0.015625 0.013020833333333334
1 0.6106770833333334 0.53125 0.018229166666666668 0.013020833333333334
1 0.359375 0.4166666666666667 0.018229166666666668 0.010416666666666666
1 0.7174479166666666 0.5325520833333334 0.015625 0.015625
1 0.3125 0.44921875 0.0234375 0.013020833333333334
1 0.4166666666666667 0.4856770833333333 0.020833333333333332 0.015625
1 0.5221354166666666 0.5065104166666666 0.026041666666666668 0.013020833333333334
1 0.4348958333333333 0.4921875 0.018229166666666668 0.013020833333333334
1 0.3541666666666667 0.3984375 0.020833333333333332 0.015625
1 0.4453125 0.4635416666666667 0.018229166666666668 0.013020833333333334
1 0.51171875 0.5377604166666666 0.020833333333333332 0.018229166666666668
1 0.4205729166666667 0.4609375 0.015625 0.015625
1 0.46875 0.5091145833333334 0.018229166666666668 0.015625
1 0.43359375 0.4713541666666667 0.018229166666666668 0.013020833333333334
1 0.5416666666666666 0.5377604166666666 0.020833333333333332 0.013020833333333334
1 0.53515625 0.51953125 0.020833333333333332 0.015625
1 0.48828125 0.4895833333333333 0.018229166666666668 0.013020833333333334
1 0.2903645833333333 0.4479166666666667 0.026041666666666668 0.010416666666666666
1 0.4114583333333333 0.43359375 0.026041666666666668 0.013020833333333334
1 0.4973958333333333 0.51171875 0.020833333333333332 0.013020833333333334
1 0.3619791666666667 0.4244791666666667 0.020833333333333332 0.013020833333333334