1 0.453125 0.17708333333333334 0.06510416666666667 0.0390625
1 0.44921875 0.4713541666666667 0.06770833333333333 0.0234375
1 0.7864583333333334 0.6028645833333334 0.036458333333333336 0.0390625
1 0.609375 0.7578125 0.0703125 0.0390625
1 0.4869791666666667 0.7356770833333334 0.059895833333333336 0.036458333333333336
1 0.3828125 0.65234375 0.0546875 0.033854166666666664
1 0.5729166666666666 0.59765625 0.0390625 0.041666666666666664
1 0.546875 0.6770833333333334 0.03125 0.033854166666666664
1 0.5625 0.5377604166666666 0.057291666666666664 0.041666666666666664
1 0.4713541666666667 0.76171875 0.044270833333333336 0.0390625
1 0.5989583333333334 0.5859375 0.0625 0.028645833333333332
1 0.7122395833333334 0.6497395833333334 0.028645833333333332 0.0390625
1 0.5455729166666666 0.72265625 0.052083333333333336 0.0390625
1 0.8541666666666666 0.4479166666666667 0.052083333333333336 0.041666666666666664
1 0.6901041666666666 0.4557291666666667 0.049479166666666664 0.041666666666666664
1 0.81640625 0.4661458333333333 0.044270833333333336 0.0390625
1 0.7109375 0.453125 0.049479166666666664 0.036458333333333336
1 0.5325520833333334 0.6458333333333334 0.036458333333333336 0.044270833333333336
1 0.6966145833333334 0.5052083333333334 0.049479166666666664 0.046875
1 0.578125 0.65234375 0.0703125 0.018229166666666668