1 0.5963541666666666 0.3736979166666667 0.041666666666666664 0.028645833333333332
1 0.53125 0.4830729166666667 0.044270833333333336 0.0546875
1 0.6640625 0.4309895833333333 0.036458333333333336 0.026041666666666668
1 0.36328125 0.5768229166666666 0.041666666666666664 0.0546875
1 0.6549479166666666 0.5130208333333334 0.046875 0.03125
1 0.24869791666666666 0.6822916666666666 0.026041666666666668 0.046875
1 0.5208333333333334 0.6158854166666666 0.03125 0.059895833333333336
1 0.625 0.3177083333333333 0.044270833333333336 0.057291666666666664
1 0.31640625 0.6614583333333334 0.046875 0.057291666666666664
1 0.6184895833333334 0.4283854166666667 0.046875 0.033854166666666664
1 0.5963541666666666 0.265625 0.057291666666666664 0.041666666666666664
1 0.4427083333333333 0.5651041666666666 0.036458333333333336 0.041666666666666664
1 0.5377604166666666 0.9388020833333334 0.036458333333333336 0.057291666666666664
1 0.6276041666666666 0.7669270833333334 0.0390625 0.0625
1 0.5 0.609375 0.036458333333333336 0.057291666666666664
1 0.7200520833333334 0.5611979166666666 0.03125 0.0546875
1 0.22135416666666666 0.71484375 0.046875 0.03125
1 0.43359375 0.55078125 0.044270833333333336 0.044270833333333336
1 0.6002604166666666 0.3125 0.03125 0.0625
1 0.6015625 0.6770833333333334 0.0390625 0.0546875
1 0.6549479166666666 0.22395833333333334 0.046875 0.0390625
1 0.3294270833333333 0.73828125 0.041666666666666664 0.052083333333333336
1 0.4036458333333333 0.41015625 0.03125 0.049479166666666664
1 0.55859375 0.7005208333333334 0.044270833333333336 0.026041666666666668
1 0.6302083333333334 0.7005208333333334 0.036458333333333336 0.0546875
1 0.5403645833333334 0.7265625 0.044270833333333336 0.044270833333333336
1 0.35546875 0.3893229166666667 0.046875 0.0390625
1 0.6888020833333334 0.52734375 0.0390625 0.059895833333333336
1 0.5638020833333334 0.7552083333333334 0.046875 0.0390625
1 0.421875 0.93359375 0.049479166666666664 0.049479166666666664
1 0.6484375 0.31640625 0.036458333333333336 0.06510416666666667
1 0.6705729166666666 0.5885416666666666 0.036458333333333336 0.057291666666666664
1 0.30859375 0.51953125 0.041666666666666664 0.046875
1 0.5403645833333334 0.8697916666666666 0.044270833333333336 0.052083333333333336
1 0.5950520833333334 0.6315104166666666 0.049479166666666664 0.0390625
1 0.3450520833333333 0.6927083333333334 0.03125 0.057291666666666664
1 0.3841145833333333 0.55859375 0.033854166666666664 0.0625
1 0.6341145833333334 0.2786458333333333 0.0546875 0.044270833333333336
1 0.3880208333333333 0.6848958333333334 0.041666666666666664 0.057291666666666664
1 0.33203125 0.68359375 0.033854166666666664 0.0546875
1 0.4713541666666667 0.4375 0.046875 0.033854166666666664
1 0.23177083333333334 0.6731770833333334 0.033854166666666664 0.057291666666666664
1 0.5716145833333334 0.3502604166666667 0.036458333333333336 0.046875
1 0.23177083333333334 0.6380208333333334 0.049479166666666664 0.057291666666666664
1 0.4830729166666667 0.8229166666666666 0.041666666666666664 0.028645833333333332
1 0.6575520833333334 0.484375 0.046875 0.0390625
1 0.65234375 0.2552083333333333 0.041666666666666664 0.046875
1 0.20833333333333334 0.60546875 0.046875 0.03125
1 0.4674479166666667 0.7005208333333334 0.036458333333333336 0.059895833333333336
1 0.58984375 0.4921875 0.044270833333333336 0.036458333333333336
1 0.6158854166666666 0.3411458333333333 0.036458333333333336 0.046875
1 0.65625 0.5403645833333334 0.052083333333333336 0.036458333333333336
1 0.5494791666666666 0.5872395833333334 0.033854166666666664 0.0546875
1 0.6380208333333334 0.5703125 0.049479166666666664 0.044270833333333336
1 0.3463541666666667 0.5716145833333334 0.041666666666666664 0.046875
1 0.4921875 0.4557291666666667 0.07291666666666667 0.049479166666666664
1 0.28125 0.6002604166666666 0.046875 0.041666666666666664
1 0.6393229166666666 0.3658854166666667 0.044270833333333336 0.033854166666666664
1 0.58984375 0.7682291666666666 0.033854166666666664 0.052083333333333336
1 0.58984375 0.53125 0.041666666666666664 0.044270833333333336
1 0.5768229166666666 0.30859375 0.036458333333333336 0.049479166666666664
1 0.54296875 0.7903645833333334 0.044270833333333336 0.028645833333333332
1 0.56640625 0.78125 0.041666666666666664 0.0390625
1 0.4986979166666667 0.7083333333333334 0.041666666666666664 0.044270833333333336
1 0.2630208333333333 0.6575520833333334 0.044270833333333336 0.057291666666666664
1 0.28125 0.5625 0.041666666666666664 0.044270833333333336
1 0.57421875 0.7200520833333334 0.03125 0.0390625
1 0.5546875 0.24479166666666666 0.046875 0.044270833333333336
1 0.3307291666666667 0.4322916666666667 0.046875 0.033854166666666664
1 0.5598958333333334 0.49609375 0.036458333333333336 0.059895833333333336
1 0.54296875 0.5442708333333334 0.0390625 0.044270833333333336
1 0.5859375 0.19921875 0.046875 0.044270833333333336
1 0.3723958333333333 0.5286458333333334 0.03125 0.0546875
1 0.3528645833333333 0.4752604166666667 0.046875 0.046875
1 0.50390625 0.5299479166666666 0.049479166666666664 0.052083333333333336
1 0.3984375 0.4466145833333333 0.041666666666666664 0.049479166666666664
1 0.6940104166666666 0.58203125 0.044270833333333336 0.0546875
1 0.68359375 0.4661458333333333 0.044270833333333336 0.0390625
1 0.2994791666666667 0.6966145833333334 0.036458333333333336 0.0546875
1 0.22395833333333334 0.58203125 0.044270833333333336 0.041666666666666664
1 0.3489583333333333 0.3619791666666667 0.046875 0.033854166666666664