1 0.55078125 0.4309895833333333 0.06770833333333333 0.07552083333333333
1 0.4674479166666667 0.5885416666666666 0.08333333333333333 0.06770833333333333
1 0.609375 0.6692708333333334 0.06510416666666667 0.07552083333333333
1 0.5286458333333334 0.27734375 0.12239583333333333 0.06770833333333333
1 0.4869791666666667 0.5325520833333334 0.07552083333333333 0.046875
1 0.3567708333333333 0.4778645833333333 0.09114583333333333 0.0703125
1 0.5416666666666666 0.6614583333333334 0.0859375 0.06510416666666667
1 0.67578125 0.5169270833333334 0.046875 0.057291666666666664
1 0.6197916666666666 0.3489583333333333 0.08072916666666667 0.07552083333333333
1 0.46484375 0.66015625 0.06510416666666667 0.07291666666666667
1 0.4036458333333333 0.6588541666666666 0.08854166666666667 0.059895833333333336
1 0.71484375 0.51953125 0.07291666666666667 0.06510416666666667
1 0.5364583333333334 0.5442708333333334 0.0546875 0.0625
1 0.7083333333333334 0.5807291666666666 0.09895833333333333 0.07552083333333333
1 0.2682291666666667 0.4947916666666667 0.059895833333333336 0.057291666666666664