1 0.5299479166666666 0.9674479166666666 0.0703125 0.06510416666666667
1 0.3255208333333333 0.5638020833333334 0.078125 0.09635416666666667
1 0.65625 0.4908854166666667 0.033854166666666664 0.044270833333333336
1 0.3359375 0.8385416666666666 0.059895833333333336 0.07291666666666667
1 0.7981770833333334 0.5208333333333334 0.044270833333333336 0.052083333333333336
1 0.265625 0.2630208333333333 0.044270833333333336 0.044270833333333336
1 0.5234375 0.2552083333333333 0.0546875 0.049479166666666664
1 0.4934895833333333 0.3528645833333333 0.046875 0.041666666666666664
1 0.5208333333333334 0.4466145833333333 0.059895833333333336 0.0625
1 0.5130208333333334 0.3841145833333333 0.041666666666666664 0.026041666666666668
1 0.4388020833333333 0.3346354166666667 0.044270833333333336 0.06510416666666667
1 0.2682291666666667 0.15885416666666666 0.059895833333333336 0.0859375
1 0.5234375 0.33984375 0.0390625 0.07291666666666667
1 0.3815104166666667 0.3138020833333333 0.049479166666666664 0.046875
1 0.234375 0.3359375 0.052083333333333336 0.044270833333333336
1 0.5130208333333334 0.9361979166666666 0.049479166666666664 0.08854166666666667
1 0.6315104166666666 0.4479166666666667 0.036458333333333336 0.0390625
1 0.5690104166666666 0.4270833333333333 0.044270833333333336 0.036458333333333336
1 0.640625 0.3203125 0.049479166666666664 0.0546875
1 0.6315104166666666 0.3697916666666667 0.052083333333333336 0.049479166666666664
1 0.14713541666666666 0.3190104166666667 0.036458333333333336 0.0546875
1 0.4036458333333333 0.3111979166666667 0.049479166666666664 0.0546875
1 0.8880208333333334 0.10026041666666667 0.06770833333333333 0.049479166666666664
1 0.5716145833333334 0.9244791666666666 0.0859375 0.07291666666666667
1 0.421875 0.3932291666666667 0.049479166666666664 0.0546875
1 0.3723958333333333 0.8385416666666666 0.057291666666666664 0.049479166666666664
1 0.47265625 0.3450520833333333 0.041666666666666664 0.0390625
1 0.5247395833333334 0.23828125 0.041666666666666664 0.059895833333333336
1 0.23828125 0.25390625 0.041666666666666664 0.052083333333333336
1 0.9088541666666666 0.4283854166666667 0.052083333333333336 0.06770833333333333
1 0.3177083333333333 0.78515625 0.07291666666666667 0.07291666666666667
1 0.3684895833333333 0.5859375 0.059895833333333336 0.08333333333333333
1 0.6588541666666666 0.4231770833333333 0.0390625 0.041666666666666664
1 0.51953125 0.2825520833333333 0.057291666666666664 0.059895833333333336
1 0.5651041666666666 0.19921875 0.06770833333333333 0.09114583333333333
1 0.21744791666666666 0.2565104166666667 0.0390625 0.036458333333333336
1 0.9075520833333334 0.5455729166666666 0.0625 0.0703125
1 0.4127604166666667 0.7200520833333334 0.0859375 0.09635416666666667
1 0.5533854166666666 0.3841145833333333 0.036458333333333336 0.046875
1 0.4609375 0.3997395833333333 0.046875 0.0390625
1 0.58203125 0.4388020833333333 0.0390625 0.052083333333333336
1 0.7526041666666666 0.3671875 0.059895833333333336 0.10416666666666667
1 0.2994791666666667 0.24479166666666666 0.041666666666666664 0.033854166666666664