1 0.25390625 0.06380208333333333 0.046875 0.08333333333333333
1 0.5026041666666666 0.20572916666666666 0.06510416666666667 0.09635416666666667
1 0.4244791666666667 0.8333333333333334 0.07291666666666667 0.049479166666666664
1 0.34375 0.5859375 0.03125 0.052083333333333336
1 0.3723958333333333 0.7513020833333334 0.06770833333333333 0.08072916666666667
1 0.22786458333333334 0.3854166666666667 0.0625 0.08854166666666667
1 0.23046875 0.09895833333333333 0.036458333333333336 0.11458333333333333
1 0.2890625 0.8528645833333334 0.026041666666666668 0.08854166666666667
1 0.19140625 0.23177083333333334 0.033854166666666664 0.1015625
1 0.2903645833333333 0.5091145833333334 0.033854166666666664 0.08072916666666667
1 0.1796875 0.12369791666666667 0.046875 0.057291666666666664
1 0.4401041666666667 0.1796875 0.052083333333333336 0.06510416666666667
1 0.2903645833333333 0.20442708333333334 0.044270833333333336 0.1015625
1 0.6106770833333334 0.11197916666666667 0.059895833333333336 0.08072916666666667
1 0.41796875 0.7291666666666666 0.033854166666666664 0.1171875
1 0.6966145833333334 0.18880208333333334 0.046875 0.13020833333333334
1 0.6822916666666666 0.5846354166666666 0.07291666666666667 0.06510416666666667
1 0.63671875 0.6067708333333334 0.06770833333333333 0.10416666666666667
1 0.5052083333333334 0.5416666666666666 0.049479166666666664 0.09375
1 0.9114583333333334 0.3528645833333333 0.07552083333333333 0.08333333333333333
1 0.7682291666666666 0.7265625 0.08333333333333333 0.07552083333333333
1 0.17057291666666666 0.3033854166666667 0.041666666666666664 0.09895833333333333
1 0.328125 0.22135416666666666 0.06510416666666667 0.0546875
1 0.19010416666666666 0.16666666666666666 0.06510416666666667 0.057291666666666664
1 0.3450520833333333 0.19270833333333334 0.046875 0.1328125
1 0.3411458333333333 0.94140625 0.041666666666666664 0.08854166666666667
1 0.3815104166666667 0.68359375 0.052083333333333336 0.078125
1 0.765625 0.23567708333333334 0.08333333333333333 0.0625
1 0.8072916666666666 0.3307291666666667 0.06510416666666667 0.09895833333333333
1 0.59375 0.17838541666666666 0.046875 0.12239583333333333
1 0.4830729166666667 0.86328125 0.06510416666666667 0.078125
1 0.3658854166666667 0.8671875 0.044270833333333336 0.0703125
1 0.33203125 0.7942708333333334 0.044270833333333336 0.0703125
1 0.5546875 0.54296875 0.059895833333333336 0.07552083333333333
1 0.16796875 0.4244791666666667 0.036458333333333336 0.10416666666666667
1 0.4921875 0.2682291666666667 0.044270833333333336 0.08854166666666667
1 0.5221354166666666 0.3098958333333333 0.06770833333333333 0.07552083333333333
1 0.2825520833333333 0.6627604166666666 0.046875 0.046875
1 0.9674479166666666 0.3854166666666667 0.059895833333333336 0.13541666666666666
1 0.515625 0.3658854166666667 0.057291666666666664 0.08854166666666667
1 0.2643229166666667 0.15625 0.06510416666666667 0.11197916666666667
1 0.4583333333333333 0.9088541666666666 0.052083333333333336 0.09114583333333333
1 0.24348958333333334 0.8059895833333334 0.0703125 0.09375
1 0.25390625 0.7369791666666666 0.0625 0.059895833333333336
1 0.6002604166666666 0.8984375 0.06510416666666667 0.109375
1 0.546875 0.9036458333333334 0.046875 0.109375