1 0.5325520833333334 0.17317708333333334 0.033854166666666664 0.0625
1 0.6731770833333334 0.5286458333333334 0.036458333333333336 0.041666666666666664
1 0.34375 0.3033854166666667 0.052083333333333336 0.036458333333333336
1 0.4049479166666667 0.4830729166666667 0.036458333333333336 0.059895833333333336
1 0.5260416666666666 0.3854166666666667 0.028645833333333332 0.049479166666666664
1 0.5690104166666666 0.37890625 0.036458333333333336 0.049479166666666664
1 0.87890625 0.5013020833333334 0.044270833333333336 0.0390625
1 0.6197916666666666 0.3958333333333333 0.044270833333333336 0.0390625
1 0.6705729166666666 0.5859375 0.0390625 0.0546875
1 0.4934895833333333 0.3919270833333333 0.03125 0.059895833333333336
1 0.76171875 0.6067708333333334 0.041666666666666664 0.0390625
1 0.6263020833333334 0.5416666666666666 0.0234375 0.046875
1 0.5690104166666666 0.546875 0.041666666666666664 0.033854166666666664
1 0.3763020833333333 0.4609375 0.036458333333333336 0.0546875
1 0.65625 0.4466145833333333 0.036458333333333336 0.057291666666666664
1 0.5989583333333334 0.5651041666666666 0.0390625 0.03125
1 0.6028645833333334 0.3723958333333333 0.049479166666666664 0.036458333333333336
1 0.69140625 0.4127604166666667 0.026041666666666668 0.046875
1 0.6276041666666666 0.5833333333333334 0.049479166666666664 0.033854166666666664
1 0.3359375 0.3984375 0.033854166666666664 0.0625
1 0.7578125 0.34375 0.041666666666666664 0.041666666666666664
1 0.59765625 0.5260416666666666 0.046875 0.03125
1 0.7018229166666666 0.31640625 0.03125 0.049479166666666664
1 0.6184895833333334 0.3684895833333333 0.046875 0.028645833333333332
1 0.61328125 0.42578125 0.033854166666666664 0.033854166666666664
1 0.7252604166666666 0.4140625 0.049479166666666664 0.044270833333333336
1 0.84375 0.43359375 0.03125 0.059895833333333336
1 0.9270833333333334 0.4557291666666667 0.049479166666666664 0.052083333333333336
1 0.4700520833333333 0.39453125 0.0390625 0.049479166666666664
1 0.6809895833333334 0.4361979166666667 0.046875 0.044270833333333336
1 0.7786458333333334 0.3294270833333333 0.049479166666666664 0.036458333333333336
1 0.71875 0.3450520833333333 0.049479166666666664 0.041666666666666664
1 0.6809895833333334 0.55859375 0.046875 0.0546875
1 0.69140625 0.59375 0.041666666666666664 0.052083333333333336