1 0.7252604166666666 0.4283854166666667 0.12760416666666666 0.1328125
1 0.6302083333333334 0.67578125 0.11197916666666667 0.109375
1 0.5533854166666666 0.9205729166666666 0.171875 0.09114583333333333
1 0.6080729166666666 0.43359375 0.11458333333333333 0.11458333333333333
1 0.640625 0.9270833333333334 0.14322916666666666 0.10416666666666667
1 0.8203125 0.7278645833333334 0.1328125 0.10416666666666667
1 0.5846354166666666 0.5520833333333334 0.0859375 0.15625
1 0.6471354166666666 0.23567708333333334 0.1015625 0.11458333333333333
1 0.55859375 0.125 0.08854166666666667 0.1328125
1 0.7005208333333334 0.6484375 0.09895833333333333 0.06770833333333333
1 0.4895833333333333 0.9739583333333334 0.11458333333333333 0.052083333333333336
1 0.5494791666666666 0.875 0.1015625 0.052083333333333336
1 0.7109375 0.5924479166666666 0.09114583333333333 0.057291666666666664
1 0.6236979166666666 0.053385416666666664 0.07291666666666667 0.08854166666666667
1 0.67578125 0.5481770833333334 0.08854166666666667 0.08333333333333333
1 0.6171875 0.10677083333333333 0.125 0.10677083333333333