1 0.984375 0.4622395833333333 0.03125 0.0703125
1 0.78515625 0.875 0.0546875 0.059895833333333336
1 0.25390625 0.4153645833333333 0.046875 0.09375
1 0.5286458333333334 0.4869791666666667 0.0390625 0.0625
1 0.5442708333333334 0.4322916666666667 0.044270833333333336 0.059895833333333336
1 0.6393229166666666 0.2760416666666667 0.049479166666666664 0.078125
1 0.7981770833333334 0.44140625 0.0546875 0.0390625
1 0.78515625 0.8424479166666666 0.057291666666666664 0.0546875
1 0.6184895833333334 0.8528645833333334 0.0625 0.07552083333333333
1 0.89453125 0.19921875 0.059895833333333336 0.046875
1 0.7721354166666666 0.48046875 0.0546875 0.0625
1 0.37109375 0.37890625 0.0390625 0.028645833333333332
1 0.8020833333333334 0.3606770833333333 0.0625 0.078125
0 0.9166666666666666 0.3841145833333333 0.13802083333333334 0.15885416666666666
0 0.4986979166666667 0.6341145833333334 0.09375 0.16927083333333334