1 0.41796875 0.49609375 0.044270833333333336 0.0703125
1 0.3294270833333333 0.5989583333333334 0.041666666666666664 0.06770833333333333
1 0.5260416666666666 0.5963541666666666 0.057291666666666664 0.03125
1 0.4583333333333333 0.5455729166666666 0.052083333333333336 0.044270833333333336
1 0.2838541666666667 0.14453125 0.07291666666666667 0.06770833333333333
1 0.859375 0.59765625 0.0625 0.06770833333333333
1 0.6171875 0.546875 0.07291666666666667 0.078125
1 0.4348958333333333 0.55859375 0.044270833333333336 0.059895833333333336
1 0.50390625 0.7317708333333334 0.06770833333333333 0.08333333333333333
1 0.3919270833333333 0.4127604166666667 0.041666666666666664 0.07552083333333333
1 0.4921875 0.4934895833333333 0.0546875 0.0546875
1 0.5286458333333334 0.5364583333333334 0.036458333333333336 0.0703125
1 0.4427083333333333 0.5078125 0.052083333333333336 0.036458333333333336
1 0.4049479166666667 0.5546875 0.0390625 0.06770833333333333
1 0.4986979166666667 0.61328125 0.0703125 0.049479166666666664
1 0.5572916666666666 0.55859375 0.06770833333333333 0.052083333333333336
1 0.85546875 0.4817708333333333 0.06510416666666667 0.0546875
1 0.4231770833333333 0.4205729166666667 0.07291666666666667 0.0625
1 0.3697916666666667 0.51171875 0.044270833333333336 0.08072916666666667
1 0.359375 0.55859375 0.044270833333333336 0.0703125