1 0.3567708333333333 0.6940104166666666 0.0546875 0.033854166666666664
1 0.44921875 0.9192708333333334 0.06770833333333333 0.10677083333333333
1 0.4401041666666667 0.85546875 0.0546875 0.0625
1 0.22526041666666666 0.4114583333333333 0.057291666666666664 0.033854166666666664
1 0.5950520833333334 0.6770833333333334 0.0625 0.11979166666666667
1 0.4440104166666667 0.6940104166666666 0.046875 0.07291666666666667
1 0.421875 0.7057291666666666 0.033854166666666664 0.08072916666666667
1 0.39453125 0.44921875 0.033854166666666664 0.07291666666666667
1 0.4270833333333333 0.6067708333333334 0.06510416666666667 0.059895833333333336
1 0.42578125 0.73828125 0.052083333333333336 0.06510416666666667
1 0.4401041666666667 0.4205729166666667 0.036458333333333336 0.049479166666666664
1 0.5182291666666666 0.7890625 0.06770833333333333 0.041666666666666664
1 0.4166666666666667 0.5286458333333334 0.0546875 0.0546875