1 0.4557291666666667 0.5065104166666666 0.059895833333333336 0.07291666666666667
1 0.5559895833333334 0.49609375 0.057291666666666664 0.0546875
1 0.4947916666666667 0.3606770833333333 0.06770833333333333 0.06510416666666667
1 0.37109375 0.5494791666666666 0.041666666666666664 0.044270833333333336
1 0.4036458333333333 0.2669270833333333 0.049479166666666664 0.07291666666666667
1 0.4856770833333333 0.5533854166666666 0.046875 0.0625
1 0.40234375 0.2877604166666667 0.046875 0.07552083333333333
1 0.3736979166666667 0.36328125 0.044270833333333336 0.06770833333333333
1 0.515625 0.5338541666666666 0.052083333333333336 0.0625
1 0.3580729166666667 0.50390625 0.0546875 0.0390625
1 0.484375 0.3411458333333333 0.0625 0.052083333333333336
1 0.4388020833333333 0.28515625 0.0625 0.09114583333333333
1 0.5260416666666666 0.49609375 0.033854166666666664 0.052083333333333336
1 0.3515625 0.43359375 0.052083333333333336 0.0703125
1 0.3828125 0.5651041666666666 0.036458333333333336 0.0546875
1 0.3997395833333333 0.4466145833333333 0.046875 0.0546875
1 0.39453125 0.546875 0.033854166666666664 0.059895833333333336
1 0.4856770833333333 0.6028645833333334 0.046875 0.078125