1 0.3567708333333333 0.5208333333333334 0.041666666666666664 0.07552083333333333
1 0.4661458333333333 0.6770833333333334 0.036458333333333336 0.06770833333333333
1 0.4075520833333333 0.6614583333333334 0.041666666666666664 0.078125
1 0.3658854166666667 0.37109375 0.036458333333333336 0.07291666666666667
1 0.421875 0.4401041666666667 0.049479166666666664 0.0703125
1 0.44921875 0.4674479166666667 0.0390625 0.049479166666666664
1 0.7330729166666666 0.3958333333333333 0.041666666666666664 0.049479166666666664
1 0.6028645833333334 0.4869791666666667 0.033854166666666664 0.041666666666666664
1 0.6497395833333334 0.3580729166666667 0.041666666666666664 0.059895833333333336
1 0.5247395833333334 0.625 0.046875 0.0625
1 0.5572916666666666 0.6354166666666666 0.046875 0.06510416666666667
1 0.6145833333333334 0.6536458333333334 0.033854166666666664 0.078125
1 0.37109375 0.6041666666666666 0.044270833333333336 0.0625
1 0.4973958333333333 0.5716145833333334 0.049479166666666664 0.07552083333333333
1 0.3515625 0.3580729166666667 0.036458333333333336 0.0546875
1 0.4817708333333333 0.2994791666666667 0.044270833333333336 0.041666666666666664
1 0.60546875 0.3723958333333333 0.0390625 0.052083333333333336
1 0.5091145833333334 0.46484375 0.0390625 0.07552083333333333
1 0.5611979166666666 0.4140625 0.03125 0.06510416666666667
1 0.5846354166666666 0.34375 0.0390625 0.0703125
1 0.58203125 0.6627604166666666 0.044270833333333336 0.0859375
1 0.56640625 0.69921875 0.052083333333333336 0.0703125
1 0.4635416666666667 0.5078125 0.03125 0.044270833333333336
1 0.5729166666666666 0.3098958333333333 0.036458333333333336 0.041666666666666664
1 0.3919270833333333 0.5013020833333334 0.041666666666666664 0.07291666666666667
1 0.4153645833333333 0.5625 0.049479166666666664 0.07291666666666667
1 0.4817708333333333 0.3359375 0.0546875 0.0703125
1 0.63671875 0.21223958333333334 0.046875 0.08333333333333333
1 0.6614583333333334 0.234375 0.0546875 0.07291666666666667
1 0.6666666666666666 0.51953125 0.03125 0.0625
1 0.6315104166666666 0.5338541666666666 0.03125 0.07552083333333333
1 0.4296875 0.3684895833333333 0.046875 0.057291666666666664
1 0.484375 0.4817708333333333 0.03125 0.07552083333333333
1 0.4479166666666667 0.3203125 0.044270833333333336 0.057291666666666664
1 0.4544270833333333 0.390625 0.036458333333333336 0.06770833333333333
1 0.46875 0.3736979166666667 0.0546875 0.0703125
1 0.7369791666666666 0.453125 0.033854166666666664 0.06770833333333333
1 0.6145833333333334 0.3020833333333333 0.046875 0.057291666666666664
1 0.5403645833333334 0.3411458333333333 0.033854166666666664 0.052083333333333336
1 0.5416666666666666 0.6888020833333334 0.0390625 0.0859375
1 0.5065104166666666 0.8450520833333334 0.046875 0.0625
1 0.4361979166666667 0.7096354166666666 0.044270833333333336 0.0703125
1 0.5091145833333334 0.3645833333333333 0.046875 0.0546875
1 0.7161458333333334 0.4505208333333333 0.044270833333333336 0.08333333333333333
1 0.6822916666666666 0.5143229166666666 0.03125 0.0703125
1 0.6380208333333334 0.4817708333333333 0.0390625 0.049479166666666664
1 0.53125 0.4817708333333333 0.036458333333333336 0.06770833333333333
1 0.5247395833333334 0.390625 0.0390625 0.0625
1 0.5416666666666666 0.40625 0.041666666666666664 0.06770833333333333
1 0.6119791666666666 0.6731770833333334 0.041666666666666664 0.036458333333333336
1 0.5716145833333334 0.5963541666666666 0.036458333333333336 0.036458333333333336
1 0.5950520833333334 0.6731770833333334 0.036458333333333336 0.033854166666666664
1 0.5091145833333334 0.7096354166666666 0.03125 0.06770833333333333
1 0.4270833333333333 0.6796875 0.0390625 0.041666666666666664
1 0.5924479166666666 0.4700520833333333 0.041666666666666664 0.044270833333333336
1 0.5572916666666666 0.2864583333333333 0.028645833333333332 0.0546875
1 0.3671875 0.7526041666666666 0.046875 0.059895833333333336
1 0.4505208333333333 0.6705729166666666 0.052083333333333336 0.059895833333333336
1 0.4231770833333333 0.6979166666666666 0.033854166666666664 0.08333333333333333
1 0.4114583333333333 0.6171875 0.041666666666666664 0.052083333333333336
1 0.41796875 0.40234375 0.044270833333333336 0.041666666666666664
1 0.5026041666666666 0.5260416666666666 0.036458333333333336 0.0703125
1 0.6731770833333334 0.3802083333333333 0.046875 0.052083333333333336
1 0.57421875 0.27734375 0.052083333333333336 0.052083333333333336
1 0.5286458333333334 0.7395833333333334 0.044270833333333336 0.09114583333333333
1 0.66796875 0.3424479166666667 0.03125 0.0546875
1 0.4583333333333333 0.4244791666666667 0.028645833333333332 0.057291666666666664
1 0.30078125 0.28125 0.036458333333333336 0.0625
1 0.2955729166666667 0.5234375 0.046875 0.06770833333333333
1 0.4973958333333333 0.6861979166666666 0.0390625 0.059895833333333336
1 0.4895833333333333 0.6145833333333334 0.041666666666666664 0.07552083333333333
1 0.4127604166666667 0.33984375 0.041666666666666664 0.06770833333333333
1 0.51171875 0.3111979166666667 0.046875 0.059895833333333336
1 0.6315104166666666 0.3255208333333333 0.044270833333333336 0.06510416666666667
1 0.5950520833333334 0.5833333333333334 0.03125 0.052083333333333336
1 0.6223958333333334 0.3736979166666667 0.03125 0.046875