1 0.6666666666666666 0.4375 0.06510416666666667 0.059895833333333336
1 0.4270833333333333 0.5794270833333334 0.057291666666666664 0.07552083333333333
1 0.5559895833333334 0.5364583333333334 0.0625 0.10677083333333333
1 0.5104166666666666 0.19270833333333334 0.0546875 0.06770833333333333
1 0.7291666666666666 0.3984375 0.0546875 0.109375
1 0.6328125 0.6315104166666666 0.06770833333333333 0.1328125
1 0.4049479166666667 0.8138020833333334 0.0546875 0.1015625
1 0.4036458333333333 0.3567708333333333 0.07291666666666667 0.07552083333333333
1 0.4244791666666667 0.48046875 0.07291666666666667 0.1015625
1 0.3684895833333333 0.5182291666666666 0.046875 0.044270833333333336
1 0.3619791666666667 0.3502604166666667 0.08854166666666667 0.13020833333333334
1 0.5677083333333334 0.3489583333333333 0.052083333333333336 0.0546875
1 0.5677083333333334 0.4479166666666667 0.0625 0.11458333333333333
1 0.6002604166666666 0.2109375 0.057291666666666664 0.10416666666666667
1 0.6393229166666666 0.21744791666666666 0.0625 0.07552083333333333
1 0.4609375 0.25 0.07291666666666667 0.13541666666666666
1 0.58203125 0.2942708333333333 0.078125 0.06510416666666667
1 0.5755208333333334 0.3984375 0.057291666666666664 0.1015625
1 0.6158854166666666 0.4856770833333333 0.059895833333333336 0.0859375
1 0.5885416666666666 0.53515625 0.08072916666666667 0.11197916666666667
1 0.5390625 0.6002604166666666 0.09114583333333333 0.11979166666666667