1 0.20052083333333334 0.4518229166666667 0.1015625 0.059895833333333336
1 0.6015625 0.6341145833333334 0.0859375 0.09114583333333333
1 0.15625 0.57421875 0.09114583333333333 0.06510416666666667
1 0.7161458333333334 0.4505208333333333 0.1171875 0.0625
1 0.3229166666666667 0.2591145833333333 0.1171875 0.0625
1 0.4322916666666667 0.3919270833333333 0.11197916666666667 0.057291666666666664
1 0.3125 0.3880208333333333 0.10416666666666667 0.0625
1 0.4075520833333333 0.5690104166666666 0.09375 0.07552083333333333
1 0.3125 0.5208333333333334 0.08854166666666667 0.078125
1 0.3671875 0.4401041666666667 0.08854166666666667 0.0703125
1 0.4856770833333333 0.4518229166666667 0.11197916666666667 0.07291666666666667
1 0.6575520833333334 0.5403645833333334 0.09375 0.08072916666666667