1 0.3606770833333333 0.8463541666666666 0.049479166666666664 0.07552083333333333
1 0.24348958333333334 0.7356770833333334 0.041666666666666664 0.0703125
1 0.13151041666666666 0.55078125 0.0625 0.08072916666666667
1 0.3151041666666667 0.2981770833333333 0.0546875 0.078125
1 0.66015625 0.4713541666666667 0.07552083333333333 0.09375
1 0.5221354166666666 0.5065104166666666 0.0546875 0.0703125
1 0.46484375 0.5091145833333334 0.06770833333333333 0.057291666666666664
1 0.3268229166666667 0.4752604166666667 0.0625 0.041666666666666664
1 0.07291666666666667 0.54296875 0.06770833333333333 0.07291666666666667
1 0.21223958333333334 0.2669270833333333 0.059895833333333336 0.07291666666666667
1 0.5546875 0.8046875 0.0546875 0.07552083333333333
1 0.2799479166666667 0.7786458333333334 0.059895833333333336 0.0703125
1 0.5950520833333334 0.578125 0.0546875 0.06770833333333333
1 0.6705729166666666 0.5846354166666666 0.0546875 0.078125
1 0.3411458333333333 0.4231770833333333 0.052083333333333336 0.07552083333333333
1 0.17447916666666666 0.4036458333333333 0.06510416666666667 0.07552083333333333
1 0.4244791666666667 0.3619791666666667 0.052083333333333336 0.078125
1 0.4596354166666667 0.89453125 0.07291666666666667 0.07291666666666667
1 0.8138020833333334 0.546875 0.059895833333333336 0.07291666666666667
1 0.5533854166666666 0.4010416666666667 0.06510416666666667 0.07291666666666667
1 0.3177083333333333 0.4283854166666667 0.046875 0.06510416666666667
1 0.23177083333333334 0.5182291666666666 0.057291666666666664 0.07291666666666667
1 0.12239583333333333 0.3346354166666667 0.052083333333333336 0.07552083333333333
1 0.14322916666666666 0.6223958333333334 0.044270833333333336 0.0625
1 0.19661458333333334 0.5520833333333334 0.059895833333333336 0.059895833333333336
1 0.15885416666666666 0.6184895833333334 0.041666666666666664 0.0625
1 0.24609375 0.6861979166666666 0.052083333333333336 0.049479166666666664
1 0.5520833333333334 0.90625 0.07291666666666667 0.0703125
1 0.52734375 0.6106770833333334 0.06770833333333333 0.07552083333333333
1 0.5807291666666666 0.6184895833333334 0.059895833333333336 0.0703125
1 0.6458333333333334 0.5794270833333334 0.049479166666666664 0.078125
1 0.5559895833333334 0.33984375 0.06770833333333333 0.0625
1 0.3307291666666667 0.5872395833333334 0.046875 0.06510416666666667
1 0.23046875 0.21484375 0.078125 0.0859375
1 0.06770833333333333 0.3203125 0.059895833333333336 0.07291666666666667