1 0.2721354166666667 0.3697916666666667 0.0546875 0.10677083333333333
1 0.5260416666666666 0.4231770833333333 0.06510416666666667 0.052083333333333336
1 0.5286458333333334 0.57421875 0.06770833333333333 0.033854166666666664
1 0.5364583333333334 0.4908854166666667 0.0546875 0.09635416666666667
1 0.58984375 0.5833333333333334 0.0625 0.0546875
1 0.5729166666666666 0.5794270833333334 0.03125 0.0859375
1 0.5260416666666666 0.6080729166666666 0.06510416666666667 0.036458333333333336
1 0.3229166666666667 0.5963541666666666 0.0625 0.1328125
1 0.3828125 0.5247395833333334 0.049479166666666664 0.06510416666666667
1 0.4192708333333333 0.48046875 0.052083333333333336 0.09114583333333333
1 0.48828125 0.4557291666666667 0.03125 0.078125
1 0.51953125 0.5546875 0.052083333333333336 0.049479166666666664
1 0.5143229166666666 0.50390625 0.0859375 0.0703125
1 0.4075520833333333 0.94921875 0.0390625 0.09375