1 0.3125 0.7591145833333334 0.07552083333333333 0.15364583333333334
1 0.8151041666666666 0.2981770833333333 0.07291666666666667 0.14322916666666666
1 0.37890625 0.19661458333333334 0.049479166666666664 0.057291666666666664
1 0.6002604166666666 0.6302083333333334 0.049479166666666664 0.06510416666666667
1 0.7877604166666666 0.5833333333333334 0.0703125 0.15104166666666666
1 0.5104166666666666 0.5989583333333334 0.036458333333333336 0.09114583333333333
1 0.4036458333333333 0.9466145833333334 0.059895833333333336 0.08072916666666667
1 0.7317708333333334 0.6640625 0.052083333333333336 0.10416666666666667
1 0.6940104166666666 0.8033854166666666 0.06770833333333333 0.052083333333333336
1 0.4661458333333333 0.3138020833333333 0.052083333333333336 0.049479166666666664
1 0.8268229166666666 0.5885416666666666 0.0546875 0.046875
1 0.4296875 0.38671875 0.1015625 0.109375
1 0.7018229166666666 0.62890625 0.0703125 0.08854166666666667
1 0.3841145833333333 0.4752604166666667 0.06770833333333333 0.057291666666666664
1 0.3997395833333333 0.3372395833333333 0.033854166666666664 0.041666666666666664
1 0.375 0.34375 0.046875 0.07552083333333333
1 0.42578125 0.4479166666666667 0.0546875 0.046875
1 0.7252604166666666 0.5651041666666666 0.052083333333333336 0.08333333333333333
1 0.6028645833333334 0.3893229166666667 0.052083333333333336 0.06770833333333333
1 0.8971354166666666 0.17578125 0.06770833333333333 0.125
1 0.3815104166666667 0.10286458333333333 0.044270833333333336 0.06770833333333333
1 0.453125 0.06901041666666667 0.0390625 0.08333333333333333
1 0.7565104166666666 0.6848958333333334 0.0703125 0.08072916666666667
1 0.5950520833333334 0.4440104166666667 0.052083333333333336 0.059895833333333336
1 0.19010416666666666 0.6354166666666666 0.08333333333333333 0.12239583333333333
1 0.6393229166666666 0.5390625 0.041666666666666664 0.08072916666666667
1 0.4049479166666667 0.1171875 0.0703125 0.12239583333333333
1 0.8072916666666666 0.69921875 0.08333333333333333 0.20052083333333334
1 0.2942708333333333 0.6484375 0.10416666666666667 0.08854166666666667
1 0.3033854166666667 0.61328125 0.0546875 0.08333333333333333
1 0.3958333333333333 0.4375 0.0390625 0.07291666666666667
1 0.4375 0.3359375 0.08072916666666667 0.06510416666666667
1 0.6809895833333334 0.7057291666666666 0.059895833333333336 0.13020833333333334
1 0.390625 0.18229166666666666 0.049479166666666664 0.057291666666666664