1 0.87890625 0.4752604166666667 0.036458333333333336 0.052083333333333336
1 0.875 0.5091145833333334 0.0390625 0.0390625
1 0.8450520833333334 0.5286458333333334 0.018229166666666668 0.057291666666666664
1 0.6575520833333334 0.5130208333333334 0.0390625 0.026041666666666668
1 0.9010416666666666 0.5299479166666666 0.0390625 0.036458333333333336
1 0.8046875 0.52734375 0.049479166666666664 0.03125
1 0.60546875 0.4388020833333333 0.044270833333333336 0.026041666666666668
1 0.55859375 0.6848958333333334 0.041666666666666664 0.046875
1 0.6731770833333334 0.5559895833333334 0.018229166666666668 0.03125
1 0.6510416666666666 0.6223958333333334 0.0234375 0.057291666666666664
1 0.6575520833333334 0.7591145833333334 0.036458333333333336 0.033854166666666664
1 0.7786458333333334 0.74609375 0.041666666666666664 0.033854166666666664
1 0.8971354166666666 0.6028645833333334 0.041666666666666664 0.052083333333333336
1 0.6549479166666666 0.5299479166666666 0.0390625 0.0234375
1 0.6171875 0.3971354166666667 0.03125 0.015625
1 0.66015625 0.8255208333333334 0.020833333333333332 0.0625
1 0.6106770833333334 0.41796875 0.036458333333333336 0.03125
1 0.8828125 0.6549479166666666 0.046875 0.0546875
1 0.6354166666666666 0.4518229166666667 0.020833333333333332 0.0546875
1 0.6393229166666666 0.5625 0.015625 0.0390625
1 0.5950520833333334 0.6653645833333334 0.0234375 0.0546875
1 0.6341145833333334 0.51953125 0.010416666666666666 0.036458333333333336
1 0.578125 0.4309895833333333 0.028645833333333332 0.049479166666666664
1 0.65625 0.5481770833333334 0.0234375 0.028645833333333332
1 0.6067708333333334 0.3059895833333333 0.0390625 0.0546875
1 0.6705729166666666 0.5403645833333334 0.018229166666666668 0.028645833333333332
1 0.61328125 0.36328125 0.028645833333333332 0.046875
1 0.6276041666666666 0.58203125 0.020833333333333332 0.044270833333333336
1 0.6341145833333334 0.6197916666666666 0.03125 0.033854166666666664
1 0.6627604166666666 0.7291666666666666 0.0234375 0.059895833333333336