1 0.5625 0.3671875 0.044270833333333336 0.06770833333333333
1 0.4296875 0.59375 0.08854166666666667 0.06510416666666667
1 0.4466145833333333 0.6302083333333334 0.0859375 0.0546875
1 0.63671875 0.3151041666666667 0.09895833333333333 0.0859375
1 0.2981770833333333 0.3424479166666667 0.059895833333333336 0.057291666666666664
1 0.390625 0.5078125 0.09635416666666667 0.09375
1 0.5299479166666666 0.328125 0.0859375 0.09375
1 0.3190104166666667 0.3059895833333333 0.09114583333333333 0.0546875
1 0.4596354166666667 0.4583333333333333 0.08333333333333333 0.08854166666666667
1 0.4375 0.4908854166666667 0.08072916666666667 0.08333333333333333
1 0.3229166666666667 0.6966145833333334 0.0625 0.0625
1 0.3567708333333333 0.3723958333333333 0.0703125 0.11197916666666667
1 0.32421875 0.6627604166666666 0.09114583333333333 0.057291666666666664
1 0.23697916666666666 0.3919270833333333 0.09375 0.11979166666666667
1 0.4114583333333333 0.3190104166666667 0.08333333333333333 0.11458333333333333