1 0.6236979166666666 0.15885416666666666 0.0390625 0.057291666666666664
1 0.6106770833333334 0.24088541666666666 0.0234375 0.0625
1 0.640625 0.265625 0.033854166666666664 0.028645833333333332
1 0.5885416666666666 0.6822916666666666 0.028645833333333332 0.046875
1 0.6197916666666666 0.11197916666666667 0.033854166666666664 0.044270833333333336
1 0.6510416666666666 0.60546875 0.026041666666666668 0.046875
1 0.5872395833333334 0.5846354166666666 0.020833333333333332 0.049479166666666664
1 0.5794270833333334 0.3450520833333333 0.033854166666666664 0.044270833333333336
1 0.7643229166666666 0.3919270833333333 0.026041666666666668 0.044270833333333336
1 0.75 0.4140625 0.044270833333333336 0.028645833333333332
1 0.5208333333333334 0.42578125 0.018229166666666668 0.049479166666666664
1 0.52734375 0.5 0.0234375 0.049479166666666664
1 0.6041666666666666 0.3815104166666667 0.049479166666666664 0.0390625
1 0.6966145833333334 0.4817708333333333 0.03125 0.041666666666666664
1 0.6979166666666666 0.44140625 0.015625 0.046875
1 0.6197916666666666 0.6028645833333334 0.036458333333333336 0.049479166666666664
1 0.6315104166666666 0.671875 0.018229166666666668 0.049479166666666664
1 0.5963541666666666 0.34375 0.026041666666666668 0.052083333333333336
1 0.5755208333333334 0.8111979166666666 0.020833333333333332 0.046875
1 0.6744791666666666 0.18098958333333334 0.044270833333333336 0.028645833333333332
1 0.671875 0.140625 0.03125 0.044270833333333336
1 0.7630208333333334 0.4661458333333333 0.03125 0.044270833333333336