1 0.3932291666666667 0.28125 0.057291666666666664 0.07291666666666667
1 0.37890625 0.6627604166666666 0.049479166666666664 0.0703125
1 0.4153645833333333 0.5546875 0.044270833333333336 0.0546875
1 0.65234375 0.7916666666666666 0.052083333333333336 0.052083333333333336
1 0.06901041666666667 0.44921875 0.044270833333333336 0.046875
1 0.4505208333333333 0.3567708333333333 0.049479166666666664 0.0546875
1 0.4453125 0.6809895833333334 0.0546875 0.049479166666666664
1 0.19661458333333334 0.29296875 0.057291666666666664 0.0703125
1 0.5625 0.38671875 0.046875 0.052083333333333336
1 0.3385416666666667 0.72265625 0.036458333333333336 0.0625
1 0.5325520833333334 0.80859375 0.052083333333333336 0.046875
1 0.4947916666666667 0.8333333333333334 0.0390625 0.0625
1 0.4765625 0.23046875 0.046875 0.07291666666666667
1 0.38671875 0.3580729166666667 0.0546875 0.0546875
1 0.50390625 0.4661458333333333 0.049479166666666664 0.057291666666666664
1 0.53515625 0.6263020833333334 0.041666666666666664 0.0625
1 0.7890625 0.8528645833333334 0.046875 0.06510416666666667
1 0.2994791666666667 0.3151041666666667 0.044270833333333336 0.0546875
1 0.6119791666666666 0.4583333333333333 0.049479166666666664 0.052083333333333336
1 0.3020833333333333 0.703125 0.046875 0.041666666666666664
1 0.12239583333333333 0.5221354166666666 0.046875 0.049479166666666664
1 0.55859375 0.6497395833333334 0.036458333333333336 0.059895833333333336
1 0.6197916666666666 0.2942708333333333 0.044270833333333336 0.0625
1 0.61328125 0.59375 0.049479166666666664 0.049479166666666664
1 0.6614583333333334 0.5885416666666666 0.0390625 0.0546875
1 0.75390625 0.796875 0.052083333333333336 0.052083333333333336