1 0.3424479166666667 0.4713541666666667 0.0234375 0.052083333333333336
1 0.546875 0.3255208333333333 0.020833333333333332 0.07552083333333333
1 0.15625 0.22395833333333334 0.041666666666666664 0.0546875
1 0.4401041666666667 0.46875 0.033854166666666664 0.044270833333333336
1 0.4856770833333333 0.5013020833333334 0.033854166666666664 0.0625
1 0.15104166666666666 0.36328125 0.036458333333333336 0.018229166666666668
1 0.4674479166666667 0.3515625 0.020833333333333332 0.0703125
1 0.4231770833333333 0.21354166666666666 0.049479166666666664 0.07552083333333333
1 0.4895833333333333 0.41796875 0.059895833333333336 0.028645833333333332
1 0.27734375 0.4895833333333333 0.044270833333333336 0.033854166666666664
1 0.3059895833333333 0.5208333333333334 0.020833333333333332 0.059895833333333336
1 0.47265625 0.3033854166666667 0.026041666666666668 0.057291666666666664
1 0.10286458333333333 0.4505208333333333 0.041666666666666664 0.059895833333333336
1 0.19270833333333334 0.4166666666666667 0.015625 0.049479166666666664
1 0.3268229166666667 0.4322916666666667 0.020833333333333332 0.057291666666666664
1 0.6341145833333334 0.4283854166666667 0.06510416666666667 0.052083333333333336