1 0.5677083333333334 0.6549479166666666 0.041666666666666664 0.07291666666666667
1 0.34765625 0.7122395833333334 0.07552083333333333 0.13020833333333334
1 0.6666666666666666 0.8880208333333334 0.09635416666666667 0.0859375
1 0.7018229166666666 0.7643229166666666 0.0546875 0.10416666666666667
1 0.28125 0.76953125 0.059895833333333336 0.1484375
1 0.3268229166666667 0.8671875 0.0703125 0.08333333333333333
1 0.5598958333333334 0.69140625 0.0703125 0.09895833333333333
1 0.26953125 0.9440104166666666 0.0703125 0.11197916666666667
1 0.2994791666666667 0.5950520833333334 0.08854166666666667 0.09114583333333333
1 0.4361979166666667 0.6067708333333334 0.078125 0.12239583333333333
1 0.3138020833333333 0.76171875 0.0546875 0.1328125
1 0.4609375 0.6822916666666666 0.052083333333333336 0.109375
1 0.6744791666666666 0.7903645833333334 0.059895833333333336 0.1171875
1 0.4388020833333333 0.7174479166666666 0.049479166666666664 0.12760416666666666