1 0.4765625 0.5690104166666666 0.036458333333333336 0.07291666666666667
1 0.4752604166666667 0.7669270833333334 0.036458333333333336 0.049479166666666664
1 0.484375 0.6627604166666666 0.044270833333333336 0.046875
1 0.5950520833333334 0.4192708333333333 0.049479166666666664 0.03125
1 0.5143229166666666 0.6653645833333334 0.0234375 0.10416666666666667
1 0.6549479166666666 0.6263020833333334 0.0390625 0.059895833333333336
1 0.6731770833333334 0.5651041666666666 0.046875 0.036458333333333336
1 0.7057291666666666 0.5989583333333334 0.049479166666666664 0.059895833333333336
1 0.4296875 0.5403645833333334 0.044270833333333336 0.046875
1 0.8502604166666666 0.890625 0.028645833333333332 0.078125
1 0.7604166666666666 0.7213541666666666 0.041666666666666664 0.03125
1 0.5390625 0.3020833333333333 0.041666666666666664 0.07291666666666667
1 0.58203125 0.5169270833333334 0.0234375 0.08072916666666667
1 0.78125 0.82421875 0.041666666666666664 0.06770833333333333
1 0.7174479166666666 0.6354166666666666 0.036458333333333336 0.036458333333333336