1 0.34765625 0.31640625 0.033854166666666664 0.033854166666666664
1 0.2994791666666667 0.3216145833333333 0.020833333333333332 0.036458333333333336
1 0.3515625 0.4479166666666667 0.028645833333333332 0.028645833333333332
1 0.3736979166666667 0.4557291666666667 0.026041666666666668 0.036458333333333336
1 0.4674479166666667 0.34765625 0.0234375 0.036458333333333336
1 0.4088541666666667 0.2890625 0.0234375 0.0390625
1 0.3424479166666667 0.44140625 0.020833333333333332 0.044270833333333336
1 0.4674479166666667 0.453125 0.018229166666666668 0.0390625
1 0.48828125 0.3255208333333333 0.033854166666666664 0.03125
1 0.4856770833333333 0.5559895833333334 0.026041666666666668 0.03125
1 0.23697916666666666 0.375 0.026041666666666668 0.0234375
1 0.5338541666666666 0.359375 0.03125 0.033854166666666664
1 0.4127604166666667 0.546875 0.015625 0.046875
1 0.4231770833333333 0.55859375 0.0234375 0.0390625
1 0.44140625 0.5455729166666666 0.018229166666666668 0.036458333333333336
1 0.36328125 0.2669270833333333 0.020833333333333332 0.028645833333333332
1 0.4544270833333333 0.2734375 0.018229166666666668 0.046875
1 0.3997395833333333 0.3411458333333333 0.03125 0.036458333333333336
1 0.4453125 0.6223958333333334 0.018229166666666668 0.0390625
1 0.3216145833333333 0.6197916666666666 0.026041666666666668 0.0234375
1 0.4453125 0.4544270833333333 0.03125 0.028645833333333332
1 0.35546875 0.22526041666666666 0.028645833333333332 0.0390625
1 0.3033854166666667 0.3645833333333333 0.018229166666666668 0.044270833333333336
1 0.2942708333333333 0.30859375 0.026041666666666668 0.026041666666666668
1 0.3971354166666667 0.4635416666666667 0.028645833333333332 0.028645833333333332
1 0.4361979166666667 0.6158854166666666 0.018229166666666668 0.041666666666666664
1 0.3958333333333333 0.4244791666666667 0.020833333333333332 0.033854166666666664
1 0.2669270833333333 0.4283854166666667 0.028645833333333332 0.026041666666666668
1 0.296875 0.3971354166666667 0.020833333333333332 0.036458333333333336
1 0.38671875 0.4466145833333333 0.018229166666666668 0.0390625
1 0.4283854166666667 0.19791666666666666 0.0234375 0.026041666666666668
1 0.4140625 0.2760416666666667 0.0234375 0.03125
1 0.4166666666666667 0.4895833333333333 0.026041666666666668 0.028645833333333332
1 0.3893229166666667 0.6393229166666666 0.015625 0.0390625
1 0.3893229166666667 0.60546875 0.026041666666666668 0.0234375
1 0.3229166666666667 0.5638020833333334 0.020833333333333332 0.041666666666666664
1 0.5442708333333334 0.44921875 0.026041666666666668 0.020833333333333332
1 0.44140625 0.2864583333333333 0.026041666666666668 0.041666666666666664
1 0.3346354166666667 0.5703125 0.026041666666666668 0.0234375