1 0.55078125 0.19010416666666666 0.09895833333333333 0.09635416666666667
1 0.5403645833333334 0.2513020833333333 0.06510416666666667 0.09114583333333333
1 0.5911458333333334 0.2526041666666667 0.08333333333333333 0.078125
1 0.3763020833333333 0.34375 0.08333333333333333 0.09635416666666667
1 0.6171875 0.6614583333333334 0.09895833333333333 0.09895833333333333
1 0.4231770833333333 0.66796875 0.08333333333333333 0.09895833333333333
1 0.3671875 0.5260416666666666 0.052083333333333336 0.08854166666666667
1 0.70703125 0.3255208333333333 0.08333333333333333 0.09114583333333333
1 0.765625 0.3671875 0.09635416666666667 0.08072916666666667
1 0.70703125 0.5403645833333334 0.078125 0.11197916666666667
1 0.19140625 0.29296875 0.08072916666666667 0.09114583333333333
1 0.6015625 0.3489583333333333 0.06510416666666667 0.11197916666666667
1 0.3619791666666667 0.4557291666666667 0.06770833333333333 0.1015625
1 0.5598958333333334 0.6315104166666666 0.06510416666666667 0.09895833333333333
1 0.5377604166666666 0.6549479166666666 0.057291666666666664 0.10677083333333333
1 0.3776041666666667 0.6653645833333334 0.049479166666666664 0.09375
1 0.31640625 0.5013020833333334 0.06770833333333333 0.09635416666666667
1 0.2838541666666667 0.4934895833333333 0.057291666666666664 0.09114583333333333
1 0.83984375 0.2604166666666667 0.0703125 0.11458333333333333
1 0.8111979166666666 0.6171875 0.09114583333333333 0.09635416666666667
1 0.76171875 0.6158854166666666 0.0546875 0.09895833333333333
1 0.6627604166666666 0.20052083333333334 0.07552083333333333 0.09895833333333333
1 0.4361979166666667 0.328125 0.06510416666666667 0.0546875
1 0.3919270833333333 0.3736979166666667 0.044270833333333336 0.08333333333333333
1 0.4348958333333333 0.390625 0.059895833333333336 0.08333333333333333
1 0.46484375 0.4166666666666667 0.07291666666666667 0.09635416666666667
1 0.4895833333333333 0.57421875 0.0625 0.09375
1 0.2994791666666667 0.5872395833333334 0.0546875 0.0859375
1 0.6731770833333334 0.2981770833333333 0.052083333333333336 0.08333333333333333
1 0.72265625 0.3020833333333333 0.08854166666666667 0.07552083333333333
1 0.70703125 0.640625 0.0625 0.09635416666666667
1 0.6458333333333334 0.2265625 0.052083333333333336 0.078125
1 0.4544270833333333 0.3489583333333333 0.06770833333333333 0.059895833333333336
1 0.4231770833333333 0.47265625 0.0625 0.0546875
1 0.578125 0.6419270833333334 0.059895833333333336 0.08854166666666667
1 0.3046875 0.36328125 0.0703125 0.059895833333333336
1 0.3919270833333333 0.22265625 0.059895833333333336 0.09895833333333333
1 0.796875 0.3489583333333333 0.07291666666666667 0.057291666666666664
1 0.734375 0.6263020833333334 0.07552083333333333 0.12239583333333333
1 0.4908854166666667 0.3645833333333333 0.078125 0.08854166666666667
1 0.4010416666666667 0.6497395833333334 0.049479166666666664 0.08333333333333333
1 0.3684895833333333 0.5794270833333334 0.06510416666666667 0.109375
1 0.24739583333333334 0.8424479166666666 0.07291666666666667 0.11197916666666667
1 0.3489583333333333 0.5078125 0.057291666666666664 0.08854166666666667
1 0.3489583333333333 0.24609375 0.06510416666666667 0.07552083333333333
1 0.8984375 0.2838541666666667 0.08072916666666667 0.0703125
1 0.8151041666666666 0.4075520833333333 0.0546875 0.09635416666666667
1 0.7421875 0.4205729166666667 0.078125 0.0859375
1 0.7578125 0.4921875 0.08854166666666667 0.09114583333333333
1 0.8033854166666666 0.5533854166666666 0.0859375 0.07552083333333333
1 0.7942708333333334 0.671875 0.07291666666666667 0.1015625
1 0.7434895833333334 0.5768229166666666 0.057291666666666664 0.09375
1 0.09635416666666667 0.4661458333333333 0.09114583333333333 0.08854166666666667
1 0.3567708333333333 0.6354166666666666 0.059895833333333336 0.08072916666666667
1 0.51953125 0.3138020833333333 0.06510416666666667 0.08333333333333333
1 0.4986979166666667 0.3033854166666667 0.059895833333333336 0.0859375
1 0.39453125 0.44921875 0.08333333333333333 0.08854166666666667
1 0.5143229166666666 0.5013020833333334 0.08072916666666667 0.078125
1 0.5989583333333334 0.5416666666666666 0.07291666666666667 0.10416666666666667
1 0.58203125 0.57421875 0.08072916666666667 0.1015625
1 0.30078125 0.7421875 0.07552083333333333 0.10677083333333333
1 0.3541666666666667 0.3893229166666667 0.0625 0.06510416666666667
1 0.7578125 0.28125 0.09635416666666667 0.10677083333333333
1 0.7864583333333334 0.44140625 0.06770833333333333 0.07552083333333333
1 0.65234375 0.59765625 0.06510416666666667 0.09895833333333333
1 0.6875 0.21875 0.0625 0.10416666666666667
1 0.609375 0.2890625 0.07291666666666667 0.10416666666666667
1 0.4739583333333333 0.46875 0.08072916666666667 0.07291666666666667
1 0.4921875 0.6640625 0.078125 0.10416666666666667
1 0.3333333333333333 0.6536458333333334 0.0703125 0.059895833333333336
1 0.328125 0.6940104166666666 0.08333333333333333 0.09114583333333333
1 0.3033854166666667 0.421875 0.078125 0.09375
1 0.69921875 0.3802083333333333 0.0859375 0.07552083333333333
1 0.7981770833333334 0.5026041666666666 0.08333333333333333 0.08072916666666667
1 0.022135416666666668 0.68359375 0.044270833333333336 0.0859375
1 0.4661458333333333 0.3033854166666667 0.07291666666666667 0.06770833333333333
1 0.4088541666666667 0.38671875 0.049479166666666664 0.08854166666666667
1 0.6145833333333334 0.6002604166666666 0.0625 0.09375
1 0.4674479166666667 0.55859375 0.06770833333333333 0.09375
1 0.4401041666666667 0.5572916666666666 0.046875 0.09114583333333333