1 0.5234375 0.23828125 0.041666666666666664 0.09375
1 0.609375 0.359375 0.0859375 0.07552083333333333
1 0.5234375 0.3841145833333333 0.09114583333333333 0.078125
1 0.6315104166666666 0.4244791666666667 0.033854166666666664 0.08072916666666667
1 0.4973958333333333 0.4557291666666667 0.0703125 0.057291666666666664
1 0.044270833333333336 0.9375 0.0390625 0.078125
1 0.5846354166666666 0.3151041666666667 0.06510416666666667 0.046875
1 0.46484375 0.4921875 0.07552083333333333 0.078125
1 0.7005208333333334 0.2682291666666667 0.06510416666666667 0.0546875
1 0.4817708333333333 0.5286458333333334 0.0703125 0.057291666666666664
1 0.5755208333333334 0.46875 0.06770833333333333 0.06510416666666667
1 0.4088541666666667 0.4778645833333333 0.0390625 0.07552083333333333
1 0.4713541666666667 0.7604166666666666 0.06770833333333333 0.08333333333333333
1 0.640625 0.5416666666666666 0.07291666666666667 0.07291666666666667
1 0.5807291666666666 0.265625 0.08333333333333333 0.052083333333333336
1 0.5755208333333334 0.5026041666666666 0.03125 0.06770833333333333
1 0.6080729166666666 0.56640625 0.0546875 0.09114583333333333
1 0.4453125 0.5403645833333334 0.046875 0.08333333333333333