1 0.4947916666666667 0.5 0.0625 0.0703125
1 0.2981770833333333 0.3515625 0.1015625 0.06770833333333333
1 0.2734375 0.4557291666666667 0.06770833333333333 0.033854166666666664
1 0.1640625 0.3138020833333333 0.07291666666666667 0.06510416666666667
1 0.4479166666666667 0.59765625 0.059895833333333336 0.0859375
1 0.4583333333333333 0.5247395833333334 0.07552083333333333 0.06770833333333333
1 0.2734375 0.484375 0.07552083333333333 0.057291666666666664
1 0.32421875 0.453125 0.0546875 0.09375
1 0.4895833333333333 0.5768229166666666 0.052083333333333336 0.052083333333333336
1 0.51171875 0.5703125 0.049479166666666664 0.0703125
1 0.43359375 0.4466145833333333 0.052083333333333336 0.08854166666666667
1 0.5078125 0.4388020833333333 0.057291666666666664 0.057291666666666664
1 0.4192708333333333 0.5885416666666666 0.07552083333333333 0.06510416666666667
1 0.3151041666666667 0.3971354166666667 0.078125 0.08072916666666667