1 0.43359375 0.7252604166666666 0.010416666666666666 0.03125
1 0.3971354166666667 0.4348958333333333 0.026041666666666668 0.020833333333333332
1 0.37890625 0.6536458333333334 0.036458333333333336 0.041666666666666664
1 0.4544270833333333 0.5377604166666666 0.03125 0.052083333333333336
1 0.4791666666666667 0.5598958333333334 0.026041666666666668 0.046875
1 0.5 0.57421875 0.036458333333333336 0.026041666666666668
1 0.4921875 0.39453125 0.020833333333333332 0.049479166666666664
1 0.8046875 0.3450520833333333 0.0390625 0.033854166666666664
1 0.7083333333333334 0.5143229166666666 0.041666666666666664 0.0390625
1 0.7669270833333334 0.63671875 0.0390625 0.049479166666666664
1 0.54296875 0.65625 0.028645833333333332 0.0546875
1 0.7291666666666666 0.12760416666666666 0.044270833333333336 0.057291666666666664
1 0.3880208333333333 0.4973958333333333 0.026041666666666668 0.033854166666666664
1 0.4830729166666667 0.45703125 0.028645833333333332 0.052083333333333336
1 0.4778645833333333 0.4401041666666667 0.033854166666666664 0.044270833333333336
1 0.4791666666666667 0.3893229166666667 0.020833333333333332 0.049479166666666664
1 0.5520833333333334 0.33984375 0.044270833333333336 0.06510416666666667
1 0.7356770833333334 0.3645833333333333 0.03125 0.049479166666666664
1 0.7604166666666666 0.3880208333333333 0.036458333333333336 0.033854166666666664
1 0.7213541666666666 0.48828125 0.044270833333333336 0.049479166666666664
1 0.45703125 0.7200520833333334 0.010416666666666666 0.03125
1 0.5572916666666666 0.63671875 0.0234375 0.049479166666666664
1 0.6263020833333334 0.01953125 0.0390625 0.020833333333333332
1 0.3828125 0.5221354166666666 0.028645833333333332 0.028645833333333332
1 0.4778645833333333 0.33984375 0.020833333333333332 0.0546875
1 0.7786458333333334 0.2799479166666667 0.046875 0.041666666666666664
1 0.6809895833333334 0.5286458333333334 0.028645833333333332 0.06510416666666667
1 0.7161458333333334 0.5625 0.03125 0.020833333333333332
1 0.6861979166666666 0.5638020833333334 0.033854166666666664 0.041666666666666664
1 0.4427083333333333 0.7630208333333334 0.018229166666666668 0.03125
1 0.4296875 0.75390625 0.020833333333333332 0.0234375
1 0.40234375 0.5338541666666666 0.028645833333333332 0.0390625
1 0.4401041666666667 0.4934895833333333 0.033854166666666664 0.049479166666666664
1 0.4583333333333333 0.4075520833333333 0.028645833333333332 0.0546875
1 0.7291666666666666 0.44140625 0.046875 0.049479166666666664
1 0.6354166666666666 0.5690104166666666 0.03125 0.0234375
1 0.6692708333333334 0.53125 0.018229166666666668 0.044270833333333336
1 0.6979166666666666 0.6419270833333334 0.020833333333333332 0.046875
1 0.6705729166666666 0.4427083333333333 0.020833333333333332 0.052083333333333336
1 0.6770833333333334 0.6028645833333334 0.0234375 0.0234375
1 0.6888020833333334 0.5872395833333334 0.041666666666666664 0.020833333333333332
1 0.4557291666666667 0.5 0.03125 0.033854166666666664
1 0.5755208333333334 0.6119791666666666 0.0234375 0.049479166666666664
1 0.6484375 0.5364583333333334 0.0234375 0.0390625
1 0.4947916666666667 0.4752604166666667 0.044270833333333336 0.0390625
1 0.6979166666666666 0.42578125 0.0390625 0.026041666666666668
1 0.74609375 0.6223958333333334 0.028645833333333332 0.0703125
1 0.3645833333333333 0.328125 0.041666666666666664 0.0234375
1 0.3815104166666667 0.3645833333333333 0.036458333333333336 0.049479166666666664
1 0.3671875 0.4973958333333333 0.020833333333333332 0.049479166666666664
1 0.61328125 0.5625 0.028645833333333332 0.0703125
1 0.6106770833333334 0.5234375 0.028645833333333332 0.0703125
1 0.6848958333333334 0.6458333333333334 0.018229166666666668 0.0390625
1 0.4244791666666667 0.4908854166666667 0.026041666666666668 0.020833333333333332
1 0.4075520833333333 0.40234375 0.036458333333333336 0.046875
1 0.4375 0.5286458333333334 0.036458333333333336 0.028645833333333332
1 0.4466145833333333 0.7252604166666666 0.015625 0.044270833333333336
1 0.4505208333333333 0.7291666666666666 0.010416666666666666 0.036458333333333336
1 0.53125 0.609375 0.03125 0.06510416666666667
1 0.3971354166666667 0.6731770833333334 0.018229166666666668 0.044270833333333336
1 0.4635416666666667 0.4817708333333333 0.018229166666666668 0.041666666666666664
1 0.7486979166666666 0.25390625 0.028645833333333332 0.036458333333333336
1 0.6588541666666666 0.5416666666666666 0.036458333333333336 0.0390625
1 0.7109375 0.5364583333333334 0.028645833333333332 0.020833333333333332
1 0.66015625 0.5950520833333334 0.028645833333333332 0.049479166666666664
1 0.4921875 0.6927083333333334 0.041666666666666664 0.044270833333333336
1 0.3828125 0.4739583333333333 0.020833333333333332 0.052083333333333336
1 0.4361979166666667 0.5755208333333334 0.03125 0.044270833333333336
1 0.4635416666666667 0.3515625 0.03125 0.049479166666666664
1 0.78125 0.3645833333333333 0.026041666666666668 0.0546875
1 0.6315104166666666 0.4986979166666667 0.0234375 0.049479166666666664
1 0.578125 0.63671875 0.036458333333333336 0.036458333333333336
1 0.375 0.4388020833333333 0.026041666666666668 0.057291666666666664
1 0.39453125 0.5625 0.0234375 0.03125
1 0.3723958333333333 0.5520833333333334 0.026041666666666668 0.049479166666666664
1 0.4088541666666667 0.5520833333333334 0.026041666666666668 0.059895833333333336
1 0.46484375 0.4283854166666667 0.036458333333333336 0.033854166666666664
1 0.5247395833333334 0.453125 0.046875 0.033854166666666664
1 0.62109375 0.2513020833333333 0.044270833333333336 0.0625
1 0.8333333333333334 0.3411458333333333 0.044270833333333336 0.0390625
1 0.8059895833333334 0.3229166666666667 0.041666666666666664 0.036458333333333336
1 0.7109375 0.5494791666666666 0.026041666666666668 0.026041666666666668
1 0.5091145833333334 0.6536458333333334 0.036458333333333336 0.049479166666666664
1 0.69140625 0.5299479166666666 0.03125 0.0703125
1 0.5807291666666666 0.5546875 0.036458333333333336 0.049479166666666664
1 0.6614583333333334 0.64453125 0.041666666666666664 0.0390625
1 0.7135416666666666 0.6354166666666666 0.033854166666666664 0.08333333333333333
1 0.5651041666666666 0.5989583333333334 0.0234375 0.049479166666666664
1 0.5221354166666666 0.65625 0.033854166666666664 0.041666666666666664
1 0.4049479166666667 0.5143229166666666 0.03125 0.052083333333333336
1 0.4283854166666667 0.55078125 0.044270833333333336 0.041666666666666664
1 0.41015625 0.3567708333333333 0.0390625 0.036458333333333336
1 0.6471354166666666 0.4635416666666667 0.026041666666666668 0.044270833333333336
1 0.69921875 0.6041666666666666 0.015625 0.026041666666666668
1 0.7161458333333334 0.5794270833333334 0.0390625 0.0234375
1 0.4466145833333333 0.4778645833333333 0.026041666666666668 0.020833333333333332
1 0.6145833333333334 0.609375 0.028645833333333332 0.036458333333333336
1 0.6315104166666666 0.5338541666666666 0.020833333333333332 0.033854166666666664
1 0.4049479166666667 0.6015625 0.015625 0.0390625
1 0.7096354166666666 0.59375 0.015625 0.020833333333333332