1 0.07552083333333333 0.5729166666666666 0.0859375 0.078125
1 0.5794270833333334 0.3411458333333333 0.06770833333333333 0.0625
1 0.6002604166666666 0.421875 0.08333333333333333 0.06510416666666667
1 0.3997395833333333 0.3567708333333333 0.07552083333333333 0.078125
1 0.359375 0.4869791666666667 0.0703125 0.057291666666666664
1 0.4713541666666667 0.5885416666666666 0.0546875 0.046875
1 0.3138020833333333 0.5677083333333334 0.08333333333333333 0.06510416666666667
1 0.3359375 0.5221354166666666 0.07291666666666667 0.049479166666666664
1 0.3723958333333333 0.2903645833333333 0.09375 0.059895833333333336
1 0.24869791666666666 0.5559895833333334 0.08333333333333333 0.0625
1 0.54296875 0.4322916666666667 0.078125 0.0625
1 0.4140625 0.3190104166666667 0.08072916666666667 0.07552083333333333
1 0.3815104166666667 0.60546875 0.07291666666666667 0.08854166666666667
1 0.44921875 0.5559895833333334 0.0703125 0.06510416666666667
1 0.6770833333333334 0.421875 0.078125 0.06510416666666667
1 0.34375 0.3372395833333333 0.0703125 0.06510416666666667