1 0.6393229166666666 0.5208333333333334 0.033854166666666664 0.049479166666666664
1 0.5768229166666666 0.7330729166666666 0.033854166666666664 0.0390625
1 0.6888020833333334 0.5208333333333334 0.046875 0.044270833333333336
1 0.6783854166666666 0.44921875 0.028645833333333332 0.03125
1 0.7395833333333334 0.578125 0.03125 0.0234375
1 0.6640625 0.3880208333333333 0.03125 0.0546875
1 0.7955729166666666 0.5533854166666666 0.044270833333333336 0.0390625
1 0.6197916666666666 0.5442708333333334 0.046875 0.052083333333333336
1 0.6966145833333334 0.65625 0.044270833333333336 0.041666666666666664
1 0.7161458333333334 0.5846354166666666 0.049479166666666664 0.046875
1 0.4908854166666667 0.375 0.046875 0.049479166666666664
1 0.65625 0.66015625 0.046875 0.046875
1 0.7799479166666666 0.55078125 0.044270833333333336 0.046875
1 0.71484375 0.56640625 0.046875 0.036458333333333336
1 0.7473958333333334 0.5611979166666666 0.033854166666666664 0.03125
1 0.61328125 0.3828125 0.036458333333333336 0.052083333333333336