1 0.4309895833333333 0.6341145833333334 0.033854166666666664 0.044270833333333336
1 0.4244791666666667 0.6692708333333334 0.044270833333333336 0.033854166666666664
1 0.5390625 0.6875 0.052083333333333336 0.0390625
1 0.4895833333333333 0.6875 0.020833333333333332 0.0625
1 0.4713541666666667 0.66796875 0.026041666666666668 0.049479166666666664
1 0.359375 0.6822916666666666 0.046875 0.033854166666666664
1 0.5416666666666666 0.6484375 0.052083333333333336 0.049479166666666664
1 0.36328125 0.6145833333333334 0.041666666666666664 0.044270833333333336
1 0.4036458333333333 0.5182291666666666 0.057291666666666664 0.0390625
1 0.296875 0.4609375 0.026041666666666668 0.026041666666666668
1 0.3203125 0.4583333333333333 0.0234375 0.049479166666666664
1 0.34765625 0.4583333333333333 0.036458333333333336 0.03125
1 0.578125 0.5208333333333334 0.03125 0.0546875
1 0.5559895833333334 0.5221354166666666 0.020833333333333332 0.059895833333333336
1 0.53515625 0.5299479166666666 0.026041666666666668 0.06510416666666667
1 0.4557291666666667 0.4375 0.020833333333333332 0.046875
1 0.46484375 0.4049479166666667 0.028645833333333332 0.028645833333333332
1 0.4322916666666667 0.43359375 0.036458333333333336 0.041666666666666664
1 0.3671875 0.296875 0.03125 0.052083333333333336
1 0.4934895833333333 0.4544270833333333 0.046875 0.033854166666666664
1 0.4830729166666667 0.36328125 0.0390625 0.0234375
1 0.4609375 0.3815104166666667 0.0390625 0.028645833333333332
1 0.4361979166666667 0.4049479166666667 0.036458333333333336 0.026041666666666668
1 0.5625 0.46484375 0.0390625 0.028645833333333332
1 0.61328125 0.5377604166666666 0.0625 0.036458333333333336
1 0.6640625 0.5078125 0.0390625 0.052083333333333336
1 0.6458333333333334 0.46875 0.052083333333333336 0.028645833333333332
1 0.60546875 0.4505208333333333 0.026041666666666668 0.0703125
1 0.6653645833333334 0.4518229166666667 0.052083333333333336 0.033854166666666664
1 0.57421875 0.39453125 0.041666666666666664 0.03125
1 0.5598958333333334 0.42578125 0.046875 0.036458333333333336
1 0.35546875 0.2734375 0.03125 0.0546875
1 0.34765625 0.21744791666666666 0.0390625 0.046875