1 0.5716145833333334 0.13411458333333334 0.046875 0.07552083333333333
1 0.4140625 0.16276041666666666 0.0390625 0.06770833333333333
1 0.21875 0.2565104166666667 0.059895833333333336 0.08072916666666667
1 0.23567708333333334 0.5677083333333334 0.052083333333333336 0.078125
1 0.6184895833333334 0.6106770833333334 0.0703125 0.09114583333333333
1 0.5221354166666666 0.5078125 0.052083333333333336 0.0703125
1 0.4752604166666667 0.47265625 0.06510416666666667 0.057291666666666664
1 0.3411458333333333 0.4270833333333333 0.059895833333333336 0.0390625
1 0.16536458333333334 0.23046875 0.06510416666666667 0.07291666666666667
1 0.13151041666666666 0.5390625 0.059895833333333336 0.0703125
1 0.7122395833333334 0.2734375 0.052083333333333336 0.07552083333333333
1 0.4661458333333333 0.14583333333333334 0.057291666666666664 0.0703125
1 0.6223958333333334 0.4869791666666667 0.052083333333333336 0.06770833333333333
1 0.6888020833333334 0.5221354166666666 0.052083333333333336 0.078125
1 0.3255208333333333 0.4791666666666667 0.049479166666666664 0.07291666666666667
1 0.17447916666666666 0.4036458333333333 0.0625 0.07291666666666667
1 0.3619791666666667 0.57421875 0.049479166666666664 0.078125
1 0.6809895833333334 0.14713541666666666 0.0703125 0.0703125
1 0.7877604166666666 0.6315104166666666 0.057291666666666664 0.07291666666666667
1 0.4908854166666667 0.6119791666666666 0.0625 0.0703125
1 0.30859375 0.4609375 0.044270833333333336 0.06510416666666667
1 0.2838541666666667 0.3385416666666667 0.0546875 0.0703125
1 0.09375 0.4322916666666667 0.049479166666666664 0.07291666666666667
1 0.2669270833333333 0.203125 0.044270833333333336 0.059895833333333336
1 0.2747395833333333 0.2916666666666667 0.059895833333333336 0.059895833333333336
1 0.2786458333333333 0.21484375 0.0390625 0.0625
1 0.3893229166666667 0.20572916666666666 0.052083333333333336 0.046875
1 0.7643229166666666 0.1875 0.0703125 0.06770833333333333
1 0.5833333333333334 0.421875 0.06510416666666667 0.07291666666666667
1 0.6315104166666666 0.4453125 0.057291666666666664 0.0703125
1 0.6653645833333334 0.5130208333333334 0.046875 0.078125
1 0.4596354166666667 0.6640625 0.06770833333333333 0.059895833333333336
1 0.4049479166666667 0.3346354166666667 0.044270833333333336 0.06510416666666667
1 0.11979166666666667 0.5924479166666666 0.07552083333333333 0.08333333333333333
1 0.040364583333333336 0.4153645833333333 0.057291666666666664 0.0703125