1 0.7096354166666666 0.3424479166666667 0.06770833333333333 0.11197916666666667
1 0.46484375 0.4270833333333333 0.0703125 0.059895833333333336
1 0.48046875 0.5768229166666666 0.0703125 0.041666666666666664
1 0.4622395833333333 0.49609375 0.06770833333333333 0.1015625
1 0.421875 0.59375 0.06770833333333333 0.0625
1 0.4375 0.5872395833333334 0.0390625 0.08854166666666667
1 0.48828125 0.6106770833333334 0.06770833333333333 0.044270833333333336
1 0.6875 0.57421875 0.078125 0.13802083333333334
1 0.6197916666666666 0.5104166666666666 0.057291666666666664 0.0703125
1 0.578125 0.4700520833333333 0.0625 0.09635416666666667
1 0.5065104166666666 0.4557291666666667 0.0390625 0.078125
1 0.4869791666666667 0.5559895833333334 0.057291666666666664 0.0546875
1 0.4869791666666667 0.5052083333333334 0.09375 0.078125
1 0.6471354166666666 0.9348958333333334 0.049479166666666664 0.09635416666666667