1 0.7552083333333334 0.16536458333333334 0.0546875 0.059895833333333336
1 0.7213541666666666 0.2513020833333333 0.046875 0.07291666666666667
1 0.5703125 0.34765625 0.03125 0.0390625
1 0.59375 0.3203125 0.0390625 0.044270833333333336
1 0.4440104166666667 0.4947916666666667 0.044270833333333336 0.0625
1 0.5455729166666666 0.6119791666666666 0.036458333333333336 0.059895833333333336
1 0.6653645833333334 0.11979166666666667 0.049479166666666664 0.07291666666666667
1 0.6067708333333334 0.10807291666666667 0.028645833333333332 0.057291666666666664
1 0.6171875 0.17317708333333334 0.046875 0.046875
1 0.7109375 0.50390625 0.036458333333333336 0.049479166666666664
1 0.5260416666666666 0.5911458333333334 0.044270833333333336 0.0625
1 0.65234375 0.041666666666666664 0.033854166666666664 0.0546875
1 0.20182291666666666 0.4674479166666667 0.049479166666666664 0.057291666666666664
1 0.51953125 0.7005208333333334 0.044270833333333336 0.052083333333333336
1 0.7109375 0.3385416666666667 0.0234375 0.059895833333333336
1 0.4244791666666667 0.4778645833333333 0.041666666666666664 0.09114583333333333
1 0.4947916666666667 0.6302083333333334 0.041666666666666664 0.09114583333333333
1 0.68359375 0.4778645833333333 0.03125 0.08072916666666667
1 0.5755208333333334 0.059895833333333336 0.033854166666666664 0.06510416666666667
1 0.4947916666666667 0.2513020833333333 0.041666666666666664 0.07552083333333333
1 0.41796875 0.5677083333333334 0.049479166666666664 0.049479166666666664
1 0.7486979166666666 0.08072916666666667 0.0390625 0.052083333333333336
1 0.453125 0.2682291666666667 0.044270833333333336 0.08333333333333333
1 0.7395833333333334 0.3658854166666667 0.044270833333333336 0.078125
1 0.5703125 0.4908854166666667 0.041666666666666664 0.046875
1 0.6184895833333334 0.5481770833333334 0.036458333333333336 0.059895833333333336
1 0.5807291666666666 0.59375 0.026041666666666668 0.0703125
1 0.61328125 0.6067708333333334 0.0546875 0.08333333333333333
1 0.6263020833333334 0.046875 0.0546875 0.057291666666666664
1 0.6432291666666666 0.12109375 0.0390625 0.0625
1 0.5221354166666666 0.1328125 0.036458333333333336 0.057291666666666664
1 0.6666666666666666 0.6966145833333334 0.044270833333333336 0.07291666666666667
1 0.7890625 0.3841145833333333 0.046875 0.059895833333333336
1 0.8059895833333334 0.3411458333333333 0.049479166666666664 0.057291666666666664
1 0.6315104166666666 0.4921875 0.0390625 0.0546875
1 0.6549479166666666 0.4791666666666667 0.036458333333333336 0.078125
1 0.7864583333333334 0.2799479166666667 0.052083333333333336 0.08854166666666667
1 0.6966145833333334 0.07682291666666667 0.03125 0.07291666666666667
1 0.6692708333333334 0.2565104166666667 0.036458333333333336 0.08072916666666667
1 0.5846354166666666 0.4010416666666667 0.03125 0.052083333333333336
1 0.6302083333333334 0.28515625 0.036458333333333336 0.057291666666666664
1 0.54296875 0.5169270833333334 0.041666666666666664 0.0546875
1 0.54296875 0.17838541666666666 0.0390625 0.07291666666666667
1 0.7057291666666666 0.2643229166666667 0.028645833333333332 0.07291666666666667
1 0.5677083333333334 0.5377604166666666 0.028645833333333332 0.0703125
1 0.7682291666666666 0.5221354166666666 0.033854166666666664 0.08072916666666667
1 0.4505208333333333 0.62890625 0.0546875 0.06510416666666667
1 0.7369791666666666 0.10546875 0.052083333333333336 0.09375
1 0.5677083333333334 0.67578125 0.033854166666666664 0.0703125
1 0.7161458333333334 0.4518229166666667 0.03125 0.0546875
1 0.58203125 0.5390625 0.026041666666666668 0.07291666666666667
1 0.6432291666666666 0.16927083333333334 0.044270833333333336 0.057291666666666664
1 0.5494791666666666 0.11979166666666667 0.036458333333333336 0.0703125
1 0.5065104166666666 0.15494791666666666 0.049479166666666664 0.07291666666666667
1 0.7408854166666666 0.4270833333333333 0.0390625 0.057291666666666664
1 0.19401041666666666 0.26953125 0.049479166666666664 0.0625
1 0.3424479166666667 0.5442708333333334 0.046875 0.057291666666666664
1 0.5182291666666666 0.2903645833333333 0.041666666666666664 0.078125
1 0.8333333333333334 0.2838541666666667 0.036458333333333336 0.08333333333333333
1 0.73828125 0.21614583333333334 0.07291666666666667 0.059895833333333336
1 0.6953125 0.3880208333333333 0.049479166666666664 0.0625
1 0.60546875 0.5104166666666666 0.033854166666666664 0.046875
1 0.48828125 0.06901041666666667 0.044270833333333336 0.07291666666666667
1 0.5872395833333334 0.1875 0.036458333333333336 0.0625
1 0.5221354166666666 0.06510416666666667 0.0390625 0.07291666666666667
1 0.4036458333333333 0.2643229166666667 0.0390625 0.07552083333333333
1 0.8359375 0.5768229166666666 0.052083333333333336 0.08072916666666667
1 0.7421875 0.4934895833333333 0.041666666666666664 0.0625
1 0.4778645833333333 0.5572916666666666 0.041666666666666664 0.07291666666666667
1 0.4453125 0.6848958333333334 0.044270833333333336 0.078125
1 0.6497395833333334 0.23697916666666666 0.036458333333333336 0.078125
1 0.6380208333333334 0.3463541666666667 0.0390625 0.052083333333333336
1 0.6731770833333334 0.5546875 0.026041666666666668 0.06510416666666667
1 0.6041666666666666 0.34375 0.036458333333333336 0.0625
1 0.546875 0.234375 0.036458333333333336 0.07291666666666667
1 0.6276041666666666 0.13671875 0.03125 0.036458333333333336
1 0.7799479166666666 0.5455729166666666 0.036458333333333336 0.078125
1 0.625 0.4140625 0.046875 0.08072916666666667
1 0.76171875 0.08333333333333333 0.052083333333333336 0.08333333333333333
1 0.7526041666666666 0.3463541666666667 0.036458333333333336 0.0546875
1 0.6888020833333334 0.3151041666666667 0.0390625 0.052083333333333336
1 0.5572916666666666 0.66015625 0.0390625 0.0546875
1 0.4557291666666667 0.11848958333333333 0.036458333333333336 0.08854166666666667
1 0.4765625 0.21223958333333334 0.041666666666666664 0.09114583333333333
1 0.5638020833333334 0.07552083333333333 0.036458333333333336 0.0625
1 0.5638020833333334 0.20572916666666666 0.026041666666666668 0.06510416666666667
1 0.6888020833333334 0.048177083333333336 0.03125 0.0625