1 0.6979166666666666 0.3893229166666667 0.08072916666666667 0.1484375
1 0.7083333333333334 0.6041666666666666 0.10677083333333333 0.06770833333333333
1 0.7747395833333334 0.6197916666666666 0.0625 0.1015625
1 0.52734375 0.09765625 0.08072916666666667 0.09895833333333333
1 0.4166666666666667 0.3854166666666667 0.10677083333333333 0.11458333333333333
1 0.5260416666666666 0.41796875 0.10677083333333333 0.08072916666666667
1 0.5846354166666666 0.9752604166666666 0.10677083333333333 0.049479166666666664
1 0.6106770833333334 0.5625 0.1015625 0.08854166666666667
1 0.5338541666666666 0.6106770833333334 0.11458333333333333 0.08854166666666667
1 0.5143229166666666 0.4908854166666667 0.08333333333333333 0.09375
1 0.4609375 0.024739583333333332 0.08333333333333333 0.049479166666666664
1 0.5260416666666666 0.3033854166666667 0.07291666666666667 0.046875