1 0.77734375 0.13671875 0.033854166666666664 0.057291666666666664
1 0.4192708333333333 0.31640625 0.057291666666666664 0.041666666666666664
1 0.14322916666666666 0.07682291666666667 0.06770833333333333 0.03125
1 0.4049479166666667 0.19270833333333334 0.06770833333333333 0.03125
1 0.3268229166666667 0.1875 0.0625 0.0390625
1 0.421875 0.3580729166666667 0.057291666666666664 0.020833333333333332
1 0.78125 0.37109375 0.033854166666666664 0.06770833333333333
1 0.3359375 0.3359375 0.0703125 0.046875
1 0.5794270833333334 0.3958333333333333 0.07552083333333333 0.028645833333333332
1 0.7408854166666666 0.14713541666666666 0.052083333333333336 0.052083333333333336
1 0.69140625 0.18359375 0.06770833333333333 0.03125
1 0.3841145833333333 0.2578125 0.052083333333333336 0.052083333333333336
1 0.5143229166666666 0.22135416666666666 0.041666666666666664 0.0625
1 0.3658854166666667 0.234375 0.06770833333333333 0.03125
1 0.2955729166666667 0.2552083333333333 0.044270833333333336 0.049479166666666664
1 0.4856770833333333 0.24348958333333334 0.036458333333333336 0.052083333333333336
1 0.4765625 0.31640625 0.059895833333333336 0.044270833333333336
1 0.23567708333333334 0.18489583333333334 0.044270833333333336 0.06510416666666667
1 0.25 0.24088541666666666 0.0703125 0.041666666666666664
1 0.21614583333333334 0.24739583333333334 0.041666666666666664 0.03125
1 0.75 0.10416666666666667 0.0546875 0.0625
1 0.79296875 0.12760416666666666 0.041666666666666664 0.046875
1 0.6458333333333334 0.11197916666666667 0.06510416666666667 0.044270833333333336
1 0.6575520833333334 0.22395833333333334 0.028645833333333332 0.0390625
1 0.6184895833333334 0.14192708333333334 0.0546875 0.0390625
1 0.6458333333333334 0.18359375 0.059895833333333336 0.06770833333333333
1 0.6888020833333334 0.25 0.0625 0.041666666666666664
1 0.3828125 0.3463541666666667 0.07552083333333333 0.0234375
1 0.2760416666666667 0.2825520833333333 0.06510416666666667 0.049479166666666664
1 0.19010416666666666 0.20963541666666666 0.059895833333333336 0.046875
1 0.7721354166666666 0.3294270833333333 0.0234375 0.0625
1 0.4309895833333333 0.4817708333333333 0.057291666666666664 0.057291666666666664
1 0.5625 0.5390625 0.041666666666666664 0.041666666666666664
1 0.6067708333333334 0.5208333333333334 0.041666666666666664 0.0546875
1 0.6888020833333334 0.06640625 0.046875 0.0625
1 0.6901041666666666 0.26953125 0.06770833333333333 0.033854166666666664
1 0.6171875 0.2760416666666667 0.049479166666666664 0.015625
1 0.2838541666666667 0.16276041666666666 0.059895833333333336 0.041666666666666664
1 0.5299479166666666 0.2643229166666667 0.026041666666666668 0.0703125
1 0.67578125 0.3684895833333333 0.03125 0.052083333333333336
1 0.4635416666666667 0.3697916666666667 0.044270833333333336 0.06510416666666667
1 0.4869791666666667 0.4713541666666667 0.06510416666666667 0.018229166666666668
1 0.7578125 0.16927083333333334 0.0390625 0.057291666666666664
1 0.7135416666666666 0.13802083333333334 0.041666666666666664 0.057291666666666664
1 0.61328125 0.16145833333333334 0.0703125 0.0234375
1 0.7408854166666666 0.2630208333333333 0.033854166666666664 0.015625
1 0.3372395833333333 0.27734375 0.049479166666666664 0.059895833333333336
1 0.5 0.29296875 0.036458333333333336 0.046875
1 0.4466145833333333 0.2604166666666667 0.06770833333333333 0.052083333333333336
1 0.3776041666666667 0.3997395833333333 0.059895833333333336 0.018229166666666668
1 0.2708333333333333 0.3372395833333333 0.0546875 0.044270833333333336
1 0.8111979166666666 0.17708333333333334 0.0390625 0.06510416666666667
1 0.66796875 0.140625 0.06770833333333333 0.026041666666666668
1 0.5481770833333334 0.18229166666666666 0.033854166666666664 0.0703125
1 0.6028645833333334 0.18359375 0.078125 0.026041666666666668
1 0.58203125 0.24869791666666666 0.036458333333333336 0.052083333333333336
1 0.1953125 0.17578125 0.036458333333333336 0.0546875
1 0.4973958333333333 0.4010416666666667 0.041666666666666664 0.041666666666666664
1 0.80859375 0.2825520833333333 0.057291666666666664 0.033854166666666664
1 0.67578125 0.21223958333333334 0.033854166666666664 0.036458333333333336
1 0.6419270833333334 0.08072916666666667 0.0390625 0.049479166666666664
1 0.70703125 0.19401041666666666 0.052083333333333336 0.0390625
1 0.2669270833333333 0.10546875 0.041666666666666664 0.0546875
1 0.6106770833333334 0.23958333333333334 0.041666666666666664 0.057291666666666664
1 0.27734375 0.13020833333333334 0.06770833333333333 0.033854166666666664
1 0.5885416666666666 0.42578125 0.057291666666666664 0.0390625
1 0.3125 0.3828125 0.06510416666666667 0.03125
1 0.3203125 0.22526041666666666 0.041666666666666664 0.046875
1 0.81640625 0.11328125 0.06770833333333333 0.0234375
1 0.625 0.22916666666666666 0.036458333333333336 0.046875
1 0.7291666666666666 0.20572916666666666 0.06510416666666667 0.03125
1 0.20833333333333334 0.10546875 0.0625 0.046875
1 0.41015625 0.2994791666666667 0.0546875 0.03125
1 0.3580729166666667 0.37890625 0.0703125 0.028645833333333332
1 0.28125 0.203125 0.057291666666666664 0.049479166666666664
1 0.2565104166666667 0.3684895833333333 0.0625 0.041666666666666664
1 0.7591145833333334 0.3984375 0.049479166666666664 0.0390625
1 0.7591145833333334 0.421875 0.059895833333333336 0.036458333333333336
1 0.8294270833333334 0.4921875 0.03125 0.0546875
1 0.546875 0.69140625 0.07552083333333333 0.026041666666666668