1 0.5065104166666666 0.44921875 0.015625 0.018229166666666668
1 0.3854166666666667 0.546875 0.018229166666666668 0.020833333333333332
1 0.4361979166666667 0.5520833333333334 0.018229166666666668 0.026041666666666668
1 0.5234375 0.5260416666666666 0.015625 0.010416666666666666
1 0.5143229166666666 0.4296875 0.013020833333333334 0.0234375
1 0.41796875 0.4557291666666667 0.018229166666666668 0.028645833333333332
1 0.5247395833333334 0.4596354166666667 0.020833333333333332 0.018229166666666668
1 0.5533854166666666 0.5286458333333334 0.020833333333333332 0.020833333333333332
1 0.5364583333333334 0.5026041666666666 0.020833333333333332 0.0234375
1 0.4973958333333333 0.5065104166666666 0.020833333333333332 0.020833333333333332
1 0.5065104166666666 0.4557291666666667 0.018229166666666668 0.015625
1 0.3580729166666667 0.4440104166666667 0.010416666666666666 0.013020833333333334
1 0.4309895833333333 0.4583333333333333 0.026041666666666668 0.036458333333333336
1 0.4088541666666667 0.49609375 0.018229166666666668 0.036458333333333336
1 0.4036458333333333 0.4973958333333333 0.013020833333333334 0.0234375
1 0.4518229166666667 0.5 0.0234375 0.028645833333333332
1 0.44921875 0.55078125 0.020833333333333332 0.018229166666666668
1 0.5247395833333334 0.4427083333333333 0.013020833333333334 0.0234375
1 0.4752604166666667 0.5416666666666666 0.020833333333333332 0.015625
1 0.421875 0.5286458333333334 0.015625 0.018229166666666668
1 0.40234375 0.4348958333333333 0.015625 0.026041666666666668
1 0.4270833333333333 0.4440104166666667 0.026041666666666668 0.020833333333333332
1 0.46484375 0.5091145833333334 0.026041666666666668 0.028645833333333332
1 0.4518229166666667 0.5598958333333334 0.0234375 0.028645833333333332
1 0.5520833333333334 0.48828125 0.028645833333333332 0.0234375
1 0.4869791666666667 0.5416666666666666 0.0234375 0.028645833333333332
1 0.5364583333333334 0.5494791666666666 0.013020833333333334 0.0234375
1 0.50390625 0.58203125 0.028645833333333332 0.033854166666666664
1 0.5234375 0.5221354166666666 0.015625 0.010416666666666666
1 0.56640625 0.5625 0.020833333333333332 0.020833333333333332
1 0.5520833333333334 0.5065104166666666 0.0234375 0.026041666666666668
1 0.5247395833333334 0.4947916666666667 0.020833333333333332 0.026041666666666668
1 0.5286458333333334 0.515625 0.013020833333333334 0.018229166666666668
1 0.5143229166666666 0.4479166666666667 0.018229166666666668 0.018229166666666668
1 0.4921875 0.5169270833333334 0.026041666666666668 0.020833333333333332
1 0.4127604166666667 0.4244791666666667 0.018229166666666668 0.013020833333333334
1 0.5260416666666666 0.4231770833333333 0.020833333333333332 0.015625
1 0.3736979166666667 0.52734375 0.020833333333333332 0.015625
1 0.54296875 0.54296875 0.015625 0.018229166666666668
1 0.515625 0.5598958333333334 0.018229166666666668 0.0234375