1 0.12890625 0.17838541666666666 0.0546875 0.07291666666666667
1 0.203125 0.265625 0.026041666666666668 0.0859375
1 0.005208333333333333 0.15885416666666666 0.010416666666666666 0.08854166666666667
1 0.11067708333333333 0.08984375 0.052083333333333336 0.046875
1 0.11458333333333333 0.15234375 0.0546875 0.046875
1 0.009114583333333334 0.3424479166666667 0.018229166666666668 0.0859375
1 0.16536458333333334 0.20703125 0.036458333333333336 0.08333333333333333
1 0.024739583333333332 0.203125 0.036458333333333336 0.08854166666666667
1 0.05859375 0.11197916666666667 0.049479166666666664 0.052083333333333336
1 0.07291666666666667 0.1484375 0.059895833333333336 0.041666666666666664
1 0.21875 0.2669270833333333 0.03125 0.09635416666666667
1 0.1953125 0.3138020833333333 0.036458333333333336 0.09375
1 0.24348958333333334 0.4752604166666667 0.044270833333333336 0.08072916666666667
1 0.014322916666666666 0.07942708333333333 0.028645833333333332 0.049479166666666664
1 0.23177083333333334 0.3203125 0.052083333333333336 0.07291666666666667
1 0.057291666666666664 0.08203125 0.046875 0.06510416666666667
1 0.013020833333333334 0.2421875 0.026041666666666668 0.08854166666666667
1 0.0234375 0.13411458333333334 0.046875 0.07552083333333333
1 0.16536458333333334 0.125 0.046875 0.057291666666666664
1 0.109375 0.14583333333333334 0.03125 0.10416666666666667
1 0.11848958333333333 0.1171875 0.057291666666666664 0.036458333333333336
1 0.005208333333333333 0.26953125 0.010416666666666666 0.0859375
1 0.18489583333333334 0.2721354166666667 0.0390625 0.09114583333333333
1 0.17578125 0.19140625 0.0390625 0.08854166666666667
1 0.46875 0.5260416666666666 0.044270833333333336 0.06510416666666667