1 0.5807291666666666 0.5182291666666666 0.03125 0.06510416666666667
1 0.63671875 0.6419270833333334 0.028645833333333332 0.0625
1 0.44921875 0.5846354166666666 0.0546875 0.018229166666666668
1 0.52734375 0.5546875 0.046875 0.033854166666666664
1 0.8059895833333334 0.21744791666666666 0.0625 0.0546875
1 0.12760416666666666 0.4947916666666667 0.049479166666666664 0.057291666666666664
1 0.375 0.5130208333333334 0.059895833333333336 0.06770833333333333
1 0.546875 0.5755208333333334 0.033854166666666664 0.0546875
1 0.4322916666666667 0.7213541666666666 0.052083333333333336 0.07291666666666667
1 0.6276041666666666 0.4466145833333333 0.0234375 0.07291666666666667
1 0.5091145833333334 0.49609375 0.046875 0.044270833333333336
1 0.4635416666666667 0.52734375 0.018229166666666668 0.0703125
1 0.5533854166666666 0.5234375 0.046875 0.026041666666666668
1 0.5768229166666666 0.5794270833333334 0.026041666666666668 0.0625
1 0.4713541666666667 0.609375 0.06510416666666667 0.033854166666666664
1 0.4283854166666667 0.5403645833333334 0.059895833333333336 0.0390625
1 0.1640625 0.3841145833333333 0.0546875 0.044270833333333336
1 0.5963541666666666 0.4440104166666667 0.06510416666666667 0.049479166666666664
1 0.62109375 0.546875 0.026041666666666668 0.078125
1 0.6197916666666666 0.5950520833333334 0.03125 0.06510416666666667