1 0.6575520833333334 0.5533854166666666 0.036458333333333336 0.036458333333333336
1 0.5716145833333334 0.5338541666666666 0.03125 0.0390625
1 0.4296875 0.16927083333333334 0.03125 0.041666666666666664
1 0.5091145833333334 0.3580729166666667 0.028645833333333332 0.03125
1 0.5169270833333334 0.4088541666666667 0.028645833333333332 0.03125
1 0.4752604166666667 0.33984375 0.026041666666666668 0.041666666666666664
1 0.4908854166666667 0.6744791666666666 0.0234375 0.020833333333333332
1 0.3346354166666667 0.6302083333333334 0.03125 0.036458333333333336
1 0.3763020833333333 0.51171875 0.033854166666666664 0.036458333333333336
1 0.4544270833333333 0.5143229166666666 0.03125 0.044270833333333336
1 0.3763020833333333 0.4778645833333333 0.026041666666666668 0.026041666666666668
1 0.3463541666666667 0.4127604166666667 0.020833333333333332 0.0390625
1 0.3151041666666667 0.3828125 0.028645833333333332 0.044270833333333336
1 0.40234375 0.40625 0.028645833333333332 0.033854166666666664
1 0.40234375 0.20703125 0.026041666666666668 0.041666666666666664
1 0.3880208333333333 0.34375 0.028645833333333332 0.046875
1 0.3580729166666667 0.265625 0.0234375 0.036458333333333336
1 0.3059895833333333 0.3424479166666667 0.028645833333333332 0.033854166666666664
1 0.4296875 0.3697916666666667 0.0234375 0.0390625
1 0.3697916666666667 0.3020833333333333 0.03125 0.033854166666666664
1 0.4466145833333333 0.3255208333333333 0.03125 0.033854166666666664
1 0.4231770833333333 0.4817708333333333 0.0234375 0.03125
1 0.4296875 0.8020833333333334 0.03125 0.0390625
1 0.4908854166666667 0.75 0.028645833333333332 0.028645833333333332
1 0.5130208333333334 0.57421875 0.018229166666666668 0.033854166666666664
1 0.4817708333333333 0.4075520833333333 0.026041666666666668 0.03125
1 0.4713541666666667 0.72265625 0.028645833333333332 0.033854166666666664
1 0.4479166666666667 0.7122395833333334 0.0234375 0.0234375
1 0.4778645833333333 0.671875 0.033854166666666664 0.044270833333333336
1 0.3489583333333333 0.6236979166666666 0.0234375 0.049479166666666664
1 0.4466145833333333 0.5924479166666666 0.0234375 0.041666666666666664
1 0.4075520833333333 0.51953125 0.03125 0.033854166666666664
1 0.42578125 0.4557291666666667 0.0234375 0.033854166666666664
1 0.40234375 0.4609375 0.028645833333333332 0.0390625
1 0.3606770833333333 0.43359375 0.026041666666666668 0.036458333333333336
1 0.3307291666666667 0.4244791666666667 0.026041666666666668 0.041666666666666664
1 0.4049479166666667 0.23697916666666666 0.020833333333333332 0.041666666666666664
1 0.4388020833333333 0.2552083333333333 0.026041666666666668 0.049479166666666664
1 0.3619791666666667 0.28515625 0.03125 0.03125
1 0.32421875 0.28515625 0.026041666666666668 0.046875
1 0.4830729166666667 0.453125 0.03125 0.026041666666666668
1 0.37890625 0.2669270833333333 0.020833333333333332 0.033854166666666664
1 0.4544270833333333 0.3958333333333333 0.0234375 0.049479166666666664
1 0.5572916666666666 0.6822916666666666 0.020833333333333332 0.0390625
1 0.5716145833333334 0.4791666666666667 0.028645833333333332 0.0390625
1 0.5143229166666666 0.4544270833333333 0.0234375 0.046875
1 0.4153645833333333 0.6315104166666666 0.026041666666666668 0.028645833333333332
1 0.4309895833333333 0.609375 0.028645833333333332 0.0390625
1 0.4674479166666667 0.6354166666666666 0.033854166666666664 0.03125
1 0.47265625 0.5846354166666666 0.03125 0.049479166666666664
1 0.4375 0.4986979166666667 0.028645833333333332 0.028645833333333332
1 0.3893229166666667 0.4270833333333333 0.026041666666666668 0.033854166666666664
1 0.3411458333333333 0.4596354166666667 0.026041666666666668 0.033854166666666664
1 0.3723958333333333 0.4114583333333333 0.020833333333333332 0.0390625
1 0.4010416666666667 0.2903645833333333 0.020833333333333332 0.041666666666666664
1 0.4739583333333333 0.49609375 0.028645833333333332 0.026041666666666668
1 0.5247395833333334 0.58984375 0.020833333333333332 0.041666666666666664
1 0.4674479166666667 0.6106770833333334 0.020833333333333332 0.026041666666666668
1 0.4205729166666667 0.3255208333333333 0.020833333333333332 0.036458333333333336
1 0.44140625 0.2864583333333333 0.033854166666666664 0.03125
1 0.4466145833333333 0.7825520833333334 0.028645833333333332 0.049479166666666664
1 0.5768229166666666 0.6966145833333334 0.0234375 0.041666666666666664
1 0.4739583333333333 0.20703125 0.020833333333333332 0.0390625
1 0.53125 0.6484375 0.026041666666666668 0.033854166666666664
1 0.4765625 0.4700520833333333 0.026041666666666668 0.03125
1 0.5078125 0.6888020833333334 0.026041666666666668 0.044270833333333336
1 0.484375 0.7083333333333334 0.033854166666666664 0.03125
1 0.2526041666666667 0.6471354166666666 0.028645833333333332 0.052083333333333336
1 0.4388020833333333 0.6901041666666666 0.0234375 0.044270833333333336
1 0.43359375 0.6484375 0.028645833333333332 0.036458333333333336
1 0.3723958333333333 0.6510416666666666 0.0234375 0.041666666666666664
1 0.3841145833333333 0.6484375 0.020833333333333332 0.041666666666666664
1 0.3671875 0.58984375 0.026041666666666668 0.044270833333333336
1 0.4583333333333333 0.5729166666666666 0.0234375 0.033854166666666664
1 0.31640625 0.5091145833333334 0.03125 0.046875
1 0.3190104166666667 0.4388020833333333 0.028645833333333332 0.028645833333333332
1 0.41796875 0.24609375 0.026041666666666668 0.033854166666666664
1 0.3763020833333333 0.3671875 0.028645833333333332 0.028645833333333332
1 0.41015625 0.3515625 0.0234375 0.03125
1 0.4388020833333333 0.3645833333333333 0.0234375 0.046875
1 0.4921875 0.77734375 0.03125 0.033854166666666664
1 0.6328125 0.3619791666666667 0.028645833333333332 0.049479166666666664
1 0.58203125 0.2760416666666667 0.028645833333333332 0.049479166666666664
1 0.5716145833333334 0.4192708333333333 0.028645833333333332 0.033854166666666664
1 0.4596354166666667 0.21223958333333334 0.028645833333333332 0.026041666666666668
1 0.4817708333333333 0.22135416666666666 0.020833333333333332 0.0390625
1 0.5533854166666666 0.5651041666666666 0.028645833333333332 0.044270833333333336
1 0.5390625 0.57421875 0.0234375 0.041666666666666664
1 0.421875 0.6966145833333334 0.020833333333333332 0.041666666666666664
1 0.44140625 0.5716145833333334 0.020833333333333332 0.0390625
1 0.4466145833333333 0.6276041666666666 0.0234375 0.028645833333333332
1 0.4518229166666667 0.5416666666666666 0.020833333333333332 0.044270833333333336
1 0.47265625 0.5325520833333334 0.020833333333333332 0.028645833333333332
1 0.4544270833333333 0.3020833333333333 0.026041666666666668 0.03125
1 0.3893229166666667 0.3138020833333333 0.026041666666666668 0.028645833333333332
1 0.2708333333333333 0.3072916666666667 0.03125 0.044270833333333336
1 0.296875 0.3671875 0.0234375 0.046875
1 0.39453125 0.24609375 0.028645833333333332 0.028645833333333332
1 0.3919270833333333 0.2265625 0.020833333333333332 0.036458333333333336
1 0.6145833333333334 0.44921875 0.028645833333333332 0.036458333333333336
1 0.52734375 0.4375 0.033854166666666664 0.03125
1 0.51171875 0.609375 0.026041666666666668 0.033854166666666664
1 0.3776041666666667 0.7565104166666666 0.033854166666666664 0.041666666666666664
1 0.4856770833333333 0.6080729166666666 0.026041666666666668 0.026041666666666668
1 0.421875 0.54296875 0.028645833333333332 0.0390625
1 0.3411458333333333 0.49609375 0.026041666666666668 0.049479166666666664
1 0.4322916666666667 0.4700520833333333 0.028645833333333332 0.033854166666666664
1 0.35546875 0.4661458333333333 0.03125 0.026041666666666668
1 0.35546875 0.4466145833333333 0.03125 0.036458333333333336
1 0.4388020833333333 0.41015625 0.020833333333333332 0.044270833333333336
1 0.42578125 0.30078125 0.028645833333333332 0.041666666666666664
1 0.4348958333333333 0.3307291666666667 0.03125 0.026041666666666668
1 0.3606770833333333 0.234375 0.026041666666666668 0.0234375
1 0.3072916666666667 0.16145833333333334 0.03125 0.049479166666666664
1 0.4205729166666667 0.3854166666666667 0.026041666666666668 0.046875
1 0.3567708333333333 0.3802083333333333 0.028645833333333332 0.0390625
1 0.3841145833333333 0.39453125 0.028645833333333332 0.026041666666666668
1 0.4830729166666667 0.5247395833333334 0.020833333333333332 0.0390625
1 0.31640625 0.3203125 0.03125 0.033854166666666664
1 0.4583333333333333 0.6067708333333334 0.028645833333333332 0.03125
1 0.5677083333333334 0.68359375 0.0234375 0.041666666666666664
1 0.5299479166666666 0.5794270833333334 0.020833333333333332 0.0390625
1 0.5052083333333334 0.5286458333333334 0.03125 0.036458333333333336
1 0.3463541666666667 0.59375 0.03125 0.026041666666666668
1 0.2721354166666667 0.5130208333333334 0.03125 0.033854166666666664
1 0.5013020833333334 0.4270833333333333 0.03125 0.044270833333333336
1 0.3346354166666667 0.33203125 0.033854166666666664 0.036458333333333336
1 0.4856770833333333 0.4361979166666667 0.03125 0.041666666666666664
1 0.3359375 0.3658854166666667 0.026041666666666668 0.036458333333333336
1 0.4283854166666667 0.2786458333333333 0.020833333333333332 0.044270833333333336
1 0.5677083333333334 0.2799479166666667 0.0234375 0.041666666666666664
1 0.51953125 0.2721354166666667 0.036458333333333336 0.046875
1 0.4947916666666667 0.3372395833333333 0.0234375 0.041666666666666664
1 0.5338541666666666 0.62109375 0.0234375 0.036458333333333336
1 0.4908854166666667 0.4765625 0.026041666666666668 0.044270833333333336
1 0.4596354166666667 0.375 0.026041666666666668 0.036458333333333336
1 0.5013020833333334 0.6328125 0.03125 0.03125
1 0.3658854166666667 0.6614583333333334 0.026041666666666668 0.044270833333333336
1 0.3958333333333333 0.6458333333333334 0.0234375 0.028645833333333332
1 0.4010416666666667 0.6236979166666666 0.0234375 0.041666666666666664
1 0.453125 0.4361979166666667 0.026041666666666668 0.046875
1 0.3854166666666667 0.25 0.028645833333333332 0.046875
1 0.4036458333333333 0.37890625 0.03125 0.03125
1 0.41015625 0.2916666666666667 0.020833333333333332 0.044270833333333336
1 0.3971354166666667 0.2643229166666667 0.028645833333333332 0.028645833333333332
1 0.5247395833333334 0.3828125 0.020833333333333332 0.036458333333333336