1 0.6588541666666666 0.8268229166666666 0.046875 0.0625
1 0.6380208333333334 0.74609375 0.03125 0.0625
1 0.6640625 0.71875 0.036458333333333336 0.03125
1 0.5690104166666666 0.3098958333333333 0.033854166666666664 0.049479166666666664
1 0.66015625 0.8736979166666666 0.0390625 0.046875
1 0.6393229166666666 0.37890625 0.03125 0.049479166666666664
1 0.578125 0.40625 0.026041666666666668 0.049479166666666664
1 0.5950520833333334 0.6458333333333334 0.0390625 0.046875
1 0.7747395833333334 0.5807291666666666 0.03125 0.046875
1 0.7578125 0.55859375 0.046875 0.033854166666666664
1 0.5286458333333334 0.5716145833333334 0.0234375 0.052083333333333336
1 0.52734375 0.49609375 0.028645833333333332 0.049479166666666664
1 0.6158854166666666 0.6067708333333334 0.0546875 0.044270833333333336
1 0.6979166666666666 0.4973958333333333 0.033854166666666664 0.044270833333333336
1 0.703125 0.5377604166666666 0.020833333333333332 0.049479166666666664
1 0.6080729166666666 0.3854166666666667 0.041666666666666664 0.0546875
1 0.6119791666666666 0.3151041666666667 0.0234375 0.052083333333333336
1 0.6119791666666666 0.64453125 0.03125 0.0546875
1 0.54296875 0.18229166666666666 0.026041666666666668 0.046875
1 0.70703125 0.7981770833333334 0.046875 0.03125
1 0.7083333333333334 0.8385416666666666 0.033854166666666664 0.046875
1 0.765625 0.5065104166666666 0.033854166666666664 0.046875