1 0.5885416666666666 0.6171875 0.03125 0.0625
1 0.4114583333333333 0.421875 0.08072916666666667 0.049479166666666664
1 0.421875 0.3841145833333333 0.08072916666666667 0.041666666666666664
1 0.671875 0.65234375 0.08854166666666667 0.0703125
1 0.3359375 0.6966145833333334 0.052083333333333336 0.049479166666666664
1 0.390625 0.515625 0.08333333333333333 0.08072916666666667
1 0.5651041666666666 0.6627604166666666 0.07291666666666667 0.08333333333333333
1 0.36328125 0.7278645833333334 0.0859375 0.0390625
1 0.46875 0.5494791666666666 0.0703125 0.07552083333333333
1 0.4401041666666667 0.5221354166666666 0.06770833333333333 0.07291666666666667
1 0.28515625 0.34375 0.052083333333333336 0.0546875
1 0.38671875 0.6549479166666666 0.049479166666666664 0.10416666666666667
1 0.2942708333333333 0.3776041666666667 0.08854166666666667 0.0390625
1 0.2643229166666667 0.6614583333333334 0.07552083333333333 0.109375
1 0.4505208333333333 0.6953125 0.06510416666666667 0.10416666666666667