1 0.8567708333333334 0.3658854166666667 0.036458333333333336 0.052083333333333336
1 0.4166666666666667 0.5494791666666666 0.018229166666666668 0.0390625
1 0.37109375 0.60546875 0.033854166666666664 0.028645833333333332
1 0.3515625 0.6263020833333334 0.046875 0.041666666666666664
1 0.3307291666666667 0.640625 0.0546875 0.0390625
1 0.38671875 0.6458333333333334 0.020833333333333332 0.049479166666666664
1 0.75390625 0.5130208333333334 0.033854166666666664 0.0859375
1 0.62109375 0.4322916666666667 0.046875 0.033854166666666664
1 0.75 0.390625 0.044270833333333336 0.036458333333333336
1 0.7252604166666666 0.40234375 0.044270833333333336 0.036458333333333336
1 0.7213541666666666 0.33203125 0.0390625 0.059895833333333336
1 0.3619791666666667 0.41015625 0.03125 0.044270833333333336
1 0.390625 0.41015625 0.03125 0.03125
1 0.4075520833333333 0.4375 0.03125 0.026041666666666668
1 0.3880208333333333 0.3802083333333333 0.041666666666666664 0.033854166666666664
1 0.4466145833333333 0.390625 0.044270833333333336 0.026041666666666668
1 0.4700520833333333 0.4752604166666667 0.026041666666666668 0.041666666666666664
1 0.37890625 0.4713541666666667 0.052083333333333336 0.0390625
1 0.4361979166666667 0.4622395833333333 0.0234375 0.059895833333333336
1 0.46875 0.43359375 0.0390625 0.028645833333333332
1 0.4244791666666667 0.4114583333333333 0.049479166666666664 0.026041666666666668
1 0.4856770833333333 0.40625 0.059895833333333336 0.033854166666666664
1 0.4088541666666667 0.3619791666666667 0.046875 0.03125
1 0.4466145833333333 0.3671875 0.057291666666666664 0.028645833333333332
1 0.3229166666666667 0.3723958333333333 0.06770833333333333 0.046875
1 0.4036458333333333 0.6145833333333334 0.0234375 0.0625
1 0.4309895833333333 0.5755208333333334 0.028645833333333332 0.059895833333333336
1 0.43359375 0.6119791666666666 0.03125 0.057291666666666664
1 0.5130208333333334 0.5403645833333334 0.03125 0.0546875
1 0.5572916666666666 0.5677083333333334 0.033854166666666664 0.08072916666666667
1 0.4544270833333333 0.5833333333333334 0.026041666666666668 0.0703125
1 0.4075520833333333 0.67578125 0.026041666666666668 0.08333333333333333
1 0.3697916666666667 0.7109375 0.028645833333333332 0.07552083333333333
1 0.4817708333333333 0.77734375 0.0390625 0.078125
1 0.5364583333333334 0.8463541666666666 0.0703125 0.052083333333333336
1 0.5104166666666666 0.7890625 0.046875 0.052083333333333336
1 0.5078125 0.8255208333333334 0.052083333333333336 0.041666666666666664
1 0.4752604166666667 0.8307291666666666 0.052083333333333336 0.0625
1 0.5481770833333334 0.8841145833333334 0.0703125 0.036458333333333336