1 0.546875 0.3255208333333333 0.033854166666666664 0.049479166666666664
1 0.6510416666666666 0.5729166666666666 0.03125 0.049479166666666664
1 0.7005208333333334 0.47265625 0.026041666666666668 0.036458333333333336
1 0.4895833333333333 0.4049479166666667 0.0234375 0.036458333333333336
1 0.5690104166666666 0.2942708333333333 0.026041666666666668 0.046875
1 0.6940104166666666 0.4505208333333333 0.0390625 0.044270833333333336
1 0.5638020833333334 0.5403645833333334 0.03125 0.03125
1 0.5377604166666666 0.50390625 0.026041666666666668 0.03125
1 0.59765625 0.5364583333333334 0.044270833333333336 0.06770833333333333
1 0.5221354166666666 0.5234375 0.036458333333333336 0.057291666666666664
1 0.5286458333333334 0.40234375 0.033854166666666664 0.052083333333333336
1 0.5833333333333334 0.4309895833333333 0.03125 0.036458333333333336
1 0.6236979166666666 0.453125 0.03125 0.046875
1 0.4869791666666667 0.4322916666666667 0.028645833333333332 0.028645833333333332
1 0.5286458333333334 0.48828125 0.028645833333333332 0.041666666666666664
1 0.6276041666666666 0.3489583333333333 0.03125 0.028645833333333332
1 0.4817708333333333 0.4127604166666667 0.0234375 0.020833333333333332
1 0.5833333333333334 0.296875 0.033854166666666664 0.0546875
1 0.6614583333333334 0.52734375 0.028645833333333332 0.046875
1 0.5729166666666666 0.48828125 0.033854166666666664 0.036458333333333336
1 0.625 0.51171875 0.03125 0.0390625
1 0.61328125 0.4596354166666667 0.026041666666666668 0.049479166666666664