1 0.3216145833333333 0.3346354166666667 0.0546875 0.07291666666666667
1 0.4453125 0.6953125 0.046875 0.0703125
1 0.4401041666666667 0.58203125 0.041666666666666664 0.0546875
1 0.7473958333333334 0.7174479166666666 0.049479166666666664 0.049479166666666664
1 0.07942708333333333 0.6080729166666666 0.041666666666666664 0.046875
1 0.40234375 0.3841145833333333 0.046875 0.0546875
1 0.5143229166666666 0.6888020833333334 0.0546875 0.046875
1 0.14192708333333334 0.4153645833333333 0.052083333333333336 0.06770833333333333
1 0.5182291666666666 0.3723958333333333 0.044270833333333336 0.049479166666666664
1 0.4283854166666667 0.765625 0.033854166666666664 0.059895833333333336
1 0.6419270833333334 0.77734375 0.052083333333333336 0.046875
1 0.6145833333333334 0.8125 0.036458333333333336 0.0625
1 0.3815104166666667 0.2565104166666667 0.041666666666666664 0.0703125
1 0.34375 0.4088541666666667 0.0546875 0.0546875
1 0.4921875 0.4674479166666667 0.046875 0.0546875
1 0.578125 0.60546875 0.0390625 0.0625
1 0.8971354166666666 0.7252604166666666 0.044270833333333336 0.0625
1 0.24609375 0.3984375 0.044270833333333336 0.052083333333333336
1 0.5885416666666666 0.421875 0.046875 0.049479166666666664
1 0.3880208333333333 0.7604166666666666 0.044270833333333336 0.0390625
1 0.15494791666666666 0.65625 0.044270833333333336 0.049479166666666664
1 0.6080729166666666 0.6184895833333334 0.033854166666666664 0.059895833333333336
1 0.5377604166666666 0.2643229166666667 0.041666666666666664 0.0625
1 0.6393229166666666 0.546875 0.049479166666666664 0.046875
1 0.6822916666666666 0.5247395833333334 0.036458333333333336 0.0546875
1 0.84375 0.6861979166666666 0.049479166666666664 0.049479166666666664