1 0.45703125 0.8229166666666666 0.06510416666666667 0.06510416666666667
1 0.24479166666666666 0.4114583333333333 0.0625 0.07291666666666667
1 0.19661458333333334 0.5950520833333334 0.046875 0.057291666666666664
1 0.296875 0.28125 0.059895833333333336 0.059895833333333336
1 0.2760416666666667 0.8307291666666666 0.052083333333333336 0.08333333333333333
1 0.3333333333333333 0.8098958333333334 0.049479166666666664 0.078125
1 0.5065104166666666 0.6809895833333334 0.06770833333333333 0.06510416666666667
1 0.8489583333333334 0.7161458333333334 0.046875 0.0703125
1 0.6158854166666666 0.41796875 0.057291666666666664 0.08333333333333333
1 0.5013020833333334 0.6380208333333334 0.059895833333333336 0.049479166666666664
1 0.5625 0.6549479166666666 0.06770833333333333 0.06770833333333333
1 0.3489583333333333 0.4908854166666667 0.052083333333333336 0.044270833333333336
1 0.3893229166666667 0.5026041666666666 0.044270833333333336 0.044270833333333336
1 0.296875 0.4348958333333333 0.057291666666666664 0.059895833333333336
1 0.3671875 0.2799479166666667 0.0625 0.07291666666666667
1 0.4609375 0.3190104166666667 0.059895833333333336 0.0625
1 0.59765625 0.3580729166666667 0.0546875 0.059895833333333336
1 0.8671875 0.3854166666666667 0.059895833333333336 0.057291666666666664
1 0.7578125 0.6158854166666666 0.06510416666666667 0.06770833333333333
1 0.4153645833333333 0.4739583333333333 0.044270833333333336 0.0703125
1 0.5572916666666666 0.41015625 0.057291666666666664 0.06770833333333333
1 0.5729166666666666 0.31640625 0.049479166666666664 0.06510416666666667
1 0.98046875 0.3958333333333333 0.0390625 0.07291666666666667
1 0.97265625 0.3151041666666667 0.036458333333333336 0.052083333333333336
1 0.5052083333333334 0.578125 0.052083333333333336 0.0546875
1 0.18098958333333334 0.5533854166666666 0.049479166666666664 0.07552083333333333
1 0.3138020833333333 0.5651041666666666 0.052083333333333336 0.0546875
1 0.6666666666666666 0.6536458333333334 0.059895833333333336 0.08072916666666667
1 0.4192708333333333 0.3671875 0.057291666666666664 0.052083333333333336
1 0.7682291666666666 0.4921875 0.0625 0.06770833333333333