1 0.6341145833333334 0.3880208333333333 0.052083333333333336 0.06510416666666667
1 0.5755208333333334 0.23046875 0.06510416666666667 0.041666666666666664
1 0.3372395833333333 0.2760416666666667 0.044270833333333336 0.03125
1 0.5 0.40625 0.07291666666666667 0.0546875
1 0.5885416666666666 0.734375 0.049479166666666664 0.06770833333333333
1 0.5364583333333334 0.5481770833333334 0.057291666666666664 0.06510416666666667
1 0.55859375 0.3854166666666667 0.041666666666666664 0.057291666666666664
1 0.4908854166666667 0.3372395833333333 0.07552083333333333 0.044270833333333336
1 0.6822916666666666 0.4765625 0.059895833333333336 0.06770833333333333
1 0.5390625 0.3463541666666667 0.049479166666666664 0.06770833333333333
1 0.31640625 0.5130208333333334 0.06770833333333333 0.041666666666666664
1 0.28515625 0.4518229166666667 0.036458333333333336 0.057291666666666664
1 0.7877604166666666 0.4479166666666667 0.041666666666666664 0.0390625
1 0.5833333333333334 0.2942708333333333 0.07291666666666667 0.044270833333333336
1 0.5130208333333334 0.3268229166666667 0.052083333333333336 0.0390625
1 0.5 0.46875 0.052083333333333336 0.06770833333333333
1 0.23958333333333334 0.4869791666666667 0.08333333333333333 0.0390625
1 0.6067708333333334 0.5208333333333334 0.049479166666666664 0.0546875
1 0.7122395833333334 0.41796875 0.08333333333333333 0.036458333333333336
1 0.5989583333333334 0.3932291666666667 0.049479166666666664 0.0625
1 0.8424479166666666 0.22916666666666666 0.052083333333333336 0.0625
1 0.2265625 0.3528645833333333 0.07291666666666667 0.049479166666666664
1 0.1875 0.4479166666666667 0.078125 0.044270833333333336
1 0.6419270833333334 0.4700520833333333 0.0625 0.057291666666666664
1 0.3932291666666667 0.3229166666666667 0.049479166666666664 0.057291666666666664
1 0.25390625 0.2786458333333333 0.07291666666666667 0.036458333333333336
1 0.5234375 0.296875 0.046875 0.052083333333333336
1 0.43359375 0.33203125 0.059895833333333336 0.057291666666666664
1 0.453125 0.3828125 0.06510416666666667 0.0390625
1 0.4440104166666667 0.4361979166666667 0.08854166666666667 0.052083333333333336
1 0.30859375 0.3815104166666667 0.06510416666666667 0.057291666666666664