1 0.61328125 0.4205729166666667 0.028645833333333332 0.0546875
1 0.6236979166666666 0.078125 0.033854166666666664 0.0390625
1 0.4973958333333333 0.2682291666666667 0.041666666666666664 0.046875
1 0.6640625 0.70703125 0.028645833333333332 0.057291666666666664
1 0.5403645833333334 0.10026041666666667 0.036458333333333336 0.03125
1 0.7096354166666666 0.328125 0.049479166666666664 0.057291666666666664
1 0.23828125 0.4544270833333333 0.044270833333333336 0.059895833333333336
1 0.53125 0.2747395833333333 0.046875 0.049479166666666664
1 0.4127604166666667 0.09895833333333333 0.046875 0.044270833333333336
1 0.5247395833333334 0.14713541666666666 0.036458333333333336 0.020833333333333332
1 0.5625 0.3984375 0.03125 0.0546875
1 0.625 0.5494791666666666 0.041666666666666664 0.041666666666666664