1 0.4765625 0.3268229166666667 0.03125 0.044270833333333336
1 0.58984375 0.3111979166666667 0.036458333333333336 0.033854166666666664
1 0.3502604166666667 0.24348958333333334 0.0234375 0.044270833333333336
1 0.3515625 0.2799479166666667 0.033854166666666664 0.0234375
1 0.5299479166666666 0.3203125 0.033854166666666664 0.03125
1 0.26953125 0.3736979166666667 0.0234375 0.028645833333333332
1 0.6041666666666666 0.55859375 0.03125 0.020833333333333332
1 0.3255208333333333 0.515625 0.033854166666666664 0.018229166666666668
1 0.375 0.5182291666666666 0.020833333333333332 0.041666666666666664
1 0.7018229166666666 0.6510416666666666 0.028645833333333332 0.046875
1 0.7565104166666666 0.6080729166666666 0.03125 0.028645833333333332
1 0.5559895833333334 0.7421875 0.015625 0.03125
1 0.5078125 0.1796875 0.020833333333333332 0.041666666666666664
1 0.5768229166666666 0.4401041666666667 0.013020833333333334 0.036458333333333336
1 0.24479166666666666 0.23958333333333334 0.026041666666666668 0.0390625
1 0.30859375 0.4921875 0.03125 0.026041666666666668
1 0.3268229166666667 0.4674479166666667 0.018229166666666668 0.049479166666666664
1 0.6861979166666666 0.4283854166666667 0.0234375 0.0390625
1 0.6380208333333334 0.4817708333333333 0.0234375 0.0390625
1 0.4140625 0.5234375 0.03125 0.036458333333333336
1 0.4518229166666667 0.5221354166666666 0.03125 0.015625
1 0.3138020833333333 0.31640625 0.0234375 0.033854166666666664
1 0.265625 0.421875 0.03125 0.0234375
1 0.3098958333333333 0.4557291666666667 0.013020833333333334 0.028645833333333332
1 0.4986979166666667 0.33203125 0.03125 0.044270833333333336
1 0.38671875 0.4869791666666667 0.033854166666666664 0.018229166666666668
1 0.54296875 0.56640625 0.036458333333333336 0.026041666666666668
1 0.3723958333333333 0.3229166666666667 0.03125 0.020833333333333332
1 0.33203125 0.25 0.0234375 0.020833333333333332
1 0.4661458333333333 0.6302083333333334 0.033854166666666664 0.020833333333333332
1 0.61328125 0.78515625 0.018229166666666668 0.041666666666666664
1 0.4973958333333333 0.4049479166666667 0.028645833333333332 0.028645833333333332
1 0.5638020833333334 0.21744791666666666 0.026041666666666668 0.046875
1 0.3125 0.3684895833333333 0.0234375 0.03125
1 0.765625 0.3893229166666667 0.041666666666666664 0.028645833333333332
1 0.5546875 0.4609375 0.03125 0.036458333333333336
1 0.3763020833333333 0.4479166666666667 0.020833333333333332 0.033854166666666664
1 0.4309895833333333 0.13932291666666666 0.033854166666666664 0.028645833333333332
1 0.3216145833333333 0.234375 0.03125 0.036458333333333336
1 0.66796875 0.5690104166666666 0.0234375 0.041666666666666664
1 0.578125 0.5299479166666666 0.015625 0.018229166666666668
1 0.8098958333333334 0.6822916666666666 0.020833333333333332 0.015625
1 0.3424479166666667 0.3203125 0.028645833333333332 0.036458333333333336
1 0.2526041666666667 0.4544270833333333 0.018229166666666668 0.026041666666666668
1 0.33984375 0.3528645833333333 0.03125 0.0234375
1 0.3528645833333333 0.4544270833333333 0.026041666666666668 0.028645833333333332
1 0.3190104166666667 0.4479166666666667 0.026041666666666668 0.033854166666666664
1 0.5872395833333334 0.3893229166666667 0.033854166666666664 0.020833333333333332
1 0.33984375 0.2916666666666667 0.033854166666666664 0.026041666666666668
1 0.5598958333333334 0.578125 0.028645833333333332 0.026041666666666668
1 0.6276041666666666 0.5716145833333334 0.028645833333333332 0.03125
1 0.6627604166666666 0.2838541666666667 0.03125 0.03125
1 0.5494791666666666 0.5052083333333334 0.018229166666666668 0.041666666666666664
1 0.62890625 0.5403645833333334 0.026041666666666668 0.041666666666666664
1 0.5299479166666666 0.58984375 0.033854166666666664 0.018229166666666668
1 0.4869791666666667 0.6861979166666666 0.015625 0.033854166666666664
1 0.5924479166666666 0.80078125 0.026041666666666668 0.026041666666666668
1 0.3671875 0.3984375 0.026041666666666668 0.0390625
1 0.2526041666666667 0.3736979166666667 0.036458333333333336 0.028645833333333332
1 0.22526041666666666 0.30078125 0.0234375 0.049479166666666664
1 0.2643229166666667 0.4518229166666667 0.018229166666666668 0.0234375
1 0.5911458333333334 0.4375 0.015625 0.036458333333333336
1 0.44921875 0.4609375 0.026041666666666668 0.015625
1 0.4947916666666667 0.265625 0.033854166666666664 0.033854166666666664
1 0.3333333333333333 0.3111979166666667 0.018229166666666668 0.018229166666666668
1 0.3177083333333333 0.42578125 0.028645833333333332 0.026041666666666668
1 0.4583333333333333 0.5 0.026041666666666668 0.036458333333333336
1 0.6809895833333334 0.5533854166666666 0.036458333333333336 0.0390625
1 0.7356770833333334 0.8333333333333334 0.03125 0.028645833333333332
1 0.2682291666666667 0.3502604166666667 0.033854166666666664 0.018229166666666668
1 0.33203125 0.3723958333333333 0.03125 0.015625
1 0.3372395833333333 0.52734375 0.028645833333333332 0.020833333333333332
1 0.2526041666666667 0.515625 0.0234375 0.018229166666666668
1 0.3359375 0.006510416666666667 0.03125 0.013020833333333334
1 0.2890625 0.3828125 0.036458333333333336 0.033854166666666664
1 0.2682291666666667 0.4869791666666667 0.028645833333333332 0.026041666666666668
1 0.44140625 0.15104166666666666 0.046875 0.033854166666666664
1 0.5729166666666666 0.5872395833333334 0.018229166666666668 0.046875
1 0.5729166666666666 0.6484375 0.0234375 0.015625
1 0.8203125 0.6380208333333334 0.036458333333333336 0.0234375
1 0.2994791666666667 0.43359375 0.015625 0.041666666666666664
1 0.5143229166666666 0.4010416666666667 0.033854166666666664 0.020833333333333332
1 0.3645833333333333 0.23828125 0.015625 0.028645833333333332
1 0.453125 0.4453125 0.033854166666666664 0.026041666666666668
1 0.7083333333333334 0.5377604166666666 0.0234375 0.044270833333333336
1 0.7513020833333334 0.66015625 0.018229166666666668 0.036458333333333336
1 0.69140625 0.6927083333333334 0.033854166666666664 0.026041666666666668