1 0.5091145833333334 0.3307291666666667 0.049479166666666664 0.07552083333333333
1 0.7317708333333334 0.3802083333333333 0.08854166666666667 0.1328125
1 0.5286458333333334 0.078125 0.1015625 0.09375
1 0.4401041666666667 0.17317708333333334 0.06510416666666667 0.10677083333333333
1 0.81640625 0.3580729166666667 0.07552083333333333 0.15104166666666666
1 0.8216145833333334 0.2513020833333333 0.078125 0.08854166666666667
1 0.98828125 0.15494791666666666 0.0234375 0.049479166666666664
1 0.5338541666666666 0.3020833333333333 0.078125 0.1015625
1 0.9140625 0.1953125 0.08333333333333333 0.14322916666666666
1 0.7213541666666666 0.5065104166666666 0.09635416666666667 0.09895833333333333
1 0.6041666666666666 0.43359375 0.08854166666666667 0.12760416666666666
1 0.78515625 0.3515625 0.0703125 0.1328125
1 0.6184895833333334 0.35546875 0.0625 0.109375
1 0.4765625 0.16145833333333334 0.07291666666666667 0.11979166666666667
1 0.65234375 0.3346354166666667 0.0625 0.12760416666666666