1 0.3958333333333333 0.7174479166666666 0.052083333333333336 0.0234375
1 0.5299479166666666 0.921875 0.049479166666666664 0.09895833333333333
1 0.5091145833333334 0.8606770833333334 0.044270833333333336 0.0546875
1 0.21354166666666666 0.46484375 0.052083333333333336 0.0234375
1 0.6276041666666666 0.6549479166666666 0.041666666666666664 0.11458333333333333
1 0.4817708333333333 0.7018229166666666 0.033854166666666664 0.06770833333333333
1 0.4622395833333333 0.7174479166666666 0.020833333333333332 0.078125
1 0.38671875 0.4700520833333333 0.020833333333333332 0.0703125
1 0.44921875 0.6184895833333334 0.057291666666666664 0.049479166666666664
1 0.47265625 0.7486979166666666 0.041666666666666664 0.057291666666666664
1 0.42578125 0.43359375 0.026041666666666668 0.044270833333333336
1 0.5729166666666666 0.7799479166666666 0.0625 0.03125
1 0.4231770833333333 0.5442708333333334 0.046875 0.046875