1 0.40234375 0.8372395833333334 0.041666666666666664 0.0625
1 0.5052083333333334 0.7682291666666666 0.044270833333333336 0.049479166666666664
1 0.62890625 0.6953125 0.046875 0.07552083333333333
1 0.5299479166666666 0.421875 0.046875 0.059895833333333336
1 0.5455729166666666 0.35546875 0.049479166666666664 0.0625
1 0.35546875 0.8072916666666666 0.046875 0.044270833333333336
1 0.3776041666666667 0.73828125 0.044270833333333336 0.06770833333333333
1 0.37890625 0.5794270833333334 0.036458333333333336 0.059895833333333336
1 0.4192708333333333 0.58984375 0.046875 0.0546875
1 0.3671875 0.3997395833333333 0.036458333333333336 0.0625
1 0.375 0.17578125 0.0390625 0.0546875
1 0.21744791666666666 0.2877604166666667 0.036458333333333336 0.033854166666666664
1 0.27734375 0.5611979166666666 0.028645833333333332 0.052083333333333336
1 0.4244791666666667 0.7760416666666666 0.0390625 0.07291666666666667
1 0.4739583333333333 0.7721354166666666 0.0390625 0.06510416666666667
1 0.6809895833333334 0.7799479166666666 0.0390625 0.06510416666666667
1 0.6015625 0.6809895833333334 0.041666666666666664 0.052083333333333336
1 0.3359375 0.5768229166666666 0.041666666666666664 0.041666666666666664
1 0.2734375 0.4296875 0.036458333333333336 0.06510416666666667
1 0.3268229166666667 0.4166666666666667 0.03125 0.0625
1 0.4322916666666667 0.4544270833333333 0.046875 0.0546875
1 0.3372395833333333 0.8463541666666666 0.041666666666666664 0.0390625
1 0.2421875 0.46484375 0.041666666666666664 0.059895833333333336
1 0.6315104166666666 0.62890625 0.044270833333333336 0.046875
1 0.25390625 0.59375 0.033854166666666664 0.0625
1 0.22916666666666666 0.4713541666666667 0.03125 0.0625
1 0.29296875 0.5442708333333334 0.044270833333333336 0.044270833333333336
1 0.3658854166666667 0.5625 0.033854166666666664 0.0546875
1 0.41015625 0.6536458333333334 0.046875 0.07552083333333333
1 0.33984375 0.3723958333333333 0.052083333333333336 0.049479166666666664
1 0.4388020833333333 0.4765625 0.033854166666666664 0.033854166666666664
1 0.2421875 0.3489583333333333 0.041666666666666664 0.0625
1 0.421875 0.6927083333333334 0.044270833333333336 0.06510416666666667
1 0.4479166666666667 0.6953125 0.0390625 0.033854166666666664
1 0.5494791666666666 0.4322916666666667 0.041666666666666664 0.0546875
1 0.4973958333333333 0.3776041666666667 0.049479166666666664 0.059895833333333336
1 0.2942708333333333 0.6432291666666666 0.0390625 0.059895833333333336
1 0.24609375 0.5377604166666666 0.0390625 0.06770833333333333
1 0.30078125 0.5651041666666666 0.049479166666666664 0.044270833333333336
1 0.4036458333333333 0.5703125 0.041666666666666664 0.044270833333333336
1 0.3203125 0.4947916666666667 0.0390625 0.052083333333333336
1 0.3463541666666667 0.4361979166666667 0.041666666666666664 0.0390625
1 0.3046875 0.19661458333333334 0.041666666666666664 0.046875
1 0.2981770833333333 0.3697916666666667 0.0390625 0.0625
1 0.5885416666666666 0.6354166666666666 0.044270833333333336 0.049479166666666664
1 0.37890625 0.46875 0.0390625 0.0625
1 0.359375 0.6341145833333334 0.0390625 0.046875
1 0.3776041666666667 0.2864583333333333 0.0390625 0.049479166666666664
1 0.3854166666666667 0.265625 0.0234375 0.041666666666666664
1 0.4479166666666667 0.66015625 0.0390625 0.041666666666666664
1 0.49609375 0.6067708333333334 0.046875 0.052083333333333336
1 0.5690104166666666 0.8177083333333334 0.036458333333333336 0.057291666666666664
1 0.5455729166666666 0.6145833333333334 0.044270833333333336 0.046875
1 0.4427083333333333 0.7239583333333334 0.033854166666666664 0.059895833333333336
1 0.6263020833333334 0.921875 0.036458333333333336 0.059895833333333336
1 0.4440104166666667 0.4036458333333333 0.044270833333333336 0.06770833333333333
1 0.2760416666666667 0.640625 0.044270833333333336 0.0703125
1 0.3294270833333333 0.60546875 0.041666666666666664 0.057291666666666664
1 0.2942708333333333 0.4388020833333333 0.041666666666666664 0.036458333333333336
1 0.3671875 0.3606770833333333 0.0390625 0.041666666666666664
1 0.35546875 0.4700520833333333 0.033854166666666664 0.046875
1 0.3984375 0.48828125 0.052083333333333336 0.078125
1 0.3971354166666667 0.41015625 0.033854166666666664 0.0390625
1 0.3958333333333333 0.296875 0.041666666666666664 0.07552083333333333
1 0.4921875 0.4361979166666667 0.046875 0.052083333333333336
1 0.45703125 0.2838541666666667 0.0390625 0.046875
1 0.4921875 0.6705729166666666 0.041666666666666664 0.057291666666666664
1 0.50390625 0.72265625 0.049479166666666664 0.046875
1 0.6627604166666666 0.76953125 0.044270833333333336 0.06510416666666667
1 0.4127604166666667 0.3932291666666667 0.046875 0.057291666666666664
1 0.3619791666666667 0.6666666666666666 0.041666666666666664 0.036458333333333336
1 0.3046875 0.16145833333333334 0.036458333333333336 0.033854166666666664
1 0.32421875 0.4388020833333333 0.0234375 0.044270833333333336
1 0.5559895833333334 0.7317708333333334 0.052083333333333336 0.052083333333333336
1 0.578125 0.6015625 0.041666666666666664 0.044270833333333336
1 0.6236979166666666 0.4622395833333333 0.044270833333333336 0.07291666666666667
1 0.6002604166666666 0.2890625 0.052083333333333336 0.07552083333333333
1 0.3346354166666667 0.7408854166666666 0.028645833333333332 0.0546875
1 0.23828125 0.6354166666666666 0.041666666666666664 0.06510416666666667
1 0.40625 0.6158854166666666 0.036458333333333336 0.046875
1 0.33203125 0.5143229166666666 0.046875 0.0546875
1 0.3815104166666667 0.3932291666666667 0.044270833333333336 0.07552083333333333
1 0.4583333333333333 0.7018229166666666 0.0390625 0.0390625