1 0.5533854166666666 0.3059895833333333 0.015625 0.028645833333333332
1 0.56640625 0.5208333333333334 0.020833333333333332 0.0234375
1 0.5533854166666666 0.6158854166666666 0.020833333333333332 0.026041666666666668
1 0.5559895833333334 0.4140625 0.018229166666666668 0.03125
1 0.53125 0.6080729166666666 0.010416666666666666 0.0234375
1 0.515625 0.36328125 0.020833333333333332 0.020833333333333332
1 0.5768229166666666 0.6432291666666666 0.010416666666666666 0.018229166666666668
1 0.5716145833333334 0.6315104166666666 0.018229166666666668 0.010416666666666666
1 0.53515625 0.5260416666666666 0.018229166666666668 0.015625
1 0.5690104166666666 0.4557291666666667 0.0078125 0.020833333333333332
1 0.5846354166666666 0.4127604166666667 0.013020833333333334 0.020833333333333332
1 0.5651041666666666 0.48828125 0.013020833333333334 0.010416666666666666
1 0.5403645833333334 0.5 0.018229166666666668 0.018229166666666668
1 0.43359375 0.3971354166666667 0.018229166666666668 0.020833333333333332
1 0.4713541666666667 0.4075520833333333 0.013020833333333334 0.0234375
1 0.48046875 0.4869791666666667 0.03125 0.015625
1 0.5598958333333334 0.4661458333333333 0.018229166666666668 0.015625
1 0.55859375 0.578125 0.015625 0.010416666666666666
1 0.5625 0.6927083333333334 0.013020833333333334 0.026041666666666668
1 0.4205729166666667 0.421875 0.018229166666666668 0.033854166666666664
1 0.5169270833333334 0.4453125 0.020833333333333332 0.015625
1 0.4947916666666667 0.3932291666666667 0.018229166666666668 0.0234375
1 0.4348958333333333 0.3658854166666667 0.015625 0.026041666666666668
1 0.45703125 0.4010416666666667 0.018229166666666668 0.018229166666666668
1 0.5598958333333334 0.4453125 0.013020833333333334 0.013020833333333334
1 0.5325520833333334 0.3932291666666667 0.020833333333333332 0.028645833333333332
1 0.5651041666666666 0.4765625 0.020833333333333332 0.013020833333333334
1 0.5416666666666666 0.44921875 0.018229166666666668 0.020833333333333332
1 0.4596354166666667 0.4166666666666667 0.015625 0.020833333333333332
1 0.5859375 0.6354166666666666 0.0078125 0.026041666666666668
1 0.55078125 0.59375 0.010416666666666666 0.028645833333333332
1 0.51171875 0.62890625 0.015625 0.0234375
1 0.5768229166666666 0.5794270833333334 0.020833333333333332 0.018229166666666668
1 0.5651041666666666 0.5078125 0.010416666666666666 0.018229166666666668
1 0.5807291666666666 0.4661458333333333 0.013020833333333334 0.033854166666666664
1 0.578125 0.734375 0.018229166666666668 0.015625
1 0.58203125 0.58984375 0.020833333333333332 0.013020833333333334
1 0.578125 0.5651041666666666 0.046875 0.020833333333333332
1 0.4765625 0.44140625 0.0234375 0.0234375
1 0.4440104166666667 0.44921875 0.026041666666666668 0.018229166666666668
1 0.58984375 0.6067708333333334 0.020833333333333332 0.028645833333333332
1 0.5677083333333334 0.5989583333333334 0.020833333333333332 0.026041666666666668
1 0.5703125 0.6171875 0.013020833333333334 0.015625
1 0.5130208333333334 0.3854166666666667 0.0234375 0.018229166666666668
1 0.4479166666666667 0.3815104166666667 0.0234375 0.020833333333333332
1 0.49609375 0.4205729166666667 0.0234375 0.0234375
1 0.5416666666666666 0.5416666666666666 0.020833333333333332 0.020833333333333332
1 0.5520833333333334 0.4479166666666667 0.015625 0.0234375
1 0.53125 0.5455729166666666 0.020833333333333332 0.018229166666666668
1 0.515625 0.5755208333333334 0.018229166666666668 0.026041666666666668
1 0.4622395833333333 0.4401041666666667 0.020833333333333332 0.020833333333333332
1 0.4713541666666667 0.4609375 0.010416666666666666 0.020833333333333332
1 0.515625 0.5638020833333334 0.015625 0.0234375
1 0.5078125 0.3541666666666667 0.026041666666666668 0.020833333333333332
1 0.546875 0.3893229166666667 0.013020833333333334 0.026041666666666668
1 0.546875 0.3307291666666667 0.018229166666666668 0.041666666666666664
1 0.5807291666666666 0.4986979166666667 0.0078125 0.018229166666666668
1 0.5611979166666666 0.3841145833333333 0.013020833333333334 0.033854166666666664
1 0.5625 0.7721354166666666 0.0234375 0.013020833333333334
1 0.4244791666666667 0.4661458333333333 0.020833333333333332 0.03125
1 0.4075520833333333 0.41796875 0.018229166666666668 0.033854166666666664
1 0.4440104166666667 0.328125 0.026041666666666668 0.018229166666666668
1 0.5729166666666666 0.4114583333333333 0.013020833333333334 0.020833333333333332
1 0.5416666666666666 0.484375 0.026041666666666668 0.013020833333333334
1 0.5559895833333334 0.3385416666666667 0.013020833333333334 0.0390625
1 0.5260416666666666 0.45703125 0.020833333333333332 0.026041666666666668
1 0.5091145833333334 0.4713541666666667 0.020833333333333332 0.013020833333333334
1 0.46484375 0.4817708333333333 0.0234375 0.013020833333333334
1 0.421875 0.3658854166666667 0.020833333333333332 0.0234375
1 0.4453125 0.4153645833333333 0.0234375 0.020833333333333332
1 0.4713541666666667 0.3802083333333333 0.018229166666666668 0.028645833333333332
1 0.5403645833333334 0.4622395833333333 0.018229166666666668 0.020833333333333332
1 0.5520833333333334 0.5572916666666666 0.0234375 0.015625
1 0.48046875 0.4192708333333333 0.015625 0.028645833333333332
1 0.609375 0.4934895833333333 0.015625 0.010416666666666666
1 0.4973958333333333 0.48046875 0.0234375 0.036458333333333336
1 0.5455729166666666 0.2955729166666667 0.020833333333333332 0.0390625
1 0.5260416666666666 0.4765625 0.010416666666666666 0.0234375
1 0.5520833333333334 0.5208333333333334 0.015625 0.028645833333333332
1 0.5677083333333334 0.42578125 0.013020833333333334 0.028645833333333332
1 0.4375 0.38671875 0.020833333333333332 0.020833333333333332
1 0.4322916666666667 0.4153645833333333 0.0234375 0.018229166666666668
1 0.421875 0.3424479166666667 0.026041666666666668 0.026041666666666668
1 0.57421875 0.4986979166666667 0.010416666666666666 0.026041666666666668
1 0.5494791666666666 0.36328125 0.028645833333333332 0.0234375