1 0.5247395833333334 0.5963541666666666 0.036458333333333336 0.052083333333333336
1 0.4127604166666667 0.6341145833333334 0.0390625 0.046875
1 0.34765625 0.5625 0.033854166666666664 0.03125
1 0.56640625 0.35546875 0.028645833333333332 0.036458333333333336
1 0.6393229166666666 0.515625 0.041666666666666664 0.03125
1 0.546875 0.3580729166666667 0.020833333333333332 0.044270833333333336
1 0.5013020833333334 0.55859375 0.03125 0.049479166666666664
1 0.6549479166666666 0.86328125 0.041666666666666664 0.028645833333333332
1 0.4765625 0.8854166666666666 0.033854166666666664 0.033854166666666664
1 0.4622395833333333 0.8580729166666666 0.028645833333333332 0.044270833333333336
1 0.4817708333333333 0.9127604166666666 0.044270833333333336 0.036458333333333336
1 0.5260416666666666 0.7265625 0.020833333333333332 0.036458333333333336
1 0.6171875 0.8385416666666666 0.041666666666666664 0.041666666666666664
1 0.4283854166666667 0.7278645833333334 0.0234375 0.036458333333333336
1 0.5598958333333334 0.73046875 0.03125 0.028645833333333332
1 0.4921875 0.7174479166666666 0.041666666666666664 0.0390625
1 0.5260416666666666 0.7005208333333334 0.03125 0.046875
1 0.6458333333333334 0.61328125 0.015625 0.028645833333333332
1 0.6302083333333334 0.5716145833333334 0.028645833333333332 0.044270833333333336
1 0.609375 0.6145833333333334 0.020833333333333332 0.036458333333333336
1 0.6145833333333334 0.5182291666666666 0.020833333333333332 0.036458333333333336
1 0.60546875 0.56640625 0.028645833333333332 0.026041666666666668
1 0.4348958333333333 0.6927083333333334 0.033854166666666664 0.028645833333333332
1 0.4817708333333333 0.4856770833333333 0.026041666666666668 0.044270833333333336
1 0.26171875 0.5130208333333334 0.036458333333333336 0.0546875
1 0.6041666666666666 0.3697916666666667 0.041666666666666664 0.028645833333333332
1 0.5364583333333334 0.4153645833333333 0.026041666666666668 0.0546875
1 0.3111979166666667 0.3984375 0.026041666666666668 0.03125
1 0.421875 0.33203125 0.026041666666666668 0.044270833333333336
1 0.3385416666666667 0.2552083333333333 0.03125 0.049479166666666664
1 0.17838541666666666 0.16666666666666666 0.046875 0.049479166666666664
1 0.17057291666666666 0.0859375 0.026041666666666668 0.0390625
1 0.4036458333333333 0.8229166666666666 0.046875 0.0390625
1 0.2109375 0.40625 0.033854166666666664 0.0390625
1 0.5768229166666666 0.64453125 0.036458333333333336 0.028645833333333332
1 0.31640625 0.5260416666666666 0.026041666666666668 0.049479166666666664
1 0.5104166666666666 0.9427083333333334 0.033854166666666664 0.020833333333333332
1 0.3424479166666667 0.4518229166666667 0.0234375 0.036458333333333336
1 0.2708333333333333 0.23177083333333334 0.033854166666666664 0.03125
1 0.5768229166666666 0.4153645833333333 0.033854166666666664 0.059895833333333336
1 0.3984375 0.4557291666666667 0.036458333333333336 0.026041666666666668
1 0.7005208333333334 0.7708333333333334 0.0390625 0.036458333333333336
1 0.6888020833333334 0.84765625 0.0234375 0.046875
1 0.6002604166666666 0.86328125 0.03125 0.046875
1 0.6315104166666666 0.8971354166666666 0.026041666666666668 0.03125
1 0.5338541666666666 0.8893229166666666 0.033854166666666664 0.046875
1 0.35546875 0.6705729166666666 0.03125 0.044270833333333336
1 0.6236979166666666 0.7682291666666666 0.0234375 0.036458333333333336
1 0.55078125 0.7708333333333334 0.046875 0.028645833333333332
1 0.5611979166666666 0.8489583333333334 0.049479166666666664 0.044270833333333336
1 0.7278645833333334 0.828125 0.044270833333333336 0.036458333333333336
1 0.7513020833333334 0.6744791666666666 0.046875 0.041666666666666664
1 0.6770833333333334 0.7096354166666666 0.041666666666666664 0.033854166666666664
1 0.4661458333333333 0.7395833333333334 0.0390625 0.028645833333333332
1 0.5690104166666666 0.6653645833333334 0.036458333333333336 0.026041666666666668
1 0.5690104166666666 0.47265625 0.026041666666666668 0.0390625
1 0.5611979166666666 0.5807291666666666 0.026041666666666668 0.0390625
1 0.4348958333333333 0.61328125 0.026041666666666668 0.046875
1 0.2513020833333333 0.4635416666666667 0.03125 0.06770833333333333
1 0.24739583333333334 0.53125 0.026041666666666668 0.046875
1 0.3098958333333333 0.5625 0.041666666666666664 0.049479166666666664
1 0.3346354166666667 0.3528645833333333 0.026041666666666668 0.041666666666666664
1 0.23958333333333334 0.18489583333333334 0.0234375 0.052083333333333336
1 0.4635416666666667 0.2877604166666667 0.03125 0.0390625
1 0.3932291666666667 0.21484375 0.041666666666666664 0.036458333333333336
1 0.18619791666666666 0.3046875 0.046875 0.028645833333333332
1 0.3815104166666667 0.17447916666666666 0.028645833333333332 0.041666666666666664
1 0.375 0.08984375 0.044270833333333336 0.0546875
1 0.3893229166666667 0.66015625 0.026041666666666668 0.03125
1 0.3372395833333333 0.3841145833333333 0.026041666666666668 0.0390625
1 0.71875 0.7526041666666666 0.026041666666666668 0.046875
1 0.35546875 0.31640625 0.026041666666666668 0.046875
1 0.5130208333333334 0.3958333333333333 0.026041666666666668 0.046875
1 0.4934895833333333 0.4752604166666667 0.018229166666666668 0.036458333333333336
1 0.7513020833333334 0.5950520833333334 0.041666666666666664 0.052083333333333336
1 0.6901041666666666 0.671875 0.03125 0.0546875
1 0.6731770833333334 0.8815104166666666 0.033854166666666664 0.0546875
1 0.5677083333333334 0.8854166666666666 0.041666666666666664 0.041666666666666664
1 0.5169270833333334 0.8372395833333334 0.020833333333333332 0.041666666666666664
1 0.7135416666666666 0.6822916666666666 0.03125 0.0390625
1 0.6861979166666666 0.7994791666666666 0.0234375 0.044270833333333336
1 0.6510416666666666 0.7994791666666666 0.033854166666666664 0.033854166666666664
1 0.5559895833333334 0.703125 0.028645833333333332 0.033854166666666664
1 0.4752604166666667 0.6953125 0.026041666666666668 0.041666666666666664
1 0.5325520833333334 0.6484375 0.028645833333333332 0.036458333333333336
1 0.6484375 0.5885416666666666 0.0234375 0.036458333333333336
1 0.5104166666666666 0.6184895833333334 0.0234375 0.046875
1 0.3645833333333333 0.5846354166666666 0.0390625 0.03125
1 0.3697916666666667 0.5299479166666666 0.03125 0.049479166666666664
1 0.234375 0.5716145833333334 0.0390625 0.052083333333333336
1 0.5950520833333334 0.4440104166666667 0.041666666666666664 0.049479166666666664
1 0.21354166666666666 0.4231770833333333 0.018229166666666668 0.03125
1 0.3671875 0.3098958333333333 0.026041666666666668 0.0390625
1 0.2877604166666667 0.2981770833333333 0.0390625 0.036458333333333336
1 0.4401041666666667 0.3671875 0.03125 0.033854166666666664
1 0.38671875 0.3346354166666667 0.020833333333333332 0.026041666666666668
1 0.36328125 0.19791666666666666 0.03125 0.0390625
1 0.21875 0.25390625 0.028645833333333332 0.0546875
1 0.22135416666666666 0.16927083333333334 0.0234375 0.03125
1 0.15625 0.11458333333333333 0.036458333333333336 0.052083333333333336
1 0.22916666666666666 0.4427083333333333 0.03125 0.049479166666666664
1 0.359375 0.4127604166666667 0.028645833333333332 0.052083333333333336
1 0.5260416666666666 0.9153645833333334 0.036458333333333336 0.036458333333333336
1 0.44140625 0.82421875 0.033854166666666664 0.033854166666666664
1 0.6276041666666666 0.7955729166666666 0.033854166666666664 0.026041666666666668
1 0.7005208333333334 0.80859375 0.0234375 0.0234375
1 0.60546875 0.9192708333333334 0.033854166666666664 0.036458333333333336
1 0.38671875 0.7838541666666666 0.028645833333333332 0.044270833333333336
1 0.375 0.7135416666666666 0.03125 0.06510416666666667
1 0.59765625 0.7877604166666666 0.028645833333333332 0.036458333333333336
1 0.7317708333333334 0.6940104166666666 0.026041666666666668 0.046875
1 0.6770833333333334 0.73828125 0.036458333333333336 0.028645833333333332
1 0.6002604166666666 0.765625 0.026041666666666668 0.026041666666666668
1 0.6184895833333334 0.6927083333333334 0.036458333333333336 0.026041666666666668
1 0.7057291666666666 0.578125 0.03125 0.044270833333333336
1 0.61328125 0.6419270833333334 0.036458333333333336 0.03125
1 0.6432291666666666 0.4700520833333333 0.033854166666666664 0.03125
1 0.5572916666666666 0.4908854166666667 0.0234375 0.041666666666666664
1 0.4166666666666667 0.7018229166666666 0.046875 0.044270833333333336
1 0.3359375 0.5026041666666666 0.033854166666666664 0.052083333333333336
1 0.4856770833333333 0.3893229166666667 0.026041666666666668 0.046875
1 0.42578125 0.2825520833333333 0.028645833333333332 0.036458333333333336
1 0.4205729166666667 0.38671875 0.03125 0.044270833333333336
1 0.5143229166666666 0.2942708333333333 0.028645833333333332 0.028645833333333332
1 0.4752604166666667 0.265625 0.0390625 0.033854166666666664
1 0.26953125 0.2109375 0.044270833333333336 0.049479166666666664
1 0.2825520833333333 0.4114583333333333 0.033854166666666664 0.0390625
1 0.7552083333333334 0.9388020833333334 0.033854166666666664 0.0390625
1 0.5169270833333334 0.49609375 0.03125 0.0546875
1 0.55859375 0.91796875 0.033854166666666664 0.026041666666666668
1 0.4466145833333333 0.5494791666666666 0.03125 0.059895833333333336
1 0.6510416666666666 0.8294270833333334 0.044270833333333336 0.026041666666666668
1 0.45703125 0.7669270833333334 0.036458333333333336 0.026041666666666668
1 0.5403645833333334 0.5625 0.044270833333333336 0.044270833333333336
1 0.5598958333333334 0.62109375 0.0390625 0.028645833333333332
1 0.4036458333333333 0.5716145833333334 0.0390625 0.044270833333333336
1 0.6471354166666666 0.4270833333333333 0.0390625 0.044270833333333336
1 0.4296875 0.51171875 0.0390625 0.03125
1 0.5872395833333334 0.3854166666666667 0.03125 0.044270833333333336
1 0.2786458333333333 0.4518229166666667 0.033854166666666664 0.041666666666666664
1 0.2864583333333333 0.47265625 0.036458333333333336 0.041666666666666664
1 0.3932291666666667 0.4192708333333333 0.026041666666666668 0.0390625
1 0.3815104166666667 0.4166666666666667 0.028645833333333332 0.041666666666666664
1 0.4401041666666667 0.3359375 0.020833333333333332 0.036458333333333336
1 0.4036458333333333 0.34375 0.028645833333333332 0.018229166666666668
1 0.3828125 0.3723958333333333 0.028645833333333332 0.052083333333333336
1 0.24088541666666666 0.22395833333333334 0.020833333333333332 0.0390625
1 0.2552083333333333 0.2890625 0.020833333333333332 0.036458333333333336
1 0.23307291666666666 0.27734375 0.036458333333333336 0.03125
1 0.31640625 0.2864583333333333 0.028645833333333332 0.044270833333333336
1 0.3372395833333333 0.30859375 0.033854166666666664 0.041666666666666664
1 0.5104166666666666 0.3138020833333333 0.028645833333333332 0.044270833333333336
1 0.484375 0.3216145833333333 0.0390625 0.026041666666666668
1 0.4296875 0.22916666666666666 0.036458333333333336 0.052083333333333336
1 0.43359375 0.27734375 0.03125 0.046875
1 0.21484375 0.3125 0.036458333333333336 0.059895833333333336
1 0.20963541666666666 0.15234375 0.0390625 0.041666666666666664
1 0.296875 0.3229166666666667 0.036458333333333336 0.026041666666666668
1 0.34375 0.5286458333333334 0.0234375 0.044270833333333336
1 0.20442708333333334 0.6471354166666666 0.028645833333333332 0.033854166666666664
1 0.5716145833333334 0.3020833333333333 0.028645833333333332 0.049479166666666664
1 0.6158854166666666 0.4153645833333333 0.03125 0.0625
1 0.6575520833333334 0.40234375 0.044270833333333336 0.033854166666666664
1 0.7265625 0.5520833333333334 0.044270833333333336 0.052083333333333336
1 0.55078125 0.9348958333333334 0.036458333333333336 0.026041666666666668
1 0.4505208333333333 0.9010416666666666 0.041666666666666664 0.028645833333333332
1 0.296875 0.8359375 0.052083333333333336 0.03125
1 0.71484375 0.7083333333333334 0.028645833333333332 0.03125
1 0.625 0.7109375 0.03125 0.033854166666666664
1 0.5 0.734375 0.028645833333333332 0.020833333333333332
1 0.6223958333333334 0.7395833333333334 0.044270833333333336 0.028645833333333332
1 0.5872395833333334 0.7200520833333334 0.036458333333333336 0.046875
1 0.5403645833333334 0.671875 0.046875 0.041666666666666664
1 0.6458333333333334 0.6341145833333334 0.028645833333333332 0.0234375
1 0.5833333333333334 0.5559895833333334 0.0234375 0.041666666666666664
1 0.59375 0.50390625 0.033854166666666664 0.041666666666666664
1 0.4947916666666667 0.6276041666666666 0.028645833333333332 0.020833333333333332
1 0.5364583333333334 0.4817708333333333 0.028645833333333332 0.052083333333333336
1 0.2786458333333333 0.4986979166666667 0.033854166666666664 0.041666666666666664
1 0.3333333333333333 0.4075520833333333 0.026041666666666668 0.044270833333333336
1 0.3658854166666667 0.3723958333333333 0.026041666666666668 0.057291666666666664
1 0.2708333333333333 0.34375 0.03125 0.044270833333333336
1 0.3190104166666667 0.4309895833333333 0.028645833333333332 0.036458333333333336
1 0.5286458333333334 0.8268229166666666 0.0234375 0.036458333333333336
1 0.3255208333333333 0.30078125 0.026041666666666668 0.044270833333333336
1 0.4361979166666667 0.4205729166666667 0.044270833333333336 0.036458333333333336
1 0.59375 0.3528645833333333 0.044270833333333336 0.03125
1 0.5611979166666666 0.3098958333333333 0.03125 0.046875
1 0.5494791666666666 0.4010416666666667 0.026041666666666668 0.03125
1 0.4817708333333333 0.6158854166666666 0.041666666666666664 0.028645833333333332
1 0.4296875 0.76953125 0.026041666666666668 0.0390625
1 0.4830729166666667 0.8072916666666666 0.026041666666666668 0.041666666666666664
1 0.5755208333333334 0.8216145833333334 0.046875 0.046875
1 0.625 0.8072916666666666 0.028645833333333332 0.028645833333333332
1 0.66796875 0.7903645833333334 0.028645833333333332 0.041666666666666664
1 0.6419270833333334 0.7630208333333334 0.03125 0.036458333333333336
1 0.67578125 0.75 0.033854166666666664 0.026041666666666668
1 0.44140625 0.67578125 0.018229166666666668 0.028645833333333332
1 0.4856770833333333 0.7682291666666666 0.044270833333333336 0.049479166666666664
1 0.5859375 0.7486979166666666 0.03125 0.033854166666666664
1 0.5703125 0.7434895833333334 0.018229166666666668 0.033854166666666664
1 0.5104166666666666 0.7708333333333334 0.0234375 0.041666666666666664
1 0.5950520833333334 0.5416666666666666 0.03125 0.041666666666666664
1 0.5677083333333334 0.5520833333333334 0.026041666666666668 0.0546875
1 0.3971354166666667 0.6184895833333334 0.026041666666666668 0.044270833333333336
1 0.3671875 0.640625 0.028645833333333332 0.0546875
1 0.4908854166666667 0.5260416666666666 0.036458333333333336 0.026041666666666668
1 0.3528645833333333 0.484375 0.020833333333333332 0.036458333333333336
1 0.3151041666666667 0.4127604166666667 0.028645833333333332 0.036458333333333336
1 0.45703125 0.33984375 0.020833333333333332 0.028645833333333332
1 0.23828125 0.3333333333333333 0.026041666666666668 0.0390625
1 0.15494791666666666 0.17838541666666666 0.028645833333333332 0.059895833333333336
1 0.06901041666666667 0.2877604166666667 0.0234375 0.036458333333333336
1 0.6328125 0.3776041666666667 0.036458333333333336 0.052083333333333336
1 0.6302083333333334 0.66796875 0.044270833333333336 0.03125
1 0.73046875 0.859375 0.0390625 0.041666666666666664
1 0.62890625 0.8763020833333334 0.026041666666666668 0.036458333333333336
1 0.50390625 0.8828125 0.033854166666666664 0.026041666666666668
1 0.3515625 0.6953125 0.020833333333333332 0.041666666666666664
1 0.4713541666666667 0.8333333333333334 0.033854166666666664 0.033854166666666664
1 0.5520833333333334 0.7903645833333334 0.044270833333333336 0.028645833333333332
1 0.65234375 0.7174479166666666 0.028645833333333332 0.046875
1 0.640625 0.7044270833333334 0.028645833333333332 0.0390625
1 0.4635416666666667 0.5911458333333334 0.028645833333333332 0.036458333333333336
1 0.6888020833333334 0.6119791666666666 0.033854166666666664 0.0390625
1 0.6041666666666666 0.53515625 0.026041666666666668 0.0390625
1 0.6666666666666666 0.5390625 0.026041666666666668 0.046875
1 0.6666666666666666 0.4934895833333333 0.03125 0.033854166666666664
1 0.49609375 0.6510416666666666 0.028645833333333332 0.044270833333333336
1 0.5794270833333334 0.6119791666666666 0.041666666666666664 0.0390625
1 0.42578125 0.5638020833333334 0.028645833333333332 0.0546875
1 0.33984375 0.58984375 0.026041666666666668 0.0546875
1 0.375 0.4986979166666667 0.0234375 0.036458333333333336
1 0.3111979166666667 0.3424479166666667 0.018229166666666668 0.026041666666666668
1 0.22395833333333334 0.3619791666666667 0.018229166666666668 0.0234375
1 0.4088541666666667 0.25390625 0.033854166666666664 0.020833333333333332
1 0.3125 0.4557291666666667 0.026041666666666668 0.0234375
1 0.2682291666666667 0.3841145833333333 0.033854166666666664 0.041666666666666664
1 0.3958333333333333 0.23567708333333334 0.049479166666666664 0.0390625
1 0.3932291666666667 0.2942708333333333 0.028645833333333332 0.0546875
1 0.30859375 0.24869791666666666 0.026041666666666668 0.044270833333333336