1 0.63671875 0.4283854166666667 0.049479166666666664 0.057291666666666664
1 0.7434895833333334 0.49609375 0.044270833333333336 0.0703125
1 0.5338541666666666 0.5234375 0.026041666666666668 0.059895833333333336
1 0.609375 0.5494791666666666 0.028645833333333332 0.07291666666666667
1 0.7565104166666666 0.5299479166666666 0.0390625 0.049479166666666664
1 0.7981770833333334 0.4817708333333333 0.041666666666666664 0.0703125
1 0.515625 0.47265625 0.033854166666666664 0.078125
1 0.6822916666666666 0.51953125 0.041666666666666664 0.08072916666666667
1 0.48046875 0.5950520833333334 0.033854166666666664 0.059895833333333336
1 0.59765625 0.4765625 0.0390625 0.08072916666666667
1 0.6484375 0.4635416666666667 0.049479166666666664 0.049479166666666664
1 0.72265625 0.5065104166666666 0.03125 0.08072916666666667
1 0.546875 0.3463541666666667 0.028645833333333332 0.07552083333333333