1 0.34375 0.25390625 0.08072916666666667 0.0625
1 0.4309895833333333 0.19401041666666666 0.08854166666666667 0.049479166666666664
1 0.3138020833333333 0.13932291666666666 0.08072916666666667 0.0703125
1 0.46875 0.24348958333333334 0.06510416666666667 0.057291666666666664
1 0.5143229166666666 0.26171875 0.06770833333333333 0.059895833333333336
1 0.55859375 0.2265625 0.046875 0.059895833333333336
1 0.3450520833333333 0.3450520833333333 0.09114583333333333 0.07291666666666667
1 0.515625 0.21875 0.06510416666666667 0.057291666666666664
1 0.5416666666666666 0.17578125 0.06770833333333333 0.052083333333333336
1 0.18880208333333334 0.4049479166666667 0.09375 0.06510416666666667
1 0.5403645833333334 0.2109375 0.046875 0.044270833333333336