1 0.6484375 0.45703125 0.015625 0.049479166666666664
1 0.5325520833333334 0.4075520833333333 0.020833333333333332 0.046875
1 0.3424479166666667 0.4765625 0.036458333333333336 0.026041666666666668
1 0.5807291666666666 0.4752604166666667 0.028645833333333332 0.044270833333333336
1 0.37109375 0.4114583333333333 0.018229166666666668 0.0390625
1 0.46484375 0.5690104166666666 0.03125 0.0234375
1 0.6119791666666666 0.52734375 0.03125 0.028645833333333332
1 0.5234375 0.4973958333333333 0.03125 0.026041666666666668
1 0.4283854166666667 0.7161458333333334 0.020833333333333332 0.020833333333333332
1 0.5611979166666666 0.3854166666666667 0.015625 0.041666666666666664
1 0.56640625 0.5963541666666666 0.020833333333333332 0.049479166666666664
1 0.7747395833333334 0.4036458333333333 0.028645833333333332 0.0546875
1 0.56640625 0.7096354166666666 0.026041666666666668 0.044270833333333336
1 0.41015625 0.2721354166666667 0.028645833333333332 0.036458333333333336
1 0.3333333333333333 0.359375 0.028645833333333332 0.046875
1 0.3984375 0.5065104166666666 0.026041666666666668 0.044270833333333336
1 0.7434895833333334 0.4361979166666667 0.033854166666666664 0.0390625
1 0.6627604166666666 0.3997395833333333 0.0390625 0.020833333333333332
1 0.4713541666666667 0.296875 0.0390625 0.020833333333333332
1 0.4205729166666667 0.3489583333333333 0.044270833333333336 0.036458333333333336
1 0.5911458333333334 0.4283854166666667 0.015625 0.0390625
1 0.4661458333333333 0.4674479166666667 0.03125 0.03125
1 0.3802083333333333 0.61328125 0.0234375 0.026041666666666668
1 0.4270833333333333 0.3997395833333333 0.018229166666666668 0.052083333333333336
1 0.5950520833333334 0.41015625 0.028645833333333332 0.033854166666666664
1 0.6158854166666666 0.4635416666666667 0.0234375 0.049479166666666664
1 0.39453125 0.46875 0.020833333333333332 0.0546875
1 0.4427083333333333 0.3971354166666667 0.013020833333333334 0.049479166666666664
1 0.5859375 0.3372395833333333 0.015625 0.052083333333333336
1 0.6419270833333334 0.296875 0.03125 0.033854166666666664
1 0.5768229166666666 0.4348958333333333 0.018229166666666668 0.052083333333333336
1 0.5768229166666666 0.5572916666666666 0.026041666666666668 0.041666666666666664
1 0.4440104166666667 0.3190104166666667 0.020833333333333332 0.049479166666666664
1 0.7578125 0.4010416666666667 0.026041666666666668 0.036458333333333336
1 0.3541666666666667 0.56640625 0.026041666666666668 0.052083333333333336
1 0.4583333333333333 0.5442708333333334 0.028645833333333332 0.028645833333333332
1 0.2708333333333333 0.4049479166666667 0.036458333333333336 0.041666666666666664
1 0.6861979166666666 0.4140625 0.033854166666666664 0.0234375