1 0.6640625 0.4674479166666667 0.046875 0.049479166666666664
1 0.5611979166666666 0.6666666666666666 0.052083333333333336 0.0625
1 0.5533854166666666 0.6080729166666666 0.044270833333333336 0.046875
1 0.4609375 0.3802083333333333 0.046875 0.06510416666666667
1 0.4674479166666667 0.2708333333333333 0.0625 0.041666666666666664
1 0.5638020833333334 0.58984375 0.033854166666666664 0.0703125
1 0.4973958333333333 0.4296875 0.0625 0.049479166666666664
1 0.5598958333333334 0.53515625 0.052083333333333336 0.044270833333333336
1 0.5989583333333334 0.5533854166666666 0.046875 0.0625
1 0.6471354166666666 0.5846354166666666 0.0546875 0.0546875
1 0.5481770833333334 0.2942708333333333 0.0546875 0.052083333333333336
1 0.5247395833333334 0.5052083333333334 0.036458333333333336 0.06510416666666667
1 0.6432291666666666 0.5 0.036458333333333336 0.059895833333333336
1 0.4205729166666667 0.3307291666666667 0.044270833333333336 0.057291666666666664
1 0.53125 0.66015625 0.028645833333333332 0.0546875
1 0.3294270833333333 0.40625 0.059895833333333336 0.044270833333333336
1 0.51171875 0.390625 0.052083333333333336 0.046875
1 0.4895833333333333 0.3450520833333333 0.044270833333333336 0.078125
1 0.3203125 0.4505208333333333 0.0546875 0.06770833333333333
1 0.3958333333333333 0.4361979166666667 0.0625 0.06770833333333333
1 0.4296875 0.40234375 0.0390625 0.08072916666666667
1 0.4283854166666667 0.5572916666666666 0.046875 0.07552083333333333
1 0.44140625 0.5091145833333334 0.036458333333333336 0.07291666666666667
1 0.4700520833333333 0.4908854166666667 0.0546875 0.057291666666666664
1 0.4140625 0.4895833333333333 0.049479166666666664 0.07552083333333333
1 0.7239583333333334 0.484375 0.049479166666666664 0.057291666666666664
1 0.3763020833333333 0.3984375 0.06770833333333333 0.0625
1 0.55859375 0.4635416666666667 0.041666666666666664 0.07291666666666667
1 0.4934895833333333 0.5677083333333334 0.052083333333333336 0.06510416666666667
1 0.6432291666666666 0.4440104166666667 0.044270833333333336 0.057291666666666664
1 0.5221354166666666 0.5833333333333334 0.03125 0.057291666666666664
1 0.45703125 0.3294270833333333 0.046875 0.059895833333333336
1 0.4947916666666667 0.51171875 0.052083333333333336 0.08072916666666667
1 0.73828125 0.5924479166666666 0.036458333333333336 0.0703125
1 0.7213541666666666 0.51953125 0.033854166666666664 0.0625
1 0.5104166666666666 0.3346354166666667 0.0390625 0.06770833333333333
1 0.7044270833333334 0.50390625 0.03125 0.052083333333333336
1 0.3736979166666667 0.5533854166666666 0.049479166666666664 0.052083333333333336
1 0.3971354166666667 0.2942708333333333 0.057291666666666664 0.036458333333333336
1 0.5325520833333334 0.421875 0.049479166666666664 0.036458333333333336
1 0.4453125 0.3984375 0.033854166666666664 0.06770833333333333