1 0.6393229166666666 0.21223958333333334 0.052083333333333336 0.1484375
1 0.22526041666666666 0.75390625 0.049479166666666664 0.13802083333333334
1 0.671875 0.7786458333333334 0.041666666666666664 0.052083333333333336
1 0.37890625 0.3893229166666667 0.041666666666666664 0.059895833333333336
1 0.20182291666666666 0.4674479166666667 0.044270833333333336 0.1484375
1 0.47265625 0.4036458333333333 0.0234375 0.08854166666666667
1 0.5169270833333334 0.04296875 0.046875 0.07552083333333333
1 0.24348958333333334 0.37890625 0.033854166666666664 0.1015625
1 0.2565104166666667 0.234375 0.0625 0.041666666666666664
1 0.5651041666666666 0.6770833333333334 0.046875 0.044270833333333336
1 0.16276041666666666 0.4700520833333333 0.049479166666666664 0.0390625
1 0.5885416666666666 0.5989583333333334 0.0859375 0.09895833333333333
1 0.2786458333333333 0.4075520833333333 0.057291666666666664 0.08072916666666667
1 0.6184895833333334 0.50390625 0.059895833333333336 0.046875
1 0.6263020833333334 0.6419270833333334 0.026041666666666668 0.036458333333333336
1 0.6510416666666666 0.6315104166666666 0.036458333333333336 0.0703125
1 0.58203125 0.5377604166666666 0.046875 0.0390625
1 0.2669270833333333 0.4752604166666667 0.041666666666666664 0.078125
1 0.41796875 0.6276041666666666 0.041666666666666664 0.0625
1 0.1640625 0.8880208333333334 0.046875 0.12239583333333333
1 0.6848958333333334 0.8697916666666666 0.033854166666666664 0.0625
1 0.62109375 0.9153645833333334 0.026041666666666668 0.08072916666666667
1 0.21614583333333334 0.3619791666666667 0.057291666666666664 0.07291666666666667
1 0.4153645833333333 0.5716145833333334 0.044270833333333336 0.0546875
1 0.78125 0.3125 0.06510416666666667 0.11197916666666667
1 0.35546875 0.4856770833333333 0.028645833333333332 0.078125
1 0.6588541666666666 0.859375 0.052083333333333336 0.1171875
1 0.16276041666666666 0.3567708333333333 0.052083333333333336 0.19791666666666666
1 0.6770833333333334 0.3190104166666667 0.09375 0.07552083333333333
1 0.6744791666666666 0.3541666666666667 0.044270833333333336 0.078125
1 0.61328125 0.54296875 0.028645833333333332 0.06770833333333333
1 0.58984375 0.6497395833333334 0.07552083333333333 0.052083333333333336
1 0.2864583333333333 0.328125 0.0390625 0.125
1 0.6627604166666666 0.7942708333333334 0.041666666666666664 0.052083333333333336