1 0.6640625 0.76953125 0.044270833333333336 0.09114583333333333
1 0.4973958333333333 0.3671875 0.0546875 0.057291666666666664
1 0.4622395833333333 0.359375 0.0546875 0.052083333333333336
1 0.65234375 0.7890625 0.057291666666666664 0.08854166666666667
1 0.38671875 0.75390625 0.0703125 0.06770833333333333
1 0.5924479166666666 0.6640625 0.06510416666666667 0.0546875
1 0.2955729166666667 0.3645833333333333 0.0390625 0.07291666666666667
1 0.3958333333333333 0.796875 0.044270833333333336 0.036458333333333336
1 0.37890625 0.4140625 0.059895833333333336 0.0703125
1 0.4322916666666667 0.25 0.057291666666666664 0.078125
1 0.6783854166666666 0.8424479166666666 0.0546875 0.049479166666666664
1 0.4557291666666667 0.71484375 0.06510416666666667 0.09114583333333333
1 0.49609375 0.4166666666666667 0.044270833333333336 0.08333333333333333
1 0.2734375 0.17447916666666666 0.0703125 0.07552083333333333
1 0.24739583333333334 0.6263020833333334 0.046875 0.08072916666666667
1 0.6458333333333334 0.7447916666666666 0.041666666666666664 0.08072916666666667
1 0.4388020833333333 0.65625 0.052083333333333336 0.044270833333333336
1 0.62109375 0.6783854166666666 0.059895833333333336 0.057291666666666664
1 0.4635416666666667 0.30859375 0.0546875 0.0859375
1 0.71875 0.9114583333333334 0.044270833333333336 0.08854166666666667
1 0.4466145833333333 0.31640625 0.041666666666666664 0.07552083333333333