1 0.48046875 0.7122395833333334 0.0390625 0.028645833333333332
1 0.3815104166666667 0.41015625 0.03125 0.036458333333333336
1 0.5299479166666666 0.3997395833333333 0.049479166666666664 0.044270833333333336
1 0.5625 0.6380208333333334 0.0859375 0.041666666666666664
1 0.453125 0.625 0.028645833333333332 0.0390625
1 0.2864583333333333 0.4934895833333333 0.049479166666666664 0.03125
1 0.6979166666666666 0.4010416666666667 0.033854166666666664 0.0234375
1 0.6653645833333334 0.53125 0.036458333333333336 0.03125
1 0.3033854166666667 0.6302083333333334 0.049479166666666664 0.041666666666666664
1 0.5234375 0.51171875 0.046875 0.041666666666666664
1 0.3776041666666667 0.5455729166666666 0.0390625 0.026041666666666668