1 0.4765625 0.5143229166666666 0.018229166666666668 0.03125
1 0.5169270833333334 0.23828125 0.036458333333333336 0.041666666666666664
1 0.46875 0.5455729166666666 0.015625 0.026041666666666668
1 0.4739583333333333 0.6549479166666666 0.020833333333333332 0.0703125
1 0.4934895833333333 0.7161458333333334 0.028645833333333332 0.059895833333333336
1 0.5677083333333334 0.3854166666666667 0.0546875 0.03125
1 0.5559895833333334 0.5924479166666666 0.03125 0.018229166666666668
1 0.5520833333333334 0.4544270833333333 0.0234375 0.046875
1 0.5403645833333334 0.6966145833333334 0.033854166666666664 0.046875
1 0.46484375 0.2877604166666667 0.041666666666666664 0.0546875
1 0.4140625 0.421875 0.036458333333333336 0.0625
1 0.6354166666666666 0.5065104166666666 0.03125 0.036458333333333336
1 0.5013020833333334 0.6119791666666666 0.049479166666666664 0.033854166666666664
1 0.5950520833333334 0.5403645833333334 0.03125 0.057291666666666664
1 0.4739583333333333 0.7369791666666666 0.028645833333333332 0.06510416666666667
1 0.6041666666666666 0.2799479166666667 0.0390625 0.059895833333333336
1 0.5065104166666666 0.6393229166666666 0.044270833333333336 0.06770833333333333
1 0.50390625 0.39453125 0.033854166666666664 0.06510416666666667
1 0.40625 0.47265625 0.052083333333333336 0.041666666666666664
1 0.5651041666666666 0.5013020833333334 0.020833333333333332 0.046875
1 0.4856770833333333 0.4401041666666667 0.036458333333333336 0.044270833333333336
1 0.4986979166666667 0.5520833333333334 0.028645833333333332 0.046875
1 0.51171875 0.7565104166666666 0.028645833333333332 0.052083333333333336
1 0.515625 0.4596354166666667 0.020833333333333332 0.049479166666666664
1 0.4791666666666667 0.33203125 0.0234375 0.041666666666666664
1 0.5182291666666666 0.6875 0.020833333333333332 0.044270833333333336
1 0.5104166666666666 0.4856770833333333 0.033854166666666664 0.057291666666666664
1 0.4244791666666667 0.4986979166666667 0.041666666666666664 0.036458333333333336
1 0.5390625 0.6419270833333334 0.033854166666666664 0.059895833333333336
1 0.6197916666666666 0.4361979166666667 0.036458333333333336 0.06510416666666667
1 0.53515625 0.4921875 0.033854166666666664 0.052083333333333336
1 0.5364583333333334 0.3424479166666667 0.026041666666666668 0.059895833333333336
1 0.5625 0.5559895833333334 0.046875 0.03125
1 0.6888020833333334 0.3723958333333333 0.0234375 0.049479166666666664
1 0.5716145833333334 0.2838541666666667 0.033854166666666664 0.06510416666666667
1 0.52734375 0.2994791666666667 0.046875 0.0234375
1 0.5182291666666666 0.28125 0.046875 0.03125
1 0.5208333333333334 0.5325520833333334 0.020833333333333332 0.028645833333333332
1 0.8125 0.2890625 0.059895833333333336 0.049479166666666664
1 0.49609375 0.3489583333333333 0.0390625 0.033854166666666664
1 0.515625 0.20572916666666666 0.041666666666666664 0.041666666666666664
1 0.44140625 0.5729166666666666 0.0390625 0.03125
1 0.44921875 0.52734375 0.0390625 0.052083333333333336
1 0.55078125 0.5442708333333334 0.033854166666666664 0.044270833333333336
1 0.5690104166666666 0.4544270833333333 0.026041666666666668 0.0625
1 0.5377604166666666 0.390625 0.028645833333333332 0.049479166666666664
1 0.7578125 0.3125 0.0390625 0.049479166666666664
1 0.55859375 0.6145833333333334 0.033854166666666664 0.020833333333333332
1 0.375 0.5065104166666666 0.0546875 0.028645833333333332
1 0.48828125 0.5364583333333334 0.03125 0.041666666666666664
1 0.5703125 0.3580729166666667 0.033854166666666664 0.041666666666666664
1 0.44140625 0.6692708333333334 0.03125 0.059895833333333336
1 0.5 0.3138020833333333 0.028645833333333332 0.052083333333333336
1 0.4856770833333333 0.2265625 0.03125 0.049479166666666664
1 0.4609375 0.5833333333333334 0.03125 0.046875
1 0.4661458333333333 0.4739583333333333 0.052083333333333336 0.044270833333333336
1 0.5026041666666666 0.5859375 0.049479166666666664 0.028645833333333332
1 0.4401041666666667 0.44140625 0.026041666666666668 0.046875
1 0.4544270833333333 0.6432291666666666 0.020833333333333332 0.06770833333333333
1 0.6614583333333334 0.21484375 0.036458333333333336 0.0546875