1 0.50390625 0.5989583333333334 0.026041666666666668 0.046875
1 0.38671875 0.61328125 0.03125 0.041666666666666664
1 0.3385416666666667 0.5299479166666666 0.028645833333333332 0.026041666666666668
1 0.5950520833333334 0.3723958333333333 0.020833333333333332 0.033854166666666664
1 0.6328125 0.5442708333333334 0.036458333333333336 0.0234375
1 0.5755208333333334 0.37109375 0.013020833333333334 0.041666666666666664
1 0.4895833333333333 0.5572916666666666 0.0234375 0.046875
1 0.5755208333333334 0.8880208333333334 0.036458333333333336 0.020833333333333332
1 0.3971354166666667 0.8723958333333334 0.028645833333333332 0.028645833333333332
1 0.3880208333333333 0.8424479166666666 0.020833333333333332 0.041666666666666664
1 0.3958333333333333 0.8997395833333334 0.036458333333333336 0.03125
1 0.4778645833333333 0.7265625 0.015625 0.033854166666666664
1 0.5442708333333334 0.85546875 0.033854166666666664 0.036458333333333336
1 0.3828125 0.7083333333333334 0.015625 0.033854166666666664
1 0.5104166666666666 0.73828125 0.026041666666666668 0.0234375
1 0.4466145833333333 0.7109375 0.036458333333333336 0.03125
1 0.4830729166666667 0.7018229166666666 0.0234375 0.041666666666666664
1 0.6197916666666666 0.640625 0.010416666666666666 0.026041666666666668
1 0.6119791666666666 0.59765625 0.020833333333333332 0.041666666666666664
1 0.5833333333333334 0.6354166666666666 0.013020833333333334 0.036458333333333336
1 0.6080729166666666 0.5416666666666666 0.015625 0.036458333333333336
1 0.58984375 0.5872395833333334 0.026041666666666668 0.020833333333333332
1 0.3958333333333333 0.6744791666666666 0.03125 0.0234375
1 0.4856770833333333 0.4817708333333333 0.018229166666666668 0.041666666666666664
1 0.2643229166666667 0.4635416666666667 0.026041666666666668 0.049479166666666664
1 0.62890625 0.39453125 0.036458333333333336 0.020833333333333332
1 0.5533854166666666 0.4244791666666667 0.015625 0.052083333333333336
1 0.3359375 0.3606770833333333 0.020833333333333332 0.028645833333333332
1 0.4583333333333333 0.3190104166666667 0.015625 0.041666666666666664
1 0.3932291666666667 0.2265625 0.020833333333333332 0.046875
1 0.2552083333333333 0.10677083333333333 0.0390625 0.041666666666666664
1 0.2643229166666667 0.026041666666666668 0.020833333333333332 0.036458333333333336
1 0.3385416666666667 0.7955729166666666 0.041666666666666664 0.03125
1 0.23697916666666666 0.34765625 0.026041666666666668 0.033854166666666664
1 0.5455729166666666 0.6575520833333334 0.03125 0.0234375
1 0.3151041666666667 0.4869791666666667 0.015625 0.046875
1 0.41796875 0.9348958333333334 0.03125 0.015625
1 0.35546875 0.4205729166666667 0.015625 0.033854166666666664
1 0.33203125 0.19010416666666666 0.028645833333333332 0.026041666666666668
1 0.5924479166666666 0.43359375 0.0234375 0.057291666666666664
1 0.41015625 0.4361979166666667 0.03125 0.020833333333333332
1 0.6393229166666666 0.8059895833333334 0.033854166666666664 0.03125
1 0.6119791666666666 0.87890625 0.015625 0.046875
1 0.5221354166666666 0.8763020833333334 0.0234375 0.041666666666666664
1 0.5455729166666666 0.9153645833333334 0.020833333333333332 0.028645833333333332
1 0.4518229166666667 0.8880208333333334 0.026041666666666668 0.041666666666666664
1 0.3229166666666667 0.63671875 0.0234375 0.0390625
1 0.5651041666666666 0.7877604166666666 0.015625 0.03125
1 0.4934895833333333 0.7760416666666666 0.041666666666666664 0.020833333333333332
1 0.4869791666666667 0.8541666666666666 0.041666666666666664 0.036458333333333336
1 0.6549479166666666 0.8684895833333334 0.0390625 0.03125
1 0.7096354166666666 0.72265625 0.041666666666666664 0.033854166666666664
1 0.6302083333333334 0.7421875 0.036458333333333336 0.026041666666666668
1 0.4166666666666667 0.7278645833333334 0.036458333333333336 0.020833333333333332
1 0.5338541666666666 0.67578125 0.033854166666666664 0.020833333333333332
1 0.5729166666666666 0.4869791666666667 0.020833333333333332 0.036458333333333336
1 0.54296875 0.5911458333333334 0.018229166666666668 0.036458333333333336
1 0.4127604166666667 0.59765625 0.015625 0.046875
1 0.2643229166666667 0.4127604166666667 0.015625 0.06510416666666667
1 0.24609375 0.4778645833333333 0.015625 0.046875
1 0.30078125 0.5221354166666666 0.03125 0.044270833333333336
1 0.3684895833333333 0.3216145833333333 0.020833333333333332 0.0390625
1 0.3111979166666667 0.13802083333333334 0.015625 0.052083333333333336
1 0.5078125 0.28515625 0.0234375 0.036458333333333336
1 0.4544270833333333 0.19921875 0.036458333333333336 0.028645833333333332
1 0.234375 0.24348958333333334 0.044270833333333336 0.020833333333333332
1 0.4518229166666667 0.15755208333333334 0.020833333333333332 0.036458333333333336
1 0.4635416666666667 0.07291666666666667 0.036458333333333336 0.049479166666666664
1 0.3580729166666667 0.6341145833333334 0.020833333333333332 0.026041666666666668
1 0.3645833333333333 0.3528645833333333 0.020833333333333332 0.036458333333333336
1 0.6614583333333334 0.79296875 0.018229166666666668 0.044270833333333336
1 0.3971354166666667 0.2903645833333333 0.018229166666666668 0.044270833333333336
1 0.5338541666666666 0.4010416666666667 0.015625 0.044270833333333336
1 0.4986979166666667 0.4739583333333333 0.010416666666666666 0.033854166666666664
1 0.7265625 0.6458333333333334 0.033854166666666664 0.046875
1 0.6497395833333334 0.70703125 0.020833333333333332 0.052083333333333336
1 0.58984375 0.9088541666666666 0.0234375 0.052083333333333336
1 0.4856770833333333 0.890625 0.036458333333333336 0.036458333333333336
1 0.4466145833333333 0.8333333333333334 0.013020833333333334 0.0390625
1 0.6705729166666666 0.72265625 0.0234375 0.033854166666666664
1 0.6197916666666666 0.83203125 0.015625 0.041666666666666664
1 0.5859375 0.82421875 0.028645833333333332 0.026041666666666668
1 0.5130208333333334 0.7109375 0.0234375 0.028645833333333332
1 0.4348958333333333 0.6861979166666666 0.020833333333333332 0.036458333333333336
1 0.5013020833333334 0.65234375 0.020833333333333332 0.033854166666666664
1 0.6263020833333334 0.6171875 0.015625 0.033854166666666664
1 0.4856770833333333 0.6184895833333334 0.015625 0.044270833333333336
1 0.3502604166666667 0.5546875 0.036458333333333336 0.026041666666666668
1 0.3658854166666667 0.5026041666666666 0.020833333333333332 0.046875
1 0.22526041666666666 0.5143229166666666 0.03125 0.046875
1 0.6041666666666666 0.46484375 0.03125 0.044270833333333336
1 0.23567708333333334 0.3658854166666667 0.013020833333333334 0.028645833333333332
1 0.41015625 0.2864583333333333 0.020833333333333332 0.036458333333333336
1 0.3346354166666667 0.2591145833333333 0.033854166666666664 0.03125
1 0.46875 0.3580729166666667 0.026041666666666668 0.03125
1 0.4231770833333333 0.3151041666666667 0.015625 0.0234375
1 0.4296875 0.17578125 0.026041666666666668 0.036458333333333336
1 0.2760416666666667 0.20052083333333334 0.020833333333333332 0.052083333333333336
1 0.2955729166666667 0.11848958333333333 0.018229166666666668 0.026041666666666668
1 0.24348958333333334 0.052083333333333336 0.026041666666666668 0.046875
1 0.24739583333333334 0.3880208333333333 0.020833333333333332 0.046875
1 0.3802083333333333 0.3854166666666667 0.020833333333333332 0.049479166666666664
1 0.4388020833333333 0.9114583333333334 0.03125 0.03125
1 0.375 0.8046875 0.028645833333333332 0.026041666666666668
1 0.5638020833333334 0.8151041666666666 0.03125 0.020833333333333332
1 0.6315104166666666 0.84375 0.020833333333333332 0.020833333333333332
1 0.515625 0.9322916666666666 0.028645833333333332 0.03125
1 0.3307291666666667 0.75390625 0.020833333333333332 0.041666666666666664
1 0.3333333333333333 0.6822916666666666 0.018229166666666668 0.0625
1 0.53515625 0.8020833333333334 0.0234375 0.03125
1 0.6861979166666666 0.73828125 0.015625 0.044270833333333336
1 0.6236979166666666 0.76953125 0.03125 0.020833333333333332
1 0.54296875 0.78125 0.020833333333333332 0.020833333333333332
1 0.5755208333333334 0.7135416666666666 0.033854166666666664 0.018229166666666668
1 0.6848958333333334 0.6197916666666666 0.026041666666666668 0.0390625
1 0.5807291666666666 0.6627604166666666 0.03125 0.026041666666666668
1 0.6458333333333334 0.5 0.028645833333333332 0.026041666666666668
1 0.55859375 0.5026041666666666 0.015625 0.041666666666666664
1 0.3763020833333333 0.6796875 0.041666666666666664 0.036458333333333336
1 0.3385416666666667 0.46875 0.026041666666666668 0.046875
1 0.5091145833333334 0.3893229166666667 0.015625 0.046875
1 0.47265625 0.2721354166666667 0.020833333333333332 0.03125
1 0.4453125 0.3723958333333333 0.0234375 0.041666666666666664
1 0.5572916666666666 0.3020833333333333 0.0234375 0.026041666666666668
1 0.5247395833333334 0.265625 0.033854166666666664 0.028645833333333332
1 0.3346354166666667 0.16927083333333334 0.036458333333333336 0.041666666666666664
1 0.3059895833333333 0.3684895833333333 0.026041666666666668 0.036458333333333336
1 0.6588541666666666 0.9817708333333334 0.026041666666666668 0.033854166666666664
1 0.5169270833333334 0.5 0.020833333333333332 0.052083333333333336
1 0.4700520833333333 0.9205729166666666 0.03125 0.020833333333333332
1 0.4375 0.5377604166666666 0.020833333333333332 0.057291666666666664
1 0.5794270833333334 0.8541666666666666 0.041666666666666664 0.015625
1 0.40234375 0.7526041666666666 0.03125 0.020833333333333332
1 0.5260416666666666 0.5690104166666666 0.036458333333333336 0.036458333333333336
1 0.5338541666666666 0.6315104166666666 0.036458333333333336 0.020833333333333332
1 0.390625 0.5494791666666666 0.03125 0.0390625
1 0.6588541666666666 0.4596354166666667 0.03125 0.036458333333333336
1 0.4283854166666667 0.49609375 0.033854166666666664 0.026041666666666668
1 0.609375 0.40625 0.020833333333333332 0.041666666666666664
1 0.29296875 0.40625 0.026041666666666668 0.036458333333333336
1 0.296875 0.4283854166666667 0.03125 0.036458333333333336
1 0.4127604166666667 0.3984375 0.020833333333333332 0.036458333333333336
1 0.4010416666666667 0.3932291666666667 0.020833333333333332 0.036458333333333336
1 0.4752604166666667 0.3268229166666667 0.015625 0.033854166666666664
1 0.4388020833333333 0.3268229166666667 0.026041666666666668 0.015625
1 0.4114583333333333 0.3502604166666667 0.018229166666666668 0.049479166666666664
1 0.3033854166666667 0.17578125 0.015625 0.036458333333333336
1 0.3046875 0.2421875 0.015625 0.036458333333333336
1 0.28515625 0.2265625 0.03125 0.026041666666666668
1 0.3645833333333333 0.2526041666666667 0.020833333333333332 0.041666666666666664
1 0.3802083333333333 0.2786458333333333 0.026041666666666668 0.036458333333333336
1 0.5494791666666666 0.3203125 0.020833333333333332 0.041666666666666664
1 0.5221354166666666 0.3229166666666667 0.036458333333333336 0.020833333333333332
1 0.48828125 0.22005208333333334 0.026041666666666668 0.046875
1 0.4817708333333333 0.2682291666666667 0.0234375 0.041666666666666664
1 0.2604166666666667 0.2578125 0.026041666666666668 0.057291666666666664
1 0.2877604166666667 0.09895833333333333 0.03125 0.036458333333333336
1 0.3385416666666667 0.28515625 0.03125 0.020833333333333332
1 0.3411458333333333 0.49609375 0.015625 0.041666666666666664
1 0.18098958333333334 0.58203125 0.0234375 0.03125
1 0.6106770833333334 0.3216145833333333 0.020833333333333332 0.046875
1 0.6315104166666666 0.44140625 0.020833333333333332 0.057291666666666664
1 0.6744791666666666 0.4375 0.041666666666666664 0.026041666666666668
1 0.7109375 0.59765625 0.036458333333333336 0.046875
1 0.4596354166666667 0.9361979166666666 0.033854166666666664 0.018229166666666668
1 0.3684895833333333 0.8815104166666666 0.036458333333333336 0.020833333333333332
1 0.23177083333333334 0.7864583333333334 0.046875 0.020833333333333332
1 0.6666666666666666 0.7486979166666666 0.026041666666666668 0.026041666666666668
1 0.578125 0.7317708333333334 0.026041666666666668 0.028645833333333332
1 0.4518229166666667 0.7291666666666666 0.026041666666666668 0.015625
1 0.5703125 0.7604166666666666 0.041666666666666664 0.020833333333333332
1 0.5390625 0.7330729166666666 0.026041666666666668 0.041666666666666664
1 0.50390625 0.6770833333333334 0.041666666666666664 0.03125
1 0.6145833333333334 0.6614583333333334 0.026041666666666668 0.018229166666666668
1 0.5703125 0.5716145833333334 0.015625 0.0390625
1 0.5911458333333334 0.5234375 0.026041666666666668 0.036458333333333336
1 0.46875 0.6236979166666666 0.026041666666666668 0.015625
1 0.5390625 0.4895833333333333 0.018229166666666668 0.049479166666666664
1 0.2838541666666667 0.453125 0.026041666666666668 0.036458333333333336
1 0.3567708333333333 0.375 0.018229166666666668 0.041666666666666664
1 0.3958333333333333 0.34765625 0.015625 0.0546875
1 0.30859375 0.2994791666666667 0.0234375 0.0390625
1 0.3372395833333333 0.39453125 0.020833333333333332 0.033854166666666664
1 0.4596354166666667 0.8255208333333334 0.015625 0.03125
1 0.37109375 0.26953125 0.018229166666666668 0.041666666666666664
1 0.4544270833333333 0.4088541666666667 0.0390625 0.028645833333333332
1 0.6223958333333334 0.375 0.0390625 0.0234375
1 0.5989583333333334 0.3268229166666667 0.0234375 0.041666666666666664
1 0.5690104166666666 0.4140625 0.020833333333333332 0.026041666666666668
1 0.4583333333333333 0.609375 0.0390625 0.020833333333333332
1 0.375 0.7486979166666666 0.020833333333333332 0.036458333333333336
1 0.4192708333333333 0.796875 0.020833333333333332 0.036458333333333336
1 0.5065104166666666 0.8307291666666666 0.041666666666666664 0.041666666666666664
1 0.55859375 0.8268229166666666 0.0234375 0.026041666666666668
1 0.6041666666666666 0.8190104166666666 0.020833333333333332 0.0390625
1 0.5846354166666666 0.7864583333333334 0.026041666666666668 0.03125
1 0.6197916666666666 0.78125 0.03125 0.020833333333333332
1 0.40625 0.66015625 0.015625 0.026041666666666668
1 0.4296875 0.7591145833333334 0.036458333333333336 0.041666666666666664
1 0.5325520833333334 0.76171875 0.026041666666666668 0.03125
1 0.5182291666666666 0.7526041666666666 0.013020833333333334 0.03125
1 0.4544270833333333 0.7669270833333334 0.015625 0.0390625
1 0.5846354166666666 0.5611979166666666 0.0234375 0.036458333333333336
1 0.5559895833333334 0.5651041666666666 0.015625 0.052083333333333336
1 0.375 0.5950520833333334 0.015625 0.041666666666666664
1 0.3411458333333333 0.609375 0.015625 0.052083333333333336
1 0.4856770833333333 0.5234375 0.03125 0.020833333333333332
1 0.359375 0.4544270833333333 0.013020833333333334 0.033854166666666664
1 0.3372395833333333 0.3763020833333333 0.020833333333333332 0.03125
1 0.4908854166666667 0.3346354166666667 0.015625 0.026041666666666668
1 0.2786458333333333 0.2825520833333333 0.020833333333333332 0.036458333333333336
1 0.22916666666666666 0.11328125 0.018229166666666668 0.057291666666666664
1 0.12239583333333333 0.203125 0.018229166666666668 0.03125
1 0.6549479166666666 0.4075520833333333 0.026041666666666668 0.046875
1 0.5924479166666666 0.69140625 0.0390625 0.026041666666666668
1 0.6510416666666666 0.8997395833333334 0.03125 0.036458333333333336
1 0.5481770833333334 0.89453125 0.018229166666666668 0.033854166666666664
1 0.4244791666666667 0.875 0.03125 0.020833333333333332
1 0.3138020833333333 0.66015625 0.010416666666666666 0.041666666666666664
1 0.40234375 0.8203125 0.026041666666666668 0.028645833333333332
1 0.4908854166666667 0.7955729166666666 0.041666666666666664 0.020833333333333332
1 0.6041666666666666 0.7447916666666666 0.020833333333333332 0.041666666666666664
1 0.5950520833333334 0.7291666666666666 0.020833333333333332 0.036458333333333336
1 0.4453125 0.58203125 0.020833333333333332 0.033854166666666664
1 0.6614583333333334 0.6484375 0.026041666666666668 0.036458333333333336
1 0.5950520833333334 0.5559895833333334 0.018229166666666668 0.036458333333333336
1 0.6549479166666666 0.5729166666666666 0.018229166666666668 0.041666666666666664
1 0.6640625 0.5286458333333334 0.026041666666666668 0.03125
1 0.46484375 0.6471354166666666 0.020833333333333332 0.041666666666666664
1 0.5546875 0.6263020833333334 0.036458333333333336 0.03125
1 0.4140625 0.546875 0.018229166666666668 0.052083333333333336
1 0.32421875 0.5546875 0.015625 0.052083333333333336
1 0.3776041666666667 0.47265625 0.018229166666666668 0.03125
1 0.34765625 0.3059895833333333 0.013020833333333334 0.0234375
1 0.2591145833333333 0.3072916666666667 0.015625 0.020833333333333332
1 0.4622395833333333 0.24088541666666666 0.03125 0.015625
1 0.3255208333333333 0.41796875 0.0234375 0.020833333333333332
1 0.296875 0.3385416666666667 0.026041666666666668 0.036458333333333336
1 0.453125 0.22005208333333334 0.044270833333333336 0.03125
1 0.4388020833333333 0.2760416666666667 0.018229166666666668 0.052083333333333336
1 0.3645833333333333 0.21484375 0.018229166666666668 0.041666666666666664