1 0.7356770833333334 0.484375 0.13541666666666666 0.140625
1 0.5846354166666666 0.7018229166666666 0.11979166666666667 0.11458333333333333
1 0.4505208333333333 0.9205729166666666 0.17708333333333334 0.10416666666666667
1 0.62109375 0.4609375 0.12239583333333333 0.11979166666666667
1 0.5325520833333334 0.9453125 0.1484375 0.109375
1 0.7565104166666666 0.7994791666666666 0.140625 0.11197916666666667
1 0.5690104166666666 0.5703125 0.09635416666666667 0.15885416666666666
1 0.7057291666666666 0.2799479166666667 0.109375 0.11979166666666667
1 0.6471354166666666 0.14973958333333334 0.09635416666666667 0.13802083333333334
1 0.6575520833333334 0.6927083333333334 0.1015625 0.07291666666666667
1 0.3736979166666667 0.9609375 0.1171875 0.06510416666666667
1 0.45703125 0.875 0.10416666666666667 0.059895833333333336
1 0.6822916666666666 0.640625 0.09375 0.0625
1 0.7278645833333334 0.09635416666666667 0.078125 0.09375
1 0.6588541666666666 0.58984375 0.09375 0.08854166666666667
1 0.7083333333333334 0.14713541666666666 0.13020833333333334 0.11458333333333333