1 0.6888020833333334 0.765625 0.052083333333333336 0.0625
1 0.6080729166666666 0.7018229166666666 0.06510416666666667 0.0703125
1 0.20963541666666666 0.4244791666666667 0.052083333333333336 0.09375
1 0.7994791666666666 0.11067708333333333 0.044270833333333336 0.1015625
1 0.6302083333333334 0.3606770833333333 0.07552083333333333 0.06510416666666667
1 0.62109375 0.10677083333333333 0.052083333333333336 0.10416666666666667
1 0.03515625 0.3919270833333333 0.059895833333333336 0.06510416666666667
1 0.12369791666666667 0.4466145833333333 0.078125 0.078125
1 0.12760416666666666 0.4283854166666667 0.049479166666666664 0.06510416666666667
1 0.6536458333333334 0.6627604166666666 0.08333333333333333 0.0546875
1 0.6940104166666666 0.98828125 0.059895833333333336 0.0234375
1 0.296875 0.6328125 0.0546875 0.08072916666666667
1 0.10807291666666667 0.5638020833333334 0.0859375 0.0703125
1 0.22265625 0.53125 0.033854166666666664 0.059895833333333336
1 0.81640625 0.5611979166666666 0.08333333333333333 0.09895833333333333
1 0.8958333333333334 0.7161458333333334 0.09635416666666667 0.046875
1 0.7591145833333334 0.8046875 0.08333333333333333 0.07291666666666667
1 0.15885416666666666 0.8580729166666666 0.078125 0.0546875
1 0.796875 0.6393229166666666 0.08333333333333333 0.0546875
1 0.5494791666666666 0.9700520833333334 0.052083333333333336 0.059895833333333336
1 0.3919270833333333 0.5638020833333334 0.07552083333333333 0.09375
1 0.6197916666666666 0.9557291666666666 0.06770833333333333 0.08854166666666667
1 0.19270833333333334 0.59765625 0.07291666666666667 0.10416666666666667
1 0.19791666666666666 0.9244791666666666 0.0390625 0.0390625
1 0.15625 0.9140625 0.06510416666666667 0.044270833333333336
1 0.7109375 0.20182291666666666 0.06770833333333333 0.0546875
1 0.65625 0.11979166666666667 0.07552083333333333 0.06510416666666667
1 0.3919270833333333 0.3138020833333333 0.06770833333333333 0.06770833333333333
1 0.80078125 0.453125 0.07552083333333333 0.06770833333333333
1 0.3229166666666667 0.3307291666666667 0.06770833333333333 0.052083333333333336
1 0.83984375 0.375 0.0625 0.09114583333333333
1 0.9127604166666666 0.3606770833333333 0.059895833333333336 0.057291666666666664
1 0.29296875 0.3776041666666667 0.041666666666666664 0.08072916666666667
1 0.9440104166666666 0.3216145833333333 0.0546875 0.1015625
1 0.5403645833333334 0.3958333333333333 0.0859375 0.08333333333333333
1 0.5911458333333334 0.2916666666666667 0.052083333333333336 0.08072916666666667
1 0.7604166666666666 0.2747395833333333 0.07552083333333333 0.08333333333333333
1 0.60546875 0.2421875 0.07291666666666667 0.046875
1 0.23958333333333334 0.3111979166666667 0.06510416666666667 0.057291666666666664
1 0.2786458333333333 0.3059895833333333 0.041666666666666664 0.049479166666666664
1 0.90234375 0.4830729166666667 0.0625 0.0859375
1 0.8372395833333334 0.8138020833333334 0.06510416666666667 0.0546875
1 0.9791666666666666 0.515625 0.041666666666666664 0.057291666666666664
1 0.3880208333333333 0.7513020833333334 0.07552083333333333 0.08854166666666667
1 0.76171875 0.6184895833333334 0.033854166666666664 0.059895833333333336
1 0.3502604166666667 0.7161458333333334 0.046875 0.08854166666666667
1 0.9479166666666666 0.4778645833333333 0.044270833333333336 0.059895833333333336
1 0.5859375 0.7799479166666666 0.057291666666666664 0.052083333333333336
1 0.7565104166666666 0.5651041666666666 0.07291666666666667 0.052083333333333336
1 0.41796875 0.7825520833333334 0.0546875 0.09375
1 0.24739583333333334 0.8151041666666666 0.046875 0.09635416666666667
1 0.22526041666666666 0.8984375 0.046875 0.078125
1 0.4830729166666667 0.98046875 0.049479166666666664 0.0390625
1 0.5286458333333334 0.3385416666666667 0.057291666666666664 0.09114583333333333
1 0.9557291666666666 0.19921875 0.07552083333333333 0.1015625
1 0.7486979166666666 0.19270833333333334 0.07552083333333333 0.078125
1 0.9114583333333334 0.30078125 0.049479166666666664 0.0703125
1 0.7161458333333334 0.0546875 0.052083333333333336 0.041666666666666664
1 0.56640625 0.059895833333333336 0.06770833333333333 0.11979166666666667
1 0.3372395833333333 0.25 0.052083333333333336 0.052083333333333336
1 0.8841145833333334 0.3372395833333333 0.049479166666666664 0.0859375
1 0.4309895833333333 0.3046875 0.059895833333333336 0.0859375
1 0.7473958333333334 0.3307291666666667 0.036458333333333336 0.0390625
1 0.24479166666666666 0.3463541666666667 0.09114583333333333 0.0703125
1 0.5690104166666666 0.9036458333333334 0.049479166666666664 0.08854166666666667
1 0.4127604166666667 0.6458333333333334 0.0546875 0.06510416666666667
1 0.3997395833333333 0.6875 0.109375 0.08072916666666667
1 0.46484375 0.75390625 0.049479166666666664 0.11197916666666667
1 0.3580729166666667 0.828125 0.0703125 0.0703125
1 0.7473958333333334 0.8802083333333334 0.059895833333333336 0.08072916666666667
1 0.95703125 0.56640625 0.06510416666666667 0.0546875
1 0.91015625 0.5638020833333334 0.057291666666666664 0.06770833333333333
1 0.7708333333333334 0.77734375 0.044270833333333336 0.041666666666666664
1 0.28125 0.5598958333333334 0.06510416666666667 0.044270833333333336
1 0.9596354166666666 0.6575520833333334 0.044270833333333336 0.07291666666666667
1 0.85546875 0.7317708333333334 0.0703125 0.057291666666666664
1 0.9713541666666666 0.5455729166666666 0.057291666666666664 0.044270833333333336
1 0.2747395833333333 0.8815104166666666 0.044270833333333336 0.08333333333333333
1 0.8138020833333334 0.85546875 0.044270833333333336 0.07291666666666667
1 0.7747395833333334 0.7057291666666666 0.046875 0.046875
1 0.21614583333333334 0.7877604166666666 0.049479166666666664 0.09375
1 0.6536458333333334 0.7994791666666666 0.0625 0.0703125
1 0.36328125 0.5026041666666666 0.09114583333333333 0.078125
1 0.3255208333333333 0.3997395833333333 0.057291666666666664 0.049479166666666664
1 0.5638020833333334 0.24739583333333334 0.0625 0.052083333333333336
1 0.7408854166666666 0.2552083333333333 0.0625 0.052083333333333336
1 0.94921875 0.24479166666666666 0.0546875 0.125
1 0.16796875 0.4114583333333333 0.057291666666666664 0.044270833333333336
1 0.5065104166666666 0.17447916666666666 0.0703125 0.08333333333333333
1 0.265625 0.4791666666666667 0.06770833333333333 0.0703125
1 0.30859375 0.2864583333333333 0.0390625 0.059895833333333336
1 0.6653645833333334 0.921875 0.044270833333333336 0.041666666666666664
1 0.08854166666666667 0.6471354166666666 0.09114583333333333 0.0546875
1 0.375 0.7330729166666666 0.049479166666666664 0.0703125
1 0.9505208333333334 0.7005208333333334 0.033854166666666664 0.033854166666666664
1 0.87890625 0.6380208333333334 0.06770833333333333 0.059895833333333336
1 0.53125 0.9583333333333334 0.046875 0.041666666666666664
1 0.9739583333333334 0.4921875 0.052083333333333336 0.08333333333333333
1 0.4453125 0.5364583333333334 0.049479166666666664 0.08333333333333333
1 0.50390625 0.7213541666666666 0.044270833333333336 0.07552083333333333
1 0.13802083333333334 0.8216145833333334 0.08072916666666667 0.08333333333333333
1 0.3515625 0.9518229166666666 0.041666666666666664 0.057291666666666664
1 0.6770833333333334 0.7239583333333334 0.07552083333333333 0.0546875
1 0.7408854166666666 0.3919270833333333 0.08072916666666667 0.09114583333333333
1 0.78125 0.3971354166666667 0.057291666666666664 0.09635416666666667
1 0.109375 0.37890625 0.0390625 0.0546875
1 0.2604166666666667 0.3984375 0.049479166666666664 0.08072916666666667
1 0.8984375 0.20442708333333334 0.033854166666666664 0.0625
1 0.3776041666666667 0.2955729166666667 0.057291666666666664 0.06770833333333333
1 0.87109375 0.2513020833333333 0.06510416666666667 0.052083333333333336
1 0.51953125 0.19401041666666666 0.06510416666666667 0.11458333333333333
1 0.4934895833333333 0.28125 0.041666666666666664 0.07552083333333333
1 0.9765625 0.265625 0.046875 0.109375
1 0.053385416666666664 0.3932291666666667 0.046875 0.059895833333333336
1 0.5546875 0.32421875 0.0390625 0.09635416666666667
1 0.3841145833333333 0.3645833333333333 0.0625 0.0625
1 0.3125 0.5052083333333334 0.057291666666666664 0.07552083333333333
1 0.8763020833333334 0.5533854166666666 0.057291666666666664 0.0546875
1 0.3098958333333333 0.7252604166666666 0.06510416666666667 0.0859375
1 0.66796875 0.546875 0.08333333333333333 0.06770833333333333
1 0.46484375 0.8515625 0.09114583333333333 0.07552083333333333
1 0.13411458333333334 0.7018229166666666 0.057291666666666664 0.10416666666666667
1 0.6875 0.9544270833333334 0.06770833333333333 0.09114583333333333
1 0.5950520833333334 0.9322916666666666 0.07552083333333333 0.11979166666666667
1 0.4947916666666667 0.6393229166666666 0.0625 0.0703125
1 0.3020833333333333 0.8841145833333334 0.057291666666666664 0.10677083333333333
1 0.6927083333333334 0.5143229166666666 0.07552083333333333 0.06510416666666667
1 0.7291666666666666 0.6979166666666666 0.078125 0.11458333333333333
1 0.3411458333333333 0.8984375 0.0546875 0.0546875
1 0.6796875 0.8606770833333334 0.09375 0.07291666666666667
1 0.3880208333333333 0.9309895833333334 0.059895833333333336 0.07552083333333333
1 0.6145833333333334 0.5924479166666666 0.0546875 0.109375
1 0.44921875 0.3229166666666667 0.0625 0.09895833333333333
1 0.9388020833333334 0.4205729166666667 0.0390625 0.07552083333333333
1 0.040364583333333336 0.3359375 0.036458333333333336 0.0390625
1 0.8515625 0.19270833333333334 0.07552083333333333 0.07291666666666667
1 0.6966145833333334 0.3893229166666667 0.08854166666666667 0.08854166666666667
1 0.43359375 0.4921875 0.06770833333333333 0.0546875
1 0.9088541666666666 0.4192708333333333 0.041666666666666664 0.078125
1 0.4752604166666667 0.484375 0.0546875 0.033854166666666664
1 0.19921875 0.3333333333333333 0.052083333333333336 0.08854166666666667
1 0.3528645833333333 0.22005208333333334 0.052083333333333336 0.078125
1 0.5403645833333334 0.09505208333333333 0.0546875 0.09375
1 0.8307291666666666 0.13932291666666666 0.059895833333333336 0.06770833333333333
1 0.76171875 0.08723958333333333 0.049479166666666664 0.07291666666666667
1 0.7669270833333334 0.11848958333333333 0.041666666666666664 0.052083333333333336
1 0.07682291666666667 0.3307291666666667 0.08072916666666667 0.06770833333333333
1 0.033854166666666664 0.4192708333333333 0.0625 0.041666666666666664
1 0.65234375 0.4778645833333333 0.049479166666666664 0.08072916666666667
1 0.47265625 0.6432291666666666 0.0859375 0.078125
1 0.04296875 0.44140625 0.046875 0.033854166666666664
1 0.84765625 0.8606770833333334 0.041666666666666664 0.059895833333333336
1 0.609375 0.5065104166666666 0.0703125 0.0859375
1 0.5013020833333334 0.7760416666666666 0.09114583333333333 0.08854166666666667
1 0.890625 0.8046875 0.07552083333333333 0.0703125
1 0.9361979166666666 0.515625 0.057291666666666664 0.057291666666666664
1 0.06770833333333333 0.8463541666666666 0.09635416666666667 0.078125
1 0.6901041666666666 0.3059895833333333 0.057291666666666664 0.052083333333333336
1 0.51171875 0.37890625 0.041666666666666664 0.0625
1 0.79296875 0.2903645833333333 0.057291666666666664 0.10416666666666667
1 0.3802083333333333 0.3463541666666667 0.0546875 0.0546875
1 0.7109375 0.13020833333333334 0.06510416666666667 0.10677083333333333
1 0.09244791666666667 0.4140625 0.049479166666666664 0.06770833333333333
1 0.69140625 0.2513020833333333 0.0703125 0.0625
1 0.97265625 0.4049479166666667 0.0546875 0.11197916666666667
1 0.6666666666666666 0.041666666666666664 0.028645833333333332 0.036458333333333336
1 0.4830729166666667 0.3346354166666667 0.059895833333333336 0.059895833333333336
1 0.7513020833333334 0.15104166666666666 0.057291666666666664 0.07291666666666667
1 0.3658854166666667 0.4036458333333333 0.052083333333333336 0.033854166666666664
1 0.8580729166666666 0.14192708333333334 0.07552083333333333 0.041666666666666664
1 0.3580729166666667 0.4270833333333333 0.049479166666666664 0.033854166666666664
1 0.5716145833333334 0.18098958333333334 0.046875 0.07552083333333333
1 0.765625 0.9388020833333334 0.036458333333333336 0.049479166666666664
1 0.7786458333333334 0.6770833333333334 0.041666666666666664 0.033854166666666664
1 0.69921875 0.5885416666666666 0.0625 0.09114583333333333
1 0.53125 0.69140625 0.06770833333333333 0.0390625
1 0.80078125 0.6640625 0.059895833333333336 0.046875
1 0.3385416666666667 0.5598958333333334 0.0390625 0.07291666666666667
1 0.4791666666666667 0.5364583333333334 0.046875 0.041666666666666664
1 0.4609375 0.9505208333333334 0.057291666666666664 0.09375
1 0.84765625 0.7565104166666666 0.06770833333333333 0.07552083333333333
1 0.7513020833333334 0.9830729166666666 0.06510416666666667 0.033854166666666664
1 0.8489583333333334 0.671875 0.059895833333333336 0.06510416666666667
1 0.28515625 0.5377604166666666 0.052083333333333336 0.0390625
1 0.37890625 0.8932291666666666 0.0625 0.08333333333333333
1 0.3372395833333333 0.84765625 0.046875 0.052083333333333336
1 0.109375 0.6197916666666666 0.0546875 0.07552083333333333
1 0.7213541666666666 0.4752604166666667 0.0703125 0.06510416666666667
1 0.4244791666666667 0.9010416666666666 0.07552083333333333 0.10416666666666667
1 0.3294270833333333 0.9296875 0.059895833333333336 0.059895833333333336
1 0.07942708333333333 0.734375 0.057291666666666664 0.109375
1 0.6888020833333334 0.16276041666666666 0.08072916666666667 0.059895833333333336
1 0.7200520833333334 0.32421875 0.046875 0.07291666666666667
1 0.83203125 0.3111979166666667 0.0625 0.06770833333333333
1 0.6002604166666666 0.11588541666666667 0.0546875 0.09895833333333333
1 0.6901041666666666 0.0625 0.044270833333333336 0.049479166666666664
1 0.78125 0.12760416666666666 0.036458333333333336 0.0703125
1 0.23828125 0.4388020833333333 0.049479166666666664 0.06770833333333333
1 0.2786458333333333 0.43359375 0.0390625 0.033854166666666664
1 0.5325520833333334 0.2786458333333333 0.0703125 0.059895833333333336
1 0.48046875 0.4401041666666667 0.059895833333333336 0.0859375
1 0.3919270833333333 0.4388020833333333 0.06510416666666667 0.0546875
1 0.80859375 0.19010416666666666 0.0703125 0.0625
1 0.4127604166666667 0.5247395833333334 0.0546875 0.041666666666666664
1 0.3151041666666667 0.5546875 0.046875 0.08072916666666667
1 0.6979166666666666 0.6692708333333334 0.078125 0.09895833333333333
1 0.359375 0.5963541666666666 0.0703125 0.08072916666666667
1 0.18098958333333334 0.5065104166666666 0.08072916666666667 0.046875
1 0.6002604166666666 0.8372395833333334 0.09375 0.09895833333333333
1 0.7369791666666666 0.6002604166666666 0.036458333333333336 0.0625
1 0.4075520833333333 0.9609375 0.059895833333333336 0.049479166666666664
1 0.17447916666666666 0.4817708333333333 0.06770833333333333 0.044270833333333336
1 0.15885416666666666 0.7044270833333334 0.0546875 0.1171875
1 0.4986979166666667 0.8255208333333334 0.06770833333333333 0.049479166666666664
1 0.9544270833333334 0.6028645833333334 0.06770833333333333 0.049479166666666664
1 0.9049479166666666 0.6796875 0.08072916666666667 0.0625
1 0.7291666666666666 0.9440104166666666 0.046875 0.078125