1 0.3880208333333333 0.41796875 0.028645833333333332 0.0546875
1 0.3828125 0.07552083333333333 0.033854166666666664 0.0390625
1 0.5065104166666666 0.2682291666666667 0.044270833333333336 0.046875
1 0.33203125 0.7044270833333334 0.028645833333333332 0.057291666666666664
1 0.4674479166666667 0.09895833333333333 0.036458333333333336 0.03125
1 0.29296875 0.3255208333333333 0.049479166666666664 0.057291666666666664
1 0.76171875 0.4596354166666667 0.044270833333333336 0.059895833333333336
1 0.47265625 0.2734375 0.046875 0.052083333333333336
1 0.59375 0.10026041666666667 0.046875 0.044270833333333336
1 0.4817708333333333 0.14583333333333334 0.036458333333333336 0.020833333333333332
1 0.4401041666666667 0.3971354166666667 0.03125 0.0546875
1 0.3736979166666667 0.546875 0.041666666666666664 0.041666666666666664