1 0.4921875 0.4375 0.059895833333333336 0.044270833333333336
1 0.4895833333333333 0.63671875 0.0390625 0.08333333333333333
1 0.4947916666666667 0.47265625 0.06770833333333333 0.044270833333333336
1 0.4205729166666667 0.5416666666666666 0.052083333333333336 0.049479166666666664
1 0.5286458333333334 0.4518229166666667 0.052083333333333336 0.0625
1 0.4453125 0.5377604166666666 0.0390625 0.06770833333333333
1 0.5598958333333334 0.4817708333333333 0.0390625 0.0625
1 0.4661458333333333 0.6614583333333334 0.0390625 0.09375
1 0.5963541666666666 0.55078125 0.041666666666666664 0.07552083333333333
1 0.4583333333333333 0.4895833333333333 0.052083333333333336 0.049479166666666664
1 0.4140625 0.4752604166666667 0.049479166666666664 0.07291666666666667
1 0.4322916666666667 0.3046875 0.03125 0.06510416666666667
1 0.5208333333333334 0.4166666666666667 0.046875 0.0390625
1 0.3828125 0.5325520833333334 0.0390625 0.057291666666666664
1 0.53515625 0.5729166666666666 0.044270833333333336 0.078125