1 0.6588541666666666 0.5729166666666666 0.0625 0.07291666666666667
1 0.6419270833333334 0.7408854166666666 0.0703125 0.052083333333333336
1 0.4010416666666667 0.7578125 0.049479166666666664 0.0390625
1 0.5247395833333334 0.58984375 0.08072916666666667 0.06770833333333333
1 0.5247395833333334 0.2513020833333333 0.0625 0.07552083333333333
1 0.5234375 0.4440104166666667 0.06770833333333333 0.07552083333333333
1 0.5859375 0.5950520833333334 0.052083333333333336 0.0625
1 0.5325520833333334 0.6588541666666666 0.08072916666666667 0.057291666666666664
1 0.6822916666666666 0.4752604166666667 0.07291666666666667 0.07552083333333333
1 0.5768229166666666 0.6380208333333334 0.059895833333333336 0.07291666666666667
1 0.3190104166666667 0.53515625 0.07291666666666667 0.052083333333333336
1 0.3046875 0.6028645833333334 0.046875 0.0625
1 0.7916666666666666 0.4752604166666667 0.046875 0.044270833333333336
1 0.6328125 0.6770833333333334 0.078125 0.057291666666666664
1 0.55859375 0.6640625 0.057291666666666664 0.046875
1 0.5078125 0.5299479166666666 0.06510416666666667 0.07552083333333333
1 0.2513020833333333 0.5807291666666666 0.08854166666666667 0.0546875
1 0.59765625 0.4518229166666667 0.057291666666666664 0.0625
1 0.7265625 0.5234375 0.08854166666666667 0.052083333333333336
1 0.6236979166666666 0.5768229166666666 0.059895833333333336 0.0703125
1 0.9010416666666666 0.6731770833333334 0.0625 0.0703125
1 0.2734375 0.7122395833333334 0.08072916666666667 0.0625
1 0.21223958333333334 0.6302083333333334 0.08333333333333333 0.057291666666666664
1 0.64453125 0.4921875 0.07291666666666667 0.06770833333333333
1 0.4427083333333333 0.69921875 0.059895833333333336 0.06510416666666667
1 0.3190104166666667 0.77734375 0.078125 0.049479166666666664
1 0.57421875 0.6901041666666666 0.0546875 0.059895833333333336
1 0.48046875 0.6796875 0.06770833333333333 0.06510416666666667
1 0.484375 0.625 0.0703125 0.049479166666666664
1 0.4622395833333333 0.5755208333333334 0.09375 0.06770833333333333
1 0.3450520833333333 0.6640625 0.07291666666666667 0.06770833333333333